# BLASTN 2.2.23+
# Query:  16 Coccidioides.immitis_43865
# Database: /home/rohinis/blastdb/blast_nt/nt
# Fields: query id, subject id, % identity, alignment length, mismatches, gap opens, q. start, q. end, s. start, s. end, evalue, bit score
# 100 hits found
16	gi|450860|gb|L27991.1|UNCI1RRG	96.76	339	1	10	1	339	31	359	5e-146	 526
16	gi|167304|gb|M55627.1|COIDA	96.76	339	1	10	1	339	69	397	5e-146	 526
16	gi|2588|emb|X58571.1|	96.76	339	1	10	1	339	31	359	5e-146	 526
16	gi|21732067|emb|AJ315172.1|	96.46	339	2	10	1	339	19	347	6e-145	 522
16	gi|21732244|emb|AJ315176.1|	96.44	337	2	10	3	339	24	350	7e-144	 518
16	gi|21732237|emb|AJ315167.1|	96.42	335	2	10	5	339	26	350	9e-143	 515
16	gi|148628062|gb|EF413624.1|	95.87	339	4	10	1	339	21	349	3e-142	 513
16	gi|21732243|emb|AJ315175.1|	95.60	341	3	11	1	339	19	349	4e-141	 509
16	gi|31871305|gb|AY177297.1|	95.59	340	4	11	1	339	6	335	5e-140	 506
16	gi|189419129|gb|EU710841.1|	95.28	339	6	10	1	339	1	329	2e-139	 504
16	gi|37901437|gb|AY222625.1|	95.28	339	6	10	1	339	27	355	2e-139	 504
16	gi|34581779|gb|AY304509.1|	95.28	339	6	10	1	339	19	347	2e-139	 504
16	gi|34581778|gb|AY304508.1|	95.28	339	6	10	1	339	19	347	2e-139	 504
16	gi|31871304|gb|AY177296.1|	95.28	339	6	10	1	339	18	346	2e-139	 504
16	gi|323371164|gb|GU733363.1|	94.99	339	7	10	1	339	46	374	7e-138	 499
16	gi|34581777|gb|AY304507.1|	95.77	331	4	10	9	339	4	324	7e-138	 499
16	gi|34581776|gb|AY304506.1|	95.77	331	4	10	9	339	26	346	7e-138	 499
16	gi|31790904|gb|AY124496.1|	94.99	339	7	10	1	339	14	342	7e-138	 499
16	gi|68445668|dbj|AB219232.1|	95.77	331	4	10	9	339	25	345	7e-138	 499
16	gi|68445667|dbj|AB219231.1|	96.60	324	1	10	16	339	1	314	7e-138	 499
16	gi|12751372|gb|AF320010.1|AF320010	94.99	339	7	10	1	339	31	359	7e-138	 499
16	gi|21732242|emb|AJ315173.1|	95.29	340	3	12	3	339	20	349	7e-138	 499
16	gi|1046286|gb|U29394.1|URU29394	95.77	331	4	10	9	339	25	345	7e-138	 499
16	gi|173895|gb|M63096.1|BLO18SRRNA	94.99	339	7	10	1	339	69	397	7e-138	 499
16	gi|166961|gb|M55624.1|BLODA	94.99	339	7	10	1	339	69	397	7e-138	 499
16	gi|58322|emb|X59420.1|	94.99	339	7	10	1	339	31	359	7e-138	 499
16	gi|5186|emb|X58570.1|	94.99	339	7	10	1	339	31	359	7e-138	 499
16	gi|323371167|gb|GU733366.1|	95.00	340	6	11	1	339	54	383	2e-137	 497
16	gi|21732236|emb|AJ315166.1|	95.00	340	6	11	1	339	22	351	2e-137	 497
16	gi|21732068|emb|AJ315174.1|	94.40	339	11	8	1	339	18	348	2e-137	 497
16	gi|1046283|gb|U29391.1|CSU29391	95.50	333	5	10	7	339	23	345	2e-137	 497
16	gi|317408568|gb|HQ393873.1|	94.69	339	8	10	1	339	23	351	8e-137	 495
16	gi|289064238|gb|GU370716.1|	94.69	339	8	10	1	339	32	360	8e-137	 495
16	gi|226815142|gb|FJ864683.1|	94.69	339	8	10	1	339	23	351	8e-137	 495
16	gi|226441657|gb|FJ840490.1|	94.69	339	8	10	1	339	71	399	8e-137	 495
16	gi|161702933|gb|EU278606.1|	94.69	339	8	10	1	339	42	370	8e-137	 495
16	gi|31790908|gb|AY124500.1|	94.69	339	8	10	1	339	14	342	8e-137	 495
16	gi|31790901|gb|AY124493.1|	94.69	339	8	10	1	339	11	339	8e-137	 495
16	gi|31790900|gb|AY124492.1|	94.69	339	8	10	1	339	18	346	8e-137	 495
16	gi|68445666|dbj|AB219230.1|	96.30	324	2	10	16	339	1	314	8e-137	 495
16	gi|2759|emb|X58572.1|	94.69	339	8	10	1	339	31	359	8e-137	 495
16	gi|47678946|dbj|AB179824.1|	94.69	339	8	10	1	339	66	394	8e-137	 495
16	gi|47678945|dbj|AB179823.1|	94.69	339	8	10	1	339	50	378	8e-137	 495
16	gi|25988449|gb|AF454071.1|	94.69	339	8	10	1	339	9	337	8e-137	 495
16	gi|25988448|gb|AF454070.1|	94.69	339	8	10	1	339	9	337	8e-137	 495
16	gi|12862448|dbj|AB002071.1|	94.69	339	8	10	1	339	50	378	8e-137	 495
16	gi|12862447|dbj|AB002070.1|	94.69	339	8	10	1	339	50	378	8e-137	 495
16	gi|21732238|emb|AJ315168.1|	94.96	337	7	10	3	339	22	348	8e-137	 495
16	gi|21732066|emb|AJ315165.1|	95.24	336	5	11	4	339	21	345	8e-137	 495
16	gi|2588676|dbj|AB008407.1|	94.69	339	8	10	1	339	31	359	8e-137	 495
16	gi|2588670|dbj|AB008401.1|	94.69	339	8	10	1	339	31	359	8e-137	 495
16	gi|709802|gb|U21299.1|NFU21299	94.69	339	8	10	1	339	19	347	8e-137	 495
16	gi|173756|gb|M60300.1|ASNRR5SS	94.69	339	8	10	1	339	69	397	8e-137	 495
16	gi|166499|gb|M55626.1|ASNDA	94.69	339	8	10	1	339	69	397	8e-137	 495
16	gi|1046285|gb|U29393.1|RFU29393	95.20	333	6	10	7	339	23	345	3e-136	 493
16	gi|1046284|gb|U29392.1|GPU29392	95.47	331	5	10	9	339	25	345	3e-136	 493
16	gi|6688944|emb|AJ131788.1|	94.43	341	7	11	1	339	26	356	1e-135	 491
16	gi|1736929|gb|U45442.1|OEU45442	94.43	341	7	11	1	339	35	365	1e-135	 491
16	gi|332650586|gb|JF824687.1|	94.40	339	9	10	1	339	6	334	4e-135	 489
16	gi|332650585|gb|JF824685.1|	94.40	339	9	10	1	339	1	329	4e-135	 489
16	gi|332650584|gb|JF824683.1|	94.40	339	9	10	1	339	17	345	4e-135	 489
16	gi|343407430|gb|JF416646.1|	94.40	339	9	10	1	339	1	329	4e-135	 489
16	gi|317408571|gb|HQ393876.1|	94.40	339	9	10	1	339	28	356	4e-135	 489
16	gi|309296934|gb|HM475189.1|	94.40	339	9	10	1	339	50	378	4e-135	 489
16	gi|308083500|gb|HM357886.1|	94.64	336	8	10	4	339	3	328	4e-135	 489
16	gi|301349281|gb|HM536621.1|	94.40	339	9	10	1	339	53	381	4e-135	 489
16	gi|299778267|gb|HM587247.1|	94.40	339	9	10	1	339	33	361	4e-135	 489
16	gi|297375544|gb|HM064501.1|	94.40	339	9	10	1	339	50	378	4e-135	 489
16	gi|294861518|gb|GU953210.1|	94.40	339	9	10	1	339	25	353	4e-135	 489
16	gi|240129364|gb|GQ169424.1|	94.64	336	8	10	4	339	9	334	4e-135	 489
16	gi|240129353|gb|GQ169413.1|	94.40	339	9	10	1	339	1	329	4e-135	 489
16	gi|222101885|gb|FJ608738.1|	94.40	339	9	10	1	339	19	347	4e-135	 489
16	gi|222101884|gb|FJ608737.1|	94.40	339	9	10	1	339	19	347	4e-135	 489
16	gi|189418978|gb|EU723495.1|	94.64	336	8	10	4	339	1	326	4e-135	 489
16	gi|175363622|gb|EU583496.1|	94.40	339	9	10	1	339	31	359	4e-135	 489
16	gi|165940562|gb|EU371048.1|	94.40	339	9	10	1	339	28	356	4e-135	 489
16	gi|110295242|gb|DQ667982.1|	94.40	339	9	10	1	339	50	378	4e-135	 489
16	gi|117653004|gb|EF060599.1|	94.40	339	9	10	1	339	36	364	4e-135	 489
16	gi|117066818|gb|EF033516.1|	94.40	339	9	10	1	339	71	399	4e-135	 489
16	gi|83775367|dbj|AP007173.1|	94.40	339	9	10	1	339	632	960	4e-135	 489
16	gi|83775258|dbj|AP007172.1|	94.40	339	9	10	1	339	336816	337144	4e-135	 489
16	gi|31790903|gb|AY124495.1|	94.40	339	9	10	1	339	11	339	4e-135	 489
16	gi|21780121|gb|AF516140.1|	94.40	339	9	10	1	339	67	395	4e-135	 489
16	gi|452094|gb|L28066.1|MBCRGED	94.40	339	9	10	1	339	31	359	4e-135	 489
16	gi|29126062|dbj|AB106338.1|	94.40	339	9	10	1	339	55	383	4e-135	 489
16	gi|12862456|dbj|AB002079.1|	94.40	339	9	10	1	339	50	378	4e-135	 489
16	gi|12862452|dbj|AB002075.1|	94.40	339	9	10	1	339	50	378	4e-135	 489
16	gi|12862445|dbj|AB002067.1|	94.40	339	9	10	1	339	50	378	4e-135	 489
16	gi|12751371|gb|AF320009.1|AF320009	94.40	339	9	10	1	339	31	359	4e-135	 489
16	gi|9367108|gb|AF227151.1|AF227151	94.40	339	9	10	1	339	39	367	4e-135	 489
16	gi|8469174|gb|AF241655.3|AF241655	94.40	339	9	10	1	339	31	359	4e-135	 489
16	gi|8164018|gb|AF238302.1|AF238302	94.40	339	9	10	1	339	50	378	4e-135	 489
16	gi|21732245|emb|AJ315177.1|	94.13	341	9	10	1	339	18	349	4e-135	 489
16	gi|21732241|emb|AJ315171.1|	95.17	331	6	10	9	339	26	346	4e-135	 489
16	gi|21732239|emb|AJ315169.1|	95.14	329	7	9	12	339	35	355	4e-135	 489
16	gi|6687106|emb|AJ131786.1|	94.13	341	9	10	1	339	28	359	4e-135	 489
16	gi|2588673|dbj|AB008404.1|	94.40	339	9	10	1	339	31	359	4e-135	 489
16	gi|2588667|dbj|AB008398.1|	94.40	339	9	10	1	339	31	359	4e-135	 489
16	gi|1046282|gb|U29390.1|CPU29390	95.17	331	6	10	9	339	25	345	4e-135	 489
16	gi|945416|dbj|D63701.1|	94.40	339	9	10	1	339	31	359	4e-135	 489
