# BLASTN 2.2.23+
# Query:  81 Candida.glabrata_608
# Database: /home/rohinis/blastdb/blast_nt/nt
# Fields: query id, subject id, % identity, alignment length, mismatches, gap opens, q. start, q. end, s. start, s. end, evalue, bit score
# 100 hits found
81	gi|311409213|gb|HQ219450.1|	99.67	303	1	0	1	303	30	332	6e-151	 542
81	gi|300862767|emb|FN659822.1|	98.68	303	4	0	1	303	47	349	4e-147	 529
81	gi|300862762|emb|FN659817.1|	98.68	303	4	0	1	303	47	349	4e-147	 529
81	gi|300862766|emb|FN659821.1|	98.35	303	5	0	1	303	47	349	2e-145	 524
81	gi|3894135|emb|AJ130853.1|	98.35	303	5	0	1	303	47	349	2e-145	 524
81	gi|330434666|gb|HM135099.1|	98.35	303	4	1	1	303	39	340	2e-144	 520
81	gi|330434665|gb|HM135098.1|	98.35	303	4	1	1	303	39	340	2e-144	 520
81	gi|330434661|gb|HM135094.1|	98.35	303	4	1	1	303	39	340	2e-144	 520
81	gi|300862765|emb|FN659820.1|	98.02	303	6	0	1	303	47	349	2e-144	 520
81	gi|300862764|emb|FN659819.1|	98.02	303	6	0	1	303	47	349	2e-144	 520
81	gi|300862753|emb|FN659808.1|	98.35	303	4	1	1	303	47	348	2e-144	 520
81	gi|300862752|emb|FN659807.1|	98.35	303	4	1	1	303	47	348	2e-144	 520
81	gi|218175459|gb|AY775566.2|	98.35	303	4	1	1	303	48	349	2e-144	 520
81	gi|148725145|emb|AM713191.1|	98.35	303	4	1	1	303	47	348	2e-144	 520
81	gi|148725144|emb|AM713190.1|	98.02	303	6	0	1	303	47	349	2e-144	 520
81	gi|300862768|emb|FN659823.1|	97.69	303	7	0	1	303	47	349	8e-143	 515
81	gi|300862763|emb|FN659818.1|	97.69	303	7	0	1	303	47	349	8e-143	 515
81	gi|283050846|gb|GU070871.1|	97.69	303	7	0	1	303	68	370	8e-143	 515
81	gi|283050844|gb|GU070869.1|	97.69	303	7	0	1	303	68	370	8e-143	 515
81	gi|283050842|gb|GU070867.1|	97.69	303	7	0	1	303	68	370	8e-143	 515
81	gi|14133597|gb|AF357144.1|AF357144	97.69	303	7	0	1	303	68	370	8e-143	 515
81	gi|300862770|emb|FN659825.1|	97.36	303	8	0	1	303	47	349	1e-141	 511
81	gi|300862769|emb|FN659824.1|	97.36	303	8	0	1	303	47	349	1e-141	 511
81	gi|300862761|emb|FN659816.1|	97.36	303	8	0	1	303	47	349	1e-141	 511
81	gi|300862760|emb|FN659815.1|	97.36	303	8	0	1	303	47	349	1e-141	 511
81	gi|300862759|emb|FN659814.1|	97.36	303	8	0	1	303	47	349	1e-141	 511
81	gi|300862758|emb|FN659813.1|	97.36	303	8	0	1	303	47	349	1e-141	 511
81	gi|300862757|emb|FN659812.1|	97.36	303	8	0	1	303	47	349	1e-141	 511
81	gi|300862756|emb|FN659811.1|	97.36	303	8	0	1	303	47	349	1e-141	 511
81	gi|300862755|emb|FN659810.1|	97.36	303	8	0	1	303	47	349	1e-141	 511
81	gi|300862754|emb|FN659809.1|	97.36	303	8	0	1	303	47	349	1e-141	 511
81	gi|283050834|gb|GU070859.1|	97.36	303	8	0	1	303	68	370	1e-141	 511
81	gi|72388795|gb|DQ136037.1|	97.36	303	8	0	1	303	48	350	1e-141	 511
81	gi|72388794|gb|DQ132978.1|	97.36	303	8	0	1	303	48	350	1e-141	 511
81	gi|148725143|emb|AM713189.1|	97.36	303	8	0	1	303	47	349	1e-141	 511
81	gi|14133599|gb|AF357145.1|AF357145	97.36	303	8	0	1	303	68	370	1e-141	 511
81	gi|13898850|gb|AF357913.1|AF357913	97.36	303	8	0	1	303	68	370	1e-141	 511
81	gi|145046472|gb|EF492142.1|	98.50	267	3	1	37	303	8	273	2e-126	 461
81	gi|190693087|gb|EU583991.1|	93.07	303	18	3	3	303	69	370	1e-120	 441
81	gi|148725141|emb|AM713187.1|	93.67	300	15	4	6	303	52	349	1e-120	 441
81	gi|148725140|emb|AM713186.1|	93.67	300	15	4	6	303	52	349	1e-120	 441
81	gi|148725138|emb|AM713184.1|	93.67	300	15	4	6	303	52	349	1e-120	 441
81	gi|74039374|gb|DQ168806.1|	93.07	303	18	3	3	303	50	351	1e-120	 441
81	gi|74039373|gb|DQ168805.1|	93.07	303	18	3	3	303	50	351	1e-120	 441
81	gi|148725139|emb|AM713185.1|	93.33	300	16	4	6	303	52	349	2e-119	 437
81	gi|148725137|emb|AM713183.1|	93.33	300	16	4	6	303	52	349	2e-119	 437
81	gi|148725136|emb|AM713182.1|	93.33	300	16	4	6	303	52	349	2e-119	 437
81	gi|155945|gb|M97909.1|BJA16SLRNA	93.33	300	16	4	6	303	73	370	2e-119	 437
81	gi|76556496|emb|AM087460.1|	93.13	291	17	3	15	303	1	290	1e-115	 425
81	gi|73476152|emb|AM072937.1|	93.13	291	17	3	15	303	1	290	1e-115	 425
81	gi|1439560|gb|U47620.1|EUU47620	91.86	307	19	5	1	303	70	374	1e-115	 425
81	gi|76556504|emb|AM087468.1|	93.10	290	17	3	16	303	3	291	4e-115	 423
81	gi|190693088|gb|EU583992.1|	91.42	303	22	3	3	303	70	370	5e-114	 419
81	gi|48994775|gb|AY630405.1|	92.98	299	14	7	8	303	75	369	5e-114	 419
81	gi|76057714|emb|AM084307.1|	93.03	287	17	3	19	303	1	286	2e-113	 417
81	gi|170293771|gb|EU379939.1|	90.43	303	14	5	3	303	49	338	3e-110	 407
81	gi|619598|gb|L31517.1|GRBRGSSA	92.36	288	15	5	18	303	63	345	1e-109	 405
81	gi|268633267|gb|FJ868179.1|	90.10	303	15	5	3	303	70	359	4e-109	 403
81	gi|144225671|emb|AM295496.1|	90.10	303	15	5	3	303	50	339	4e-109	 403
81	gi|151936665|gb|EF688408.1|	90.55	307	23	6	1	303	68	372	1e-108	 401
81	gi|268633266|gb|FJ868178.1|	89.44	303	17	4	3	303	70	359	2e-107	 398
81	gi|76057724|emb|AM084317.1|	91.64	287	17	5	19	303	1	282	2e-106	 394
81	gi|76057723|emb|AM084316.1|	91.64	287	17	5	19	303	1	282	2e-106	 394
81	gi|290581684|gb|FJ998021.1|	89.11	303	18	5	3	303	70	359	8e-105	 389
81	gi|144225670|emb|AM295495.1|	88.49	304	19	5	3	303	50	340	3e-103	 383
81	gi|154721677|gb|EF526862.1|	88.46	312	24	7	3	303	71	381	4e-102	 379
81	gi|154721676|gb|EF526861.1|	88.46	312	24	7	3	303	71	381	4e-102	 379
81	gi|154721586|gb|EF526771.1|	88.46	312	24	7	3	303	71	381	4e-102	 379
81	gi|154721583|gb|EF526768.1|	88.46	312	24	7	3	303	71	381	4e-102	 379
81	gi|154721582|gb|EF526767.1|	88.46	312	24	7	3	303	71	381	4e-102	 379
81	gi|73533446|gb|DQ103849.1|	88.46	312	24	7	3	303	71	381	4e-102	 379
81	gi|42661531|emb|AJ537427.1|	88.46	312	24	7	3	303	50	360	4e-102	 379
81	gi|110832078|gb|DQ822483.1|	88.12	303	19	5	3	303	70	357	1e-101	 378
81	gi|154721594|gb|EF526779.1|	88.14	312	25	7	3	303	70	380	5e-101	 376
81	gi|110832077|gb|DQ822482.1|	88.12	303	20	5	3	303	70	358	5e-101	 376
81	gi|73533447|gb|DQ103850.1|	88.14	312	25	7	3	303	71	381	5e-101	 376
81	gi|225548481|gb|FJ765378.1|	87.75	302	21	4	3	303	70	356	2e-100	 374
81	gi|154721669|gb|EF526854.1|	87.82	312	26	7	3	303	62	372	2e-99	 370
81	gi|154721589|gb|EF526774.1|	87.82	312	26	7	3	303	71	381	2e-99	 370
81	gi|91093695|gb|DQ445605.1|	87.46	303	23	4	3	303	70	359	2e-99	 370
81	gi|290581690|gb|FJ998027.1|	88.06	310	24	8	3	303	70	375	7e-99	 369
81	gi|194396412|gb|EU646968.1|	87.70	309	27	6	3	303	56	361	7e-99	 369
81	gi|194396427|gb|EU646983.1|	87.70	309	27	6	3	303	56	361	7e-99	 369
81	gi|133919086|emb|AM398201.1|	88.06	310	24	8	3	303	49	354	7e-99	 369
81	gi|133919084|emb|AM398199.1|	87.70	309	27	6	3	303	49	354	7e-99	 369
81	gi|623571|gb|L31518.1|SUYRGSSA	88.06	310	24	8	3	303	50	355	7e-99	 369
81	gi|269993628|dbj|AB505481.1|	88.54	288	18	4	18	303	4	278	3e-98	 367
81	gi|190693086|gb|EU583990.1|	88.33	300	30	5	6	303	72	368	9e-98	 365
81	gi|148725142|emb|AM713188.1|	87.09	302	23	4	3	303	49	335	9e-98	 365
81	gi|56237588|emb|AJ862410.1|	87.09	302	23	4	3	303	2	288	9e-98	 365
81	gi|56237571|emb|AJ862392.1|	87.09	302	23	4	3	303	1	287	9e-98	 365
81	gi|190693089|gb|EU583993.1|	87.18	312	28	7	3	303	70	380	1e-96	 361
81	gi|76057734|emb|AM084327.1|	89.75	283	22	7	27	303	9	290	1e-95	 358
81	gi|154721560|gb|EF526745.1|	88.18	296	23	7	19	303	6	300	5e-95	 356
81	gi|133919085|emb|AM398200.1|	86.73	309	30	6	3	303	49	354	5e-95	 356
81	gi|73533435|gb|DQ103838.1|	88.18	296	23	7	19	303	6	300	5e-95	 356
81	gi|79014072|gb|DQ248179.1|	88.18	296	23	7	19	303	5	299	5e-95	 356
81	gi|154721568|gb|EF526753.1|	87.84	296	24	7	19	303	6	300	2e-93	 351
81	gi|154721565|gb|EF526750.1|	87.89	289	23	7	26	303	1	288	3e-91	 343
81	gi|1480383|emb|X65152.1|	87.00	300	31	7	6	303	72	365	3e-91	 343