# BLASTN 2.2.23+
# Query:  66 Human.Sill_3574
# Database: /home/rohinis/blastdb/blast_nt/nt
# Fields: query id, subject id, % identity, alignment length, mismatches, gap opens, q. start, q. end, s. start, s. end, evalue, bit score
# 100 hits found
66	gi|259906222|gb|GQ844525.1|	99.39	328	2	0	1	328	65	392	2e-163	 583
66	gi|311409195|gb|HQ219432.1|	98.78	328	4	0	1	328	31	358	1e-160	 574
66	gi|311409183|gb|HQ219420.1|	98.78	328	4	0	1	328	31	358	1e-160	 574
66	gi|311409153|gb|HQ219390.1|	98.78	328	4	0	1	328	31	358	1e-160	 574
66	gi|311409132|gb|HQ219369.1|	98.78	328	4	0	1	328	31	358	1e-160	 574
66	gi|311409128|gb|HQ219365.1|	98.78	328	4	0	1	328	31	358	1e-160	 574
66	gi|311409098|gb|HQ219335.1|	98.78	328	4	0	1	328	31	358	1e-160	 574
66	gi|213058379|gb|FJ410536.1|	98.78	328	4	0	1	328	29	356	1e-160	 574
66	gi|194396393|gb|EU646949.1|	98.78	328	4	0	1	328	55	382	1e-160	 574
66	gi|194396372|gb|EU646928.1|	98.78	328	4	0	1	328	55	382	1e-160	 574
66	gi|194396351|gb|EU646907.1|	98.78	328	4	0	1	328	55	382	1e-160	 574
66	gi|194396362|gb|EU646918.1|	98.78	328	4	0	1	328	55	382	1e-160	 574
66	gi|149391582|emb|AM709511.1|	98.78	328	4	0	1	328	12	339	1e-160	 574
66	gi|82470197|gb|DQ244040.1|	98.78	328	4	0	1	328	66	393	1e-160	 574
66	gi|82470181|gb|DQ244024.1|	98.78	328	4	0	1	328	66	393	1e-160	 574
66	gi|253683157|emb|FN429124.1|	98.78	329	3	1	1	328	48	376	4e-160	 572
66	gi|213058429|gb|FJ410586.1|	98.78	329	3	1	1	328	24	352	4e-160	 572
66	gi|213058371|gb|FJ410528.1|	98.78	329	3	1	1	328	23	351	4e-160	 572
66	gi|56237630|emb|AJ862454.1|	98.78	329	3	1	1	328	23	351	4e-160	 572
66	gi|56237620|emb|AJ862444.1|	98.78	329	3	1	1	328	23	351	4e-160	 572
66	gi|343480409|gb|JF730840.1|	98.48	328	5	0	1	328	23	350	4e-159	 569
66	gi|333601534|gb|JF829182.1|	98.48	328	5	0	1	328	33	360	4e-159	 569
66	gi|311409140|gb|HQ219377.1|	98.48	328	5	0	1	328	31	358	4e-159	 569
66	gi|299789659|gb|GU067995.1|	98.48	328	5	0	1	328	68	395	4e-159	 569
66	gi|225548498|gb|FJ765395.1|	98.48	328	5	0	1	328	69	396	4e-159	 569
66	gi|194396423|gb|EU646979.1|	98.48	328	5	0	1	328	55	382	4e-159	 569
66	gi|194396398|gb|EU646954.1|	98.48	328	5	0	1	328	55	382	4e-159	 569
66	gi|194396391|gb|EU646947.1|	98.48	328	5	0	1	328	55	382	4e-159	 569
66	gi|194396359|gb|EU646915.1|	98.48	328	5	0	1	328	55	382	4e-159	 569
66	gi|157781035|gb|EU143859.1|	98.48	328	5	0	1	328	69	396	4e-159	 569
66	gi|299789629|gb|GU067965.1|	98.48	329	4	1	1	328	68	396	2e-158	 567
66	gi|259906160|gb|GQ844463.1|	98.48	329	4	1	1	328	66	394	2e-158	 567
66	gi|259906099|gb|GQ844402.1|	98.48	329	4	1	1	328	66	394	2e-158	 567
66	gi|213058364|gb|FJ410521.1|	98.48	329	4	1	1	328	28	356	2e-158	 567
66	gi|13162626|gb|AY007443.1|	98.48	329	4	1	1	328	20	348	2e-158	 567
66	gi|13162624|gb|AY007441.1|	98.48	329	4	1	1	328	49	377	2e-158	 567
66	gi|11066001|gb|AF194410.1|AF194410	98.48	329	4	1	1	328	69	397	2e-158	 567
66	gi|343480381|gb|JF730812.1|	98.48	328	4	1	1	328	24	350	5e-158	 565
66	gi|311409228|gb|HQ219465.1|	98.17	328	6	0	1	328	31	358	5e-158	 565
66	gi|311409159|gb|HQ219396.1|	98.17	328	6	0	1	328	31	358	5e-158	 565
66	gi|311409124|gb|HQ219361.1|	98.17	328	6	0	1	328	31	358	5e-158	 565
66	gi|311409119|gb|HQ219356.1|	98.17	328	6	0	1	328	31	358	5e-158	 565
66	gi|311409103|gb|HQ219340.1|	98.17	328	6	0	1	328	31	358	5e-158	 565
66	gi|259906197|gb|GQ844500.1|	98.17	328	6	0	1	328	66	393	5e-158	 565
66	gi|259906203|gb|GQ844506.1|	98.17	328	6	0	1	328	66	393	5e-158	 565
66	gi|259906218|gb|GQ844521.1|	98.17	328	6	0	1	328	66	393	5e-158	 565
66	gi|138754375|emb|AM412773.1|	98.48	330	3	2	1	328	48	377	5e-158	 565
66	gi|311409216|gb|HQ219453.1|	98.18	329	5	1	1	328	31	359	2e-157	 563
66	gi|259906125|gb|GQ844428.1|	98.18	329	5	1	1	328	66	394	2e-157	 563
66	gi|213058467|gb|FJ410624.1|	98.18	329	5	1	1	328	22	350	2e-157	 563
66	gi|166084323|gb|EF024846.1|	98.18	329	5	1	1	328	66	394	2e-157	 563
66	gi|166084365|gb|EF024888.1|	98.18	329	5	1	1	328	66	394	2e-157	 563
66	gi|166084110|gb|EF024633.1|	98.18	329	5	1	1	328	66	394	2e-157	 563
66	gi|157781043|gb|EU143867.1|	98.18	329	5	1	1	328	69	397	2e-157	 563
66	gi|20799881|gb|AY083001.1|	98.18	329	5	1	1	328	69	397	2e-157	 563
66	gi|13162627|gb|AY007444.1|	98.18	329	5	1	1	328	20	348	2e-157	 563
66	gi|21780013|gb|AF508759.1|	98.18	330	4	2	1	328	69	398	7e-157	 562
66	gi|5566339|gb|AF164137.1|AF164137	98.18	330	4	2	1	328	69	398	7e-157	 562
66	gi|330434624|gb|HM135057.1|	97.87	328	7	0	1	328	39	366	2e-156	 560
66	gi|311409219|gb|HQ219456.1|	97.87	328	7	0	1	328	31	358	2e-156	 560
66	gi|311409187|gb|HQ219424.1|	97.87	328	7	0	1	328	31	358	2e-156	 560
66	gi|293337724|gb|GU474390.1|	97.87	328	7	0	1	328	48	375	2e-156	 560
66	gi|259906276|gb|GQ844579.1|	97.87	328	7	0	1	328	66	393	2e-156	 560
66	gi|253683156|emb|FN429123.1|	97.87	328	7	0	1	328	48	375	2e-156	 560
66	gi|47498271|gb|AY547545.1|	97.87	328	7	0	1	328	70	397	2e-156	 560
66	gi|82470196|gb|DQ244039.1|	97.87	328	7	0	1	328	66	393	2e-156	 560
66	gi|82470187|gb|DQ244030.1|	97.87	328	7	0	1	328	66	393	2e-156	 560
66	gi|82470180|gb|DQ244023.1|	97.87	328	7	0	1	328	66	393	2e-156	 560
66	gi|13162625|gb|AY007442.1|	97.87	329	6	1	1	328	48	376	2e-156	 560
66	gi|337732516|gb|HQ699895.1|	97.87	329	6	1	1	328	69	397	8e-156	 558
66	gi|327506636|gb|HQ910379.1|	97.87	329	6	1	1	328	66	394	8e-156	 558
66	gi|327506634|gb|HQ910377.1|	97.87	329	6	1	1	328	67	395	8e-156	 558
66	gi|259906146|gb|GQ844449.1|	97.87	329	6	1	1	328	66	394	8e-156	 558
66	gi|197097233|dbj|AB385855.1|	97.87	329	6	1	1	328	12	340	8e-156	 558
66	gi|159137410|gb|EU079472.1|	97.87	329	6	1	1	328	63	391	8e-156	 558
66	gi|193788193|dbj|AB376944.1|	97.87	329	6	1	1	328	12	340	8e-156	 558
66	gi|168258922|gb|EU446357.1|	97.87	329	6	1	1	328	23	351	8e-156	 558
66	gi|166084355|gb|EF024878.1|	97.87	329	6	1	1	328	66	394	8e-156	 558
66	gi|166084208|gb|EF024731.1|	97.87	329	6	1	1	328	66	394	8e-156	 558
66	gi|166084179|gb|EF024702.1|	97.87	329	6	1	1	328	66	394	8e-156	 558
66	gi|166083675|gb|EF024198.1|	97.87	329	6	1	1	328	66	394	8e-156	 558
66	gi|166083792|gb|EF024315.1|	97.87	329	6	1	1	328	66	394	8e-156	 558
66	gi|138754376|emb|AM412774.1|	97.87	329	6	1	1	328	48	376	8e-156	 558
66	gi|60476919|gb|AY919715.1|	97.87	329	6	1	1	328	48	376	8e-156	 558
66	gi|343055317|gb|JF275832.1|	97.56	328	8	0	1	328	32	359	3e-155	 556
66	gi|330434622|gb|HM135055.1|	97.56	328	8	0	1	328	39	366	3e-155	 556
66	gi|259906112|gb|GQ844415.1|	97.56	328	8	0	1	328	66	393	3e-155	 556
66	gi|213058542|gb|FJ410699.1|	97.87	328	6	1	1	327	31	358	3e-155	 556
66	gi|193788142|dbj|AB376894.1|	97.56	328	8	0	1	328	12	339	3e-155	 556
66	gi|21780027|gb|AF508769.1|	97.56	328	8	0	1	328	69	396	3e-155	 556
66	gi|21780018|gb|AF508763.1|	97.56	328	8	0	1	328	69	396	3e-155	 556
66	gi|21780009|gb|AF508757.1|	97.56	328	8	0	1	328	69	396	3e-155	 556
66	gi|82470193|gb|DQ244036.1|	97.56	328	8	0	1	328	66	393	3e-155	 556
66	gi|82470189|gb|DQ244032.1|	97.56	328	8	0	1	328	66	393	3e-155	 556
66	gi|5566336|gb|AF164134.1|AF164134	97.56	328	8	0	1	328	69	396	3e-155	 556
66	gi|5566326|gb|AF164125.1|AF164125	97.56	328	8	0	1	328	69	396	3e-155	 556
66	gi|299929310|gb|HM141969.1|	97.57	329	7	1	1	328	63	391	1e-154	 554
66	gi|138754361|emb|AM412766.1|	97.57	329	7	1	1	328	48	376	1e-154	 554
66	gi|134022652|gb|EF024002.1|	97.57	329	7	1	1	328	66	394	1e-154	 554
66	gi|134021762|gb|EF023112.1|	97.57	329	7	1	1	328	66	394	1e-154	 554