# BLASTN 2.2.23+
# Query:  0 E7_168192
# Database: nt
# Fields: query id, subject id, % identity, alignment length, mismatches, gap opens, q. start, q. end, s. start, s. end, evalue, bit score
# 100 hits found
0	gi|259100874|gb|GQ513762.1|	98.74	159	1	1	407	564	1	159	3e-72	 281
0	gi|259098555|gb|GQ520853.1|	98.74	159	1	1	407	564	1	159	3e-72	 281
0	gi|259098210|gb|GQ520508.1|	98.11	159	2	1	407	564	1	159	1e-70	 276
0	gi|259092808|gb|GQ524514.1|	98.11	159	1	2	407	564	1	158	1e-70	 276
0	gi|259107208|gb|GQ510686.1|	98.68	152	1	1	414	564	1	152	2e-68	 268
0	gi|259103360|gb|GQ516248.1|	98.68	152	1	1	414	564	1	152	2e-68	 268
0	gi|259101730|gb|GQ514618.1|	98.68	152	1	1	414	564	1	152	2e-68	 268
0	gi|259093119|gb|GQ524825.1|	98.68	152	1	1	414	564	1	152	2e-68	 268
0	gi|259100068|gb|GQ522366.1|	98.67	150	1	1	416	564	1	150	3e-67	 265
0	gi|259099709|gb|GQ522007.1|	98.04	153	1	2	414	564	1	153	3e-67	 265
0	gi|259099396|gb|GQ521694.1|	98.67	150	1	1	416	564	1	150	3e-67	 265
0	gi|259095728|gb|GQ518026.1|	98.67	150	1	1	416	564	1	150	3e-67	 265
0	gi|259095383|gb|GQ517681.1|	98.04	153	1	2	414	564	1	153	3e-67	 265
0	gi|259095184|gb|GQ526890.1|	98.67	150	0	2	416	564	1	149	3e-67	 265
0	gi|259091688|gb|GQ523394.1|	98.67	150	1	1	416	564	1	150	3e-67	 265
0	gi|224974980|gb|FJ762526.1|	98.67	150	1	1	416	564	1	150	3e-67	 265
0	gi|224973501|gb|FJ761047.1|	98.67	150	1	1	416	564	1	150	3e-67	 265
0	gi|224972874|gb|FJ760420.1|	98.67	150	1	1	416	564	1	150	3e-67	 265
0	gi|259102683|gb|GQ515571.1|	98.03	152	2	1	414	564	1	152	1e-66	 263
0	gi|259097099|gb|GQ519397.1|	98.03	152	2	1	414	564	1	152	1e-66	 263
0	gi|259095228|gb|GQ526934.1|	98.03	152	1	2	414	564	1	151	1e-66	 263
0	gi|259091031|gb|GQ522737.1|	98.03	152	2	1	414	564	1	152	1e-66	 263
0	gi|259105518|gb|GQ508996.1|	98.65	148	1	1	418	564	1	148	4e-66	 261
0	gi|259103418|gb|GQ516306.1|	98.65	148	1	1	418	564	1	148	4e-66	 261
0	gi|259102926|gb|GQ515814.1|	98.65	148	1	1	418	564	1	148	4e-66	 261
0	gi|259102428|gb|GQ515316.1|	98.65	148	1	1	418	564	1	148	4e-66	 261
0	gi|259102157|gb|GQ515045.1|	98.01	151	1	2	416	564	1	151	4e-66	 261
0	gi|259098998|gb|GQ521296.1|	98.65	148	1	1	418	564	1	148	4e-66	 261
0	gi|259096654|gb|GQ518952.1|	98.65	148	1	1	418	564	1	148	4e-66	 261
0	gi|259095103|gb|GQ526809.1|	98.01	151	1	2	416	564	1	151	4e-66	 261
0	gi|259093595|gb|GQ525301.1|	98.65	148	1	1	418	564	1	148	4e-66	 261
0	gi|259093221|gb|GQ524927.1|	98.03	152	0	3	414	564	1	150	4e-66	 261
0	gi|259093202|gb|GQ524908.1|	98.01	151	1	2	416	564	1	151	4e-66	 261
0	gi|224971543|gb|FJ759089.1|	98.01	151	1	2	416	564	1	151	4e-66	 261
0	gi|224970548|gb|FJ758094.1|	98.65	148	1	1	418	564	1	148	4e-66	 261
0	gi|259107775|gb|GQ511253.1|	96.23	159	4	2	407	564	1	158	1e-65	 259
0	gi|259105217|gb|GQ508695.1|	98.01	151	0	3	416	564	1	150	1e-65	 259
0	gi|259099361|gb|GQ521659.1|	98.01	151	0	3	416	564	1	150	1e-65	 259
0	gi|259098244|gb|GQ520542.1|	98.00	150	2	1	416	564	1	150	1e-65	 259
0	gi|259096055|gb|GQ518353.1|	98.00	150	2	1	416	564	1	150	1e-65	 259
0	gi|259094795|gb|GQ526501.1|	98.00	150	2	1	416	564	1	150	1e-65	 259
0	gi|259094229|gb|GQ525935.1|	98.01	151	0	3	416	564	1	150	1e-65	 259
0	gi|224972581|gb|FJ760127.1|	98.00	150	2	1	416	564	1	150	1e-65	 259
0	gi|259109123|gb|GQ512601.1|	96.23	159	3	3	407	564	1	157	5e-65	 257
0	gi|259106871|gb|GQ510349.1|	97.99	149	2	1	416	563	1	149	5e-65	 257
0	gi|259103572|gb|GQ516460.1|	97.39	153	1	3	414	564	1	152	5e-65	 257
0	gi|224975305|gb|FJ762851.1|	96.23	159	3	3	407	564	1	157	5e-65	 257
0	gi|224973438|gb|FJ760984.1|	97.99	149	1	2	418	564	1	149	5e-65	 257
0	gi|224969709|gb|FJ757255.1|	97.99	149	1	2	418	564	1	149	5e-65	 257
0	gi|259107366|gb|GQ510844.1|	97.99	149	0	3	418	564	1	148	2e-64	 255
0	gi|259105125|gb|GQ508603.1|	97.35	151	2	2	416	564	1	151	2e-64	 255
0	gi|259102356|gb|GQ515244.1|	97.97	148	2	1	418	564	1	148	2e-64	 255
0	gi|259101535|gb|GQ514423.1|	97.97	148	2	1	418	564	1	148	2e-64	 255
0	gi|259098909|gb|GQ521207.1|	97.97	148	2	1	418	564	1	148	2e-64	 255
0	gi|259097466|gb|GQ519764.1|	97.97	148	2	1	418	564	1	148	2e-64	 255
0	gi|259096088|gb|GQ518386.1|	97.35	151	2	2	416	564	1	151	2e-64	 255
0	gi|259095640|gb|GQ517938.1|	97.97	148	2	1	418	564	1	148	2e-64	 255
0	gi|259093969|gb|GQ525675.1|	97.35	151	2	2	416	564	1	151	2e-64	 255
0	gi|259092902|gb|GQ524608.1|	97.35	151	2	2	416	564	1	151	2e-64	 255
0	gi|259092291|gb|GQ523997.1|	98.62	145	1	1	418	561	1	145	2e-64	 255
0	gi|259091328|gb|GQ523034.1|	97.37	152	0	4	416	564	1	151	2e-64	 255
0	gi|259091287|gb|GQ522993.1|	97.37	152	1	3	414	564	1	150	2e-64	 255
0	gi|259091017|gb|GQ522723.1|	97.97	148	2	1	418	564	1	148	2e-64	 255
0	gi|224975338|gb|FJ762884.1|	97.97	148	2	1	418	564	1	148	2e-64	 255
0	gi|224974681|gb|FJ762227.1|	97.35	151	2	2	416	564	1	151	2e-64	 255
0	gi|224972146|gb|FJ759692.1|	97.97	148	1	2	416	561	1	148	2e-64	 255
0	gi|259108831|gb|GQ512309.1|	97.33	150	3	1	416	564	1	150	6e-64	 254
0	gi|259108238|gb|GQ511716.1|	97.35	151	1	3	416	564	1	150	6e-64	 254
0	gi|259106672|gb|GQ510150.1|	98.61	144	1	1	422	564	1	144	6e-64	 254
0	gi|259104585|gb|GQ517473.1|	95.62	160	4	3	407	564	1	159	6e-64	 254
0	gi|259104291|gb|GQ517179.1|	97.35	151	1	3	416	564	1	150	6e-64	 254
0	gi|259091711|gb|GQ523417.1|	98.61	144	1	1	422	564	1	144	6e-64	 254
0	gi|259091251|gb|GQ522957.1|	97.35	151	1	3	416	564	1	150	6e-64	 254
0	gi|259090701|gb|GQ522407.1|	98.61	144	1	1	422	564	1	144	6e-64	 254
0	gi|224972652|gb|FJ760198.1|	95.62	160	3	4	407	564	1	158	6e-64	 254
0	gi|259100034|gb|GQ522332.1|	97.33	150	0	4	416	564	1	147	2e-63	 252
0	gi|259102764|gb|GQ515652.1|	97.32	149	1	3	418	564	1	148	8e-63	 250
0	gi|259097351|gb|GQ519649.1|	97.32	149	1	3	418	564	1	148	8e-63	 250
0	gi|259092097|gb|GQ523803.1|	97.32	149	1	3	418	564	1	148	8e-63	 250
0	gi|224974405|gb|FJ761951.1|	97.95	146	0	3	421	564	1	145	8e-63	 250
0	gi|259106881|gb|GQ510359.1|	97.92	144	2	1	422	564	1	144	3e-62	 248
0	gi|259105216|gb|GQ508694.1|	97.93	145	0	3	422	564	1	144	3e-62	 248
0	gi|259104038|gb|GQ516926.1|	97.93	145	0	3	422	564	1	144	3e-62	 248
0	gi|259100513|gb|GQ513401.1|	97.92	144	2	1	422	564	1	144	3e-62	 248
0	gi|259099592|gb|GQ521890.1|	97.92	144	2	1	422	564	1	144	3e-62	 248
0	gi|259098331|gb|GQ520629.1|	97.92	144	2	1	422	564	1	144	3e-62	 248
0	gi|259096861|gb|GQ519159.1|	97.92	144	2	1	422	564	1	144	3e-62	 248
0	gi|259095657|gb|GQ517955.1|	97.92	144	2	1	422	564	1	144	3e-62	 248
0	gi|259094702|gb|GQ526408.1|	97.93	145	0	3	422	564	1	144	3e-62	 248
0	gi|259094418|gb|GQ526124.1|	96.67	150	4	1	416	564	1	150	3e-62	 248
0	gi|259093937|gb|GQ525643.1|	96.08	153	4	2	414	564	1	153	3e-62	 248
0	gi|224969979|gb|FJ757525.1|	97.93	145	0	3	422	564	1	144	3e-62	 248
0	gi|224970233|gb|FJ757779.1|	96.05	152	4	2	414	564	1	151	1e-61	 246
0	gi|259108283|gb|GQ511761.1|	97.89	142	2	1	422	562	1	142	4e-61	 244
0	gi|259108042|gb|GQ511520.1|	96.64	149	1	4	418	564	1	147	4e-61	 244
0	gi|259105637|gb|GQ509115.1|	96.05	152	3	3	414	564	1	150	4e-61	 244
0	gi|259102962|gb|GQ515850.1|	96.64	149	2	3	418	564	1	148	4e-61	 244
0	gi|259102127|gb|GQ515015.1|	96.05	152	3	3	416	564	1	152	4e-61	 244
0	gi|259091195|gb|GQ522901.1|	97.26	146	0	4	422	564	1	145	4e-61	 244
0	gi|259108953|gb|GQ512431.1|	96.00	150	4	2	416	564	1	149	1e-60	 243
# BLASTN 2.2.23+
# Query:  1 H3_58902
# Database: nt
# Fields: query id, subject id, % identity, alignment length, mismatches, gap opens, q. start, q. end, s. start, s. end, evalue, bit score
# 155 hits found
1	gi|291498468|gb|GU566280.1|	86.11	576	30	34	1	554	23	570	1e-160	 575
1	gi|6010613|gb|AF178526.1|AF178526	85.66	537	42	30	41	554	3	527	7e-148	 532
1	gi|6010603|gb|AF178516.1|AF178516	85.39	534	41	29	46	554	8	529	5e-144	 520
1	gi|6010614|gb|AF178527.1|AF178527	84.77	532	43	30	46	554	8	524	2e-138	 501
1	gi|291587179|gb|GU092939.1|	84.70	536	35	34	40	554	4	513	1e-135	 492
1	gi|291587178|gb|GU092938.1|	84.70	536	35	34	40	554	4	513	1e-135	 492
1	gi|6010604|gb|AF178517.1|AF178517	84.08	534	47	31	46	554	9	529	1e-135	 492
1	gi|257043985|gb|GQ414523.1|	82.99	535	49	32	41	553	129	643	9e-122	 446
1	gi|227440450|gb|FJ362323.1|	83.52	522	39	34	45	553	30	517	3e-121	 444
1	gi|122888932|gb|EF211128.1|	82.34	572	39	42	1	553	2049	2577	4e-120	 440
1	gi|122888932|gb|EF211128.1|	76.74	129	11	16	287	411	1310	1423	6e-04	54.7
1	gi|6118124|gb|AF179226.1|AF179226	84.52	465	40	25	41	484	3	456	2e-118	 435
1	gi|47174895|gb|AY533701.1|	82.48	525	51	31	51	553	1	506	4e-115	 424
1	gi|47174894|gb|AY533700.1|	82.51	526	50	32	51	553	1	507	4e-115	 424
1	gi|47174886|gb|AY533692.1|	82.51	526	50	32	51	553	1	507	4e-115	 424
1	gi|6118125|gb|AF179227.1|AF179227	84.40	455	38	25	53	484	14	458	2e-113	 418
1	gi|42741970|gb|AY532419.1|	82.95	516	35	36	51	553	1	476	7e-113	 416
1	gi|42741967|gb|AY532416.1|	82.95	516	35	36	51	553	1	476	7e-113	 416
1	gi|42741964|gb|AY532413.1|	82.95	516	35	36	51	553	1	476	7e-113	 416
1	gi|294719725|gb|GU165731.1|	81.79	549	46	35	30	554	17	535	3e-111	 411
1	gi|294719721|gb|GU165727.1|	81.79	549	46	35	30	554	17	535	3e-111	 411
1	gi|294719716|gb|GU165722.1|	81.75	548	44	34	30	554	17	531	4e-110	 407
1	gi|19909868|dbj|AB033533.1|	82.47	519	39	34	1	496	2526	3015	4e-110	 407
1	gi|294719723|gb|GU165729.1|	81.57	548	47	37	30	554	13	529	6e-109	 403
1	gi|213876664|gb|FJ430751.1|	82.23	512	48	32	59	553	1	486	2e-108	 401
1	gi|19909867|dbj|AB033532.1|	82.36	516	40	36	1	496	2519	3003	2e-108	 401
1	gi|19909867|dbj|AB033532.1|	76.76	142	19	10	294	426	1765	1901	8e-08	67.6
1	gi|19909866|dbj|AB033531.1|	82.27	519	37	33	1	496	2527	3013	3e-107	 398
1	gi|306846996|gb|HQ022169.1|	86.09	381	25	16	42	418	14	370	2e-103	 385
1	gi|294719720|gb|GU165726.1|	81.47	529	43	33	49	554	1	497	7e-103	 383
1	gi|19909862|dbj|AB033527.1|	83.15	463	34	35	1	445	3137	3573	7e-103	 383
1	gi|19909862|dbj|AB033527.1|	77.17	127	15	12	287	411	2030	2144	4e-06	62.1
1	gi|294719724|gb|GU165730.1|	81.23	522	45	34	57	554	1	493	2e-99	 372
1	gi|19909865|dbj|AB033530.1|	81.17	515	43	39	1	496	3201	3680	3e-97	 364
1	gi|19909865|dbj|AB033530.1|	77.14	140	17	11	299	435	2095	2222	8e-08	67.6
1	gi|19909863|dbj|AB033528.1|	80.91	508	57	35	1	496	2475	2954	3e-97	 364
1	gi|307548429|dbj|AB190868.1|	81.45	496	44	29	9	497	1	455	9e-97	 363
1	gi|294719726|gb|GU165732.1|	83.89	416	28	25	161	554	90	488	3e-96	 361
1	gi|156145858|gb|EU076917.1|	81.74	471	45	31	104	553	1	451	2e-94	 355
1	gi|294719727|gb|GU165733.1|	83.33	402	29	24	174	553	2	387	6e-89	 337
1	gi|302126303|emb|FN610994.1|	81.08	465	44	34	1	447	23	461	3e-87	 331
1	gi|302126303|emb|FN610994.1|	100.00	33	0	0	464	496	549	581	4e-06	62.1
1	gi|30385452|gb|AY265223.1|	79.42	549	52	41	41	554	44	566	3e-87	 331
1	gi|3868815|dbj|AB013733.1|	81.90	431	38	22	30	444	15	421	3e-86	 327
1	gi|238805249|emb|FN393168.1|	80.65	465	46	34	1	447	1	439	6e-84	 320
1	gi|238805249|emb|FN393168.1|	100.00	33	0	0	464	496	527	559	4e-06	62.1
1	gi|19909864|dbj|AB033529.1|	80.12	483	50	32	32	496	3248	3702	2e-83	 318
1	gi|19909864|dbj|AB033529.1|	77.86	140	17	12	299	435	2100	2228	5e-10	75.0
1	gi|229560393|gb|FJ897175.1|	81.43	420	45	27	42	447	17	417	1e-81	 313
1	gi|229560393|gb|FJ897175.1|	97.30	37	1	0	460	496	491	527	1e-06	63.9
1	gi|217273142|gb|EU888919.1|	79.39	495	58	33	82	553	106	579	1e-80	 309
1	gi|187252382|gb|EU639449.1|	82.94	381	24	26	181	553	3	350	2e-79	 305
1	gi|55832954|gb|AY818558.1|	80.95	420	50	27	41	449	25	425	2e-79	 305
1	gi|55832953|gb|AY818557.1|	80.95	420	50	27	41	449	25	425	2e-79	 305
1	gi|55832951|gb|AY818555.1|	80.95	420	50	27	41	449	25	425	2e-79	 305
1	gi|281332357|gb|GQ254866.1|	79.96	464	51	36	1	447	1	439	6e-79	 303
1	gi|281332357|gb|GQ254866.1|	97.30	37	1	0	460	496	525	561	1e-06	63.9
1	gi|55832952|gb|AY818556.1|	80.71	420	51	27	41	449	25	425	7e-78	 300
1	gi|55832945|gb|AY818549.1|	80.76	421	50	27	41	449	25	426	7e-78	 300
1	gi|55832943|gb|AY818547.1|	80.76	421	50	27	41	449	25	426	7e-78	 300
1	gi|126360741|gb|EF040878.1|	81.07	412	43	29	50	447	1	391	1e-76	 296
1	gi|126360741|gb|EF040878.1|	100.00	33	0	0	464	496	479	511	4e-06	62.1
1	gi|95115780|gb|DQ474389.1|	80.67	419	50	27	41	447	19	418	1e-76	 296
1	gi|95115780|gb|DQ474389.1|	97.30	37	1	0	460	496	504	540	1e-06	63.9
1	gi|95115779|gb|DQ474388.1|	80.67	419	50	27	41	447	12	411	1e-76	 296
1	gi|95115779|gb|DQ474388.1|	97.30	37	1	0	460	496	497	533	1e-06	63.9
1	gi|95115778|gb|DQ474387.1|	80.67	419	50	27	41	447	12	411	1e-76	 296
1	gi|95115778|gb|DQ474387.1|	97.30	37	1	0	460	496	497	533	1e-06	63.9
1	gi|95115777|gb|DQ474386.1|	80.67	419	50	27	41	447	12	411	1e-76	 296
1	gi|95115777|gb|DQ474386.1|	97.30	37	1	0	460	496	497	533	1e-06	63.9
1	gi|95115775|gb|DQ474309.1|	80.67	419	50	27	41	447	13	412	1e-76	 296
1	gi|95115775|gb|DQ474309.1|	97.30	37	1	0	460	496	498	534	1e-06	63.9
1	gi|95115774|gb|DQ474308.1|	80.67	419	50	27	41	447	12	411	1e-76	 296
1	gi|95115774|gb|DQ474308.1|	97.30	37	1	0	460	496	497	533	1e-06	63.9
1	gi|95115769|gb|DQ474303.1|	80.67	419	50	27	41	447	12	411	1e-76	 296
1	gi|95115769|gb|DQ474303.1|	97.30	37	1	0	460	496	497	533	1e-06	63.9
1	gi|95115768|gb|DQ474302.1|	80.67	419	50	27	41	447	11	410	1e-76	 296
1	gi|95115768|gb|DQ474302.1|	97.30	37	1	0	460	496	496	532	1e-06	63.9
1	gi|95115767|gb|DQ474301.1|	80.71	420	48	28	41	447	12	411	1e-76	 296
1	gi|95115767|gb|DQ474301.1|	97.30	37	1	0	460	496	497	533	1e-06	63.9
1	gi|95115765|gb|DQ474299.1|	80.67	419	50	27	41	447	12	411	1e-76	 296
1	gi|95115765|gb|DQ474299.1|	97.30	37	1	0	460	496	497	533	1e-06	63.9
1	gi|95115762|gb|DQ474296.1|	80.67	419	50	27	41	447	12	411	1e-76	 296
1	gi|95115762|gb|DQ474296.1|	97.30	37	1	0	460	496	497	533	1e-06	63.9
1	gi|95115758|gb|DQ474292.1|	80.67	419	50	27	41	447	12	411	1e-76	 296
1	gi|95115758|gb|DQ474292.1|	97.30	37	1	0	460	496	497	533	1e-06	63.9
1	gi|95115757|gb|DQ474291.1|	80.67	419	50	27	41	447	13	412	1e-76	 296
1	gi|95115757|gb|DQ474291.1|	97.30	37	1	0	460	496	498	534	1e-06	63.9
1	gi|95115753|gb|DQ474287.1|	80.67	419	50	27	41	447	12	411	1e-76	 296
1	gi|95115753|gb|DQ474287.1|	97.30	37	1	0	460	496	497	533	1e-06	63.9
1	gi|95115751|gb|DQ474285.1|	80.67	419	50	27	41	447	13	412	1e-76	 296
1	gi|95115751|gb|DQ474285.1|	97.30	37	1	0	460	496	498	534	1e-06	63.9
1	gi|95115750|gb|DQ474284.1|	80.67	419	50	27	41	447	12	411	1e-76	 296
1	gi|95115750|gb|DQ474284.1|	97.30	37	1	0	460	496	497	533	1e-06	63.9
1	gi|95115748|gb|DQ474282.1|	80.67	419	50	27	41	447	12	411	1e-76	 296
1	gi|95115748|gb|DQ474282.1|	97.06	34	1	0	460	493	497	530	5e-05	58.4
1	gi|95115746|gb|DQ474280.1|	80.67	419	50	27	41	447	12	411	1e-76	 296
1	gi|95115746|gb|DQ474280.1|	94.59	37	2	0	460	496	497	533	5e-05	58.4
1	gi|95115743|gb|DQ474277.1|	80.67	419	50	27	41	447	12	411	1e-76	 296
1	gi|95115743|gb|DQ474277.1|	97.30	37	1	0	460	496	497	533	1e-06	63.9
1	gi|95115742|gb|DQ474276.1|	80.67	419	50	27	41	447	12	411	1e-76	 296
1	gi|95115742|gb|DQ474276.1|	97.30	37	1	0	460	496	497	533	1e-06	63.9
1	gi|95115739|gb|DQ474273.1|	80.67	419	50	27	41	447	12	411	1e-76	 296
1	gi|95115739|gb|DQ474273.1|	97.30	37	1	0	460	496	497	533	1e-06	63.9
1	gi|95115738|gb|DQ474272.1|	80.67	419	50	27	41	447	12	411	1e-76	 296
1	gi|95115738|gb|DQ474272.1|	97.30	37	1	0	460	496	497	533	1e-06	63.9
1	gi|95115734|gb|DQ474268.1|	80.67	419	50	27	41	447	10	409	1e-76	 296
1	gi|95115734|gb|DQ474268.1|	97.30	37	1	0	460	496	495	531	1e-06	63.9
1	gi|95115733|gb|DQ474267.1|	80.67	419	50	27	41	447	12	411	1e-76	 296
1	gi|95115733|gb|DQ474267.1|	97.30	37	1	0	460	496	497	533	1e-06	63.9
1	gi|95115732|gb|DQ474266.1|	80.67	419	50	27	41	447	12	411	1e-76	 296
1	gi|95115732|gb|DQ474266.1|	97.30	37	1	0	460	496	497	533	1e-06	63.9
1	gi|95115731|gb|DQ474265.1|	80.67	419	50	27	41	447	13	412	1e-76	 296
1	gi|95115731|gb|DQ474265.1|	97.30	37	1	0	460	496	498	534	1e-06	63.9
1	gi|95115728|gb|DQ474262.1|	80.67	419	50	27	41	447	13	412	1e-76	 296
1	gi|95115728|gb|DQ474262.1|	97.30	37	1	0	460	496	498	534	1e-06	63.9
1	gi|95115727|gb|DQ474261.1|	80.67	419	50	27	41	447	13	412	1e-76	 296
1	gi|95115727|gb|DQ474261.1|	97.30	37	1	0	460	496	498	534	1e-06	63.9
1	gi|95115726|gb|DQ474260.1|	80.67	419	50	27	41	447	12	411	1e-76	 296
1	gi|95115726|gb|DQ474260.1|	97.30	37	1	0	460	496	497	533	1e-06	63.9
1	gi|95115725|gb|DQ474259.1|	80.67	419	50	27	41	447	12	411	1e-76	 296
1	gi|95115725|gb|DQ474259.1|	97.30	37	1	0	460	496	497	533	1e-06	63.9
1	gi|95115724|gb|DQ474258.1|	80.67	419	50	27	41	447	13	412	1e-76	 296
1	gi|95115724|gb|DQ474258.1|	97.30	37	1	0	460	496	498	534	1e-06	63.9
1	gi|95115723|gb|DQ474257.1|	80.67	419	50	27	41	447	12	411	1e-76	 296
1	gi|95115723|gb|DQ474257.1|	97.30	37	1	0	460	496	497	533	1e-06	63.9
1	gi|95115722|gb|DQ474256.1|	80.67	419	50	27	41	447	12	411	1e-76	 296
1	gi|95115722|gb|DQ474256.1|	97.30	37	1	0	460	496	497	533	1e-06	63.9
1	gi|95115720|gb|DQ474254.1|	80.67	419	50	27	41	447	13	412	1e-76	 296
1	gi|95115720|gb|DQ474254.1|	97.30	37	1	0	460	496	498	534	1e-06	63.9
1	gi|95115719|gb|DQ474253.1|	80.67	419	50	27	41	447	12	411	1e-76	 296
1	gi|95115719|gb|DQ474253.1|	97.30	37	1	0	460	496	497	533	1e-06	63.9
1	gi|95115718|gb|DQ474252.1|	80.67	419	50	27	41	447	12	411	1e-76	 296
1	gi|95115718|gb|DQ474252.1|	97.30	37	1	0	460	496	497	533	1e-06	63.9
1	gi|157092657|gb|EF661994.1|	80.57	422	49	28	41	449	11	412	3e-76	 294
1	gi|157092657|gb|EF661994.1|	97.30	37	1	0	460	496	571	607	1e-06	63.9
1	gi|55832963|gb|AY818567.1|	80.57	422	49	28	41	449	25	426	3e-76	 294
1	gi|55832960|gb|AY818564.1|	80.57	422	49	28	41	449	25	426	3e-76	 294
1	gi|55832959|gb|AY818563.1|	80.57	422	49	28	41	449	25	426	3e-76	 294
1	gi|95115760|gb|DQ474294.1|	80.48	420	50	28	41	447	12	412	1e-75	 292
1	gi|95115760|gb|DQ474294.1|	97.30	37	1	0	460	496	498	534	1e-06	63.9
1	gi|95115741|gb|DQ474275.1|	80.58	417	50	27	43	447	14	411	1e-75	 292
1	gi|95115741|gb|DQ474275.1|	97.30	37	1	0	460	496	497	533	1e-06	63.9
1	gi|95115781|gb|DQ474390.1|	80.43	419	51	27	41	447	12	411	4e-75	 291
1	gi|95115781|gb|DQ474390.1|	97.30	37	1	0	460	496	497	533	1e-06	63.9
1	gi|95115773|gb|DQ474307.1|	80.48	420	49	29	41	447	12	411	4e-75	 291
1	gi|95115773|gb|DQ474307.1|	97.30	37	1	0	460	496	497	533	1e-06	63.9
1	gi|95115771|gb|DQ474305.1|	80.52	421	47	30	41	447	12	411	4e-75	 291
1	gi|95115771|gb|DQ474305.1|	94.59	37	2	0	460	496	497	533	5e-05	58.4
1	gi|95115755|gb|DQ474289.1|	80.52	421	47	30	41	447	12	411	4e-75	 291
1	gi|95115755|gb|DQ474289.1|	97.30	37	1	0	460	496	497	533	1e-06	63.9
1	gi|95115754|gb|DQ474288.1|	80.43	419	51	27	41	447	12	411	4e-75	 291
1	gi|95115754|gb|DQ474288.1|	97.30	37	1	0	460	496	497	533	1e-06	63.9
1	gi|95115744|gb|DQ474278.1|	80.52	421	47	30	41	447	12	411	4e-75	 291
1	gi|95115744|gb|DQ474278.1|	97.30	37	1	0	460	496	497	533	1e-06	63.9
# BLASTN 2.2.23+
# Query:  10 J8_45530
# Database: nt
# Fields: query id, subject id, % identity, alignment length, mismatches, gap opens, q. start, q. end, s. start, s. end, evalue, bit score
# 103 hits found
10	gi|163257900|emb|AM901965.1|	92.74	496	3	32	1	495	177	640	0.0	 686
10	gi|113060056|gb|DQ888227.1|	92.73	495	3	32	1	495	2677	3138	0.0	 684
10	gi|163257877|emb|AM901942.1|	92.54	496	3	33	1	495	177	639	0.0	 680
10	gi|218473032|emb|FM177659.1|	92.34	496	5	32	1	495	176	639	0.0	 675
10	gi|307334175|gb|HM239777.1|	92.32	495	4	32	1	495	22	482	0.0	 673
10	gi|154002574|gb|EF505543.1|	92.28	492	3	33	4	495	1	457	0.0	 665
10	gi|259147931|emb|FN393078.1|	91.94	496	2	34	1	495	435236	434778	0.0	 660
10	gi|259147931|emb|FN393078.1|	91.94	496	2	34	1	495	444322	443864	0.0	 660
10	gi|285813361|tpg|BK006945.1|	91.92	495	2	33	1	495	455980	455524	0.0	 658
10	gi|285813361|tpg|BK006945.1|	91.92	495	2	33	1	495	465117	464661	0.0	 658
10	gi|218473033|emb|FM177660.1|	91.92	495	2	33	1	495	176	632	0.0	 658
10	gi|190333559|gb|EU719073.1|	91.92	495	2	33	1	495	8	464	0.0	 658
10	gi|1360587|emb|Z73326.1|	91.92	495	2	33	1	495	8404	7948	0.0	 658
10	gi|1262303|gb|U53879.1|YSCL9634	91.92	495	2	33	1	495	26372	25916	0.0	 658
10	gi|1262303|gb|U53879.1|YSCL9634	91.92	495	2	33	1	495	35509	35053	0.0	 658
10	gi|296170884|emb|FN393997.1|	92.47	478	2	32	18	495	1	444	0.0	 652
10	gi|296170883|emb|FN393996.1|	92.47	478	2	32	18	495	1	444	0.0	 652
10	gi|256575411|gb|GQ376091.1|	91.72	495	3	33	1	495	8	464	0.0	 652
10	gi|187403837|gb|EU649673.1|	91.72	495	3	33	1	495	8	464	0.0	 652
10	gi|163258027|emb|AM902094.1|	91.72	495	3	33	1	495	177	633	0.0	 652
10	gi|20502646|gb|AF335953.1|	92.47	478	3	32	18	495	1	445	0.0	 652
10	gi|238558066|gb|FJ433878.1|	91.52	495	4	33	1	495	8	464	0.0	 649
10	gi|163961190|gb|EU332912.1|	91.52	495	4	33	1	495	8	464	0.0	 649
10	gi|154183696|gb|EU019225.1|	92.26	478	3	32	18	495	1	444	0.0	 647
10	gi|65306757|gb|AY939814.1|	92.26	478	3	32	18	495	1	444	0.0	 647
10	gi|73533611|gb|DQ167470.1|	92.42	475	3	32	22	495	1	443	0.0	 647
10	gi|225545924|gb|FJ793809.1|	91.79	487	2	33	9	495	22	470	0.0	 643
10	gi|256575406|gb|GQ376086.1|	91.77	486	2	33	10	495	2	449	0.0	 641
10	gi|256575409|gb|GQ376089.1|	91.62	489	2	33	7	495	2	451	3e-180	 640
10	gi|194307388|gb|EU789403.1|	91.56	486	5	35	14	495	2	455	1e-179	 638
10	gi|2627115|dbj|D89886.1|	92.32	469	3	32	28	495	1	437	4e-179	 636
10	gi|187403836|gb|EU649672.1|	91.11	495	5	34	1	495	8	463	2e-178	 634
10	gi|20502647|gb|AF335954.1|	91.84	478	3	31	18	495	1	442	2e-178	 634
10	gi|172370|gb|M38503.1|YSCRDNA	91.11	495	5	34	1	495	179	634	2e-178	 634
10	gi|256575407|gb|GQ376087.1|	90.91	495	8	32	1	495	8	465	2e-177	 630
10	gi|218988971|gb|FJ502348.1|	91.67	480	2	33	16	495	1	442	2e-177	 630
10	gi|124377859|tpd|BR000309.1|	90.91	495	8	32	1	495	8306	8763	2e-177	 630
10	gi|146424869|emb|AM262831.1|	91.65	479	2	34	18	495	1	442	7e-177	 628
10	gi|146424862|emb|AM262824.1|	91.65	479	2	34	18	495	1	442	7e-177	 628
10	gi|296170882|emb|FN393995.1|	91.63	478	2	33	18	495	1	440	3e-176	 627
10	gi|146424867|emb|AM262829.1|	91.63	478	2	33	18	495	1	440	3e-176	 627
10	gi|146424866|emb|AM262828.1|	91.63	478	2	33	18	495	1	440	3e-176	 627
10	gi|146424865|emb|AM262827.1|	91.63	478	2	33	18	495	1	440	3e-176	 627
10	gi|56718799|gb|AY722406.1|	91.63	478	2	33	18	495	1	440	3e-176	 627
10	gi|46403041|gb|AY525600.1|	91.63	478	2	33	18	495	1	440	3e-176	 627
10	gi|30025497|gb|AY235811.1|	91.63	478	2	33	18	495	1	440	3e-176	 627
10	gi|20502645|gb|AF335952.1|	91.63	478	2	33	18	495	1	440	3e-176	 627
10	gi|196460040|emb|FM173100.1|	92.39	460	2	32	37	495	1	428	1e-175	 625
10	gi|187439660|emb|AM711399.1|	92.37	459	3	31	37	495	1	427	1e-175	 625
10	gi|187439638|emb|AM711377.1|	92.39	460	2	32	37	495	1	428	1e-175	 625
10	gi|146424864|emb|AM262826.1|	91.42	478	3	33	18	495	1	440	1e-174	 621
10	gi|85816031|gb|DQ358862.1|	91.42	478	3	33	18	495	1	440	1e-174	 621
10	gi|157072701|gb|EF620858.1|	92.16	459	4	31	37	495	1	427	4e-174	 619
10	gi|73533612|gb|DQ167471.1|	91.56	474	2	33	22	495	1	436	4e-174	 619
10	gi|304423187|gb|HM754429.1|	91.23	479	4	34	1	478	69	510	2e-173	 617
10	gi|134252566|gb|EF175905.1|	91.21	478	4	33	18	495	698	259	6e-173	 616
10	gi|146424868|emb|AM262830.1|	91.21	478	4	33	18	495	1	440	6e-173	 616
10	gi|134252562|gb|EF175901.1|	91.21	478	3	34	18	495	588	150	2e-172	 614
10	gi|37964393|gb|AY428861.1|	91.35	474	3	33	22	495	837	402	2e-172	 614
10	gi|73533613|gb|DQ167472.1|	91.35	474	3	33	22	495	1	436	2e-172	 614
10	gi|73533610|gb|DQ167469.1|	91.35	474	3	33	22	495	1	436	2e-172	 614
10	gi|73533609|gb|DQ167468.1|	91.35	474	3	33	22	495	1	436	2e-172	 614
10	gi|251815157|emb|FM199962.1|	91.00	478	6	33	18	495	1	441	3e-171	 610
10	gi|164513876|emb|AM900409.1|	92.41	448	2	31	49	495	1	417	3e-171	 610
10	gi|164513871|emb|AM900404.1|	92.41	448	2	31	49	495	1	417	3e-171	 610
10	gi|163962509|gb|EU330189.1|	91.00	478	5	33	18	495	1	440	3e-171	 610
10	gi|124127037|gb|EF202099.1|	91.31	472	3	33	24	495	11	444	3e-171	 610
10	gi|116874852|dbj|AB280541.1|	92.41	448	3	30	49	495	1	418	3e-171	 610
10	gi|116812222|dbj|AB279758.1|	92.41	448	3	30	49	495	1	418	3e-171	 610
10	gi|116812221|dbj|AB279757.1|	92.41	448	3	30	49	495	1	418	3e-171	 610
10	gi|116812220|dbj|AB279756.1|	92.41	448	2	31	49	495	1	417	3e-171	 610
10	gi|116812219|dbj|AB279755.1|	92.41	448	2	31	49	495	1	417	3e-171	 610
10	gi|116812218|dbj|AB279754.1|	92.41	448	2	31	49	495	1	417	3e-171	 610
10	gi|116812217|dbj|AB279753.1|	92.41	448	2	31	49	495	1	417	3e-171	 610
10	gi|62954767|dbj|AB212258.1|	92.41	448	2	31	49	495	1	417	3e-171	 610
10	gi|256575410|gb|GQ376090.1|	90.43	491	5	35	7	495	7	457	1e-170	 608
10	gi|116874851|dbj|AB280540.1|	92.39	447	3	30	49	495	1	416	1e-170	 608
10	gi|116812212|dbj|AB279748.1|	92.39	447	3	30	49	495	1	416	1e-170	 608
10	gi|62954768|dbj|AB212259.1|	92.39	447	3	30	49	495	1	416	1e-170	 608
10	gi|164513873|emb|AM900406.1|	92.19	448	3	31	49	495	1	417	1e-169	 604
10	gi|116874853|dbj|AB280542.1|	92.19	448	3	31	49	495	1	417	1e-169	 604
10	gi|190350706|emb|AM998791.1|	92.17	447	4	30	49	495	1	416	4e-169	 603
10	gi|172054422|gb|EU554950.1|	91.85	454	4	32	43	495	1	422	4e-169	 603
10	gi|164513872|emb|AM900405.1|	92.17	447	4	30	49	495	1	416	4e-169	 603
10	gi|61200344|gb|AY942703.1|	92.17	447	3	31	49	495	1	415	4e-169	 603
10	gi|226430872|gb|FJ838776.1|	92.17	447	2	31	49	495	1	414	2e-168	 601
10	gi|172054475|gb|EU555003.1|	91.83	453	3	32	43	495	1	419	2e-168	 601
10	gi|172054421|gb|EU554949.1|	91.83	453	4	31	43	495	1	420	2e-168	 601
10	gi|172054411|gb|EU554939.1|	91.83	453	3	32	43	495	1	419	2e-168	 601
10	gi|62954771|dbj|AB212262.1|	92.17	447	2	31	49	495	1	414	2e-168	 601
10	gi|164513865|emb|AM900398.1|	91.96	448	4	31	49	495	1	417	6e-168	 599
10	gi|3077656|emb|Z95935.1|	91.96	448	3	32	48	495	1	415	2e-167	 597
10	gi|172054424|gb|EU554952.1|	91.61	453	4	32	43	495	1	419	8e-167	 595
10	gi|172054423|gb|EU554951.1|	91.61	453	4	32	43	495	1	419	8e-167	 595
10	gi|172054415|gb|EU554943.1|	91.61	453	4	32	43	495	1	419	8e-167	 595
10	gi|164513875|emb|AM900408.1|	91.95	447	3	31	49	495	1	414	8e-167	 595
10	gi|164513867|emb|AM900400.1|	91.95	447	2	32	49	495	1	413	8e-167	 595
10	gi|116812216|dbj|AB279752.1|	91.95	447	3	31	49	495	1	414	8e-167	 595
10	gi|116812215|dbj|AB279751.1|	91.95	447	3	31	49	495	1	414	8e-167	 595
10	gi|116812214|dbj|AB279750.1|	91.95	447	3	31	49	495	1	414	8e-167	 595
10	gi|116812213|dbj|AB279749.1|	91.95	447	3	30	49	495	1	414	8e-167	 595
10	gi|62954769|dbj|AB212260.1|	91.95	447	2	32	49	495	1	413	8e-167	 595
10	gi|259018340|gb|GQ458028.1|	87.68	495	29	30	1	495	1710	2172	1e-165	 592
# BLASTN 2.2.23+
# Query:  100 L3_12952
# Database: nt
# 0 hits found