# BLASTN 2.2.25+
# Query: 5 Archaeal2.FSM.1011_26825
# Database: /home/rohinis/blastdb/blast_nt/nt
# Fields: query id, subject id, % identity, alignment length, mismatches, gap opens, q. start, q. end, s. start, s. end, evalue, bit score
# 103 hits found
5	gi|163257900|emb|AM901965.1|	97.63	464	2	6	1	456	178	640	0.0	 769
5	gi|113060056|gb|DQ888227.1|	97.84	463	1	7	1	456	2678	3138	0.0	 767
5	gi|332107360|gb|GU942431.1|	98.04	460	1	7	1	456	3	458	0.0	 765
5	gi|332107331|gb|GU942402.1|	98.04	460	1	7	1	456	2	457	0.0	 765
5	gi|332107290|gb|GU942361.1|	98.04	460	1	7	1	456	3	458	0.0	 765
5	gi|332107289|gb|GU942360.1|	98.04	460	1	7	1	456	6	461	0.0	 765
5	gi|332107276|gb|GU942347.1|	98.04	460	1	7	1	456	3	458	0.0	 765
5	gi|332107267|gb|GU942338.1|	98.04	460	1	7	1	456	1	456	0.0	 765
5	gi|332107266|gb|GU942337.1|	98.04	460	1	7	1	456	2	457	0.0	 765
5	gi|332107262|gb|GU942333.1|	98.04	460	1	7	1	456	2	457	0.0	 765
5	gi|332107233|gb|GU942301.1|	98.04	460	1	7	1	456	1	456	0.0	 765
5	gi|332107227|gb|GU942295.1|	98.04	460	1	7	1	456	2	457	0.0	 765
5	gi|332106861|gb|GU941918.1|	98.04	460	1	7	1	456	4	459	0.0	 765
5	gi|332106281|gb|GU941315.1|	98.04	460	1	7	1	456	2	457	0.0	 765
5	gi|332106277|gb|GU941311.1|	98.04	460	1	7	1	456	5	460	0.0	 765
5	gi|332106213|gb|GU941241.1|	98.04	460	1	7	1	456	3	458	0.0	 765
5	gi|332106192|gb|GU941220.1|	98.04	460	1	7	1	456	4	459	0.0	 765
5	gi|329138943|tpg|BK006945.2|	98.04	460	1	7	1	456	455978	455523	0.0	 765
5	gi|329138943|tpg|BK006945.2|	98.04	460	1	7	1	456	465115	464660	0.0	 765
5	gi|218473033|emb|FM177660.1|	98.04	460	1	7	1	456	177	632	0.0	 765
5	gi|190333559|gb|EU719073.1|	98.04	460	1	7	1	456	9	464	0.0	 765
5	gi|1360587|emb|Z73326.1|	98.04	460	1	7	1	456	8403	7948	0.0	 765
5	gi|1262303|gb|U53879.1|YSCL9634	98.04	460	1	7	1	456	26371	25916	0.0	 765
5	gi|1262303|gb|U53879.1|YSCL9634	98.04	460	1	7	1	456	35508	35053	0.0	 765
5	gi|332107364|gb|GU942435.1|	98.04	459	1	7	2	456	5	459	0.0	 764
5	gi|332107324|gb|GU942395.1|	98.04	459	1	7	2	456	1	455	0.0	 764
5	gi|332107264|gb|GU942335.1|	98.04	459	1	7	2	456	3	457	0.0	 764
5	gi|259147931|emb|FN393078.1|	98.05	461	1	8	1	456	435235	434778	0.0	 762
5	gi|259147931|emb|FN393078.1|	98.05	461	1	8	1	456	444321	443864	0.0	 762
5	gi|332107327|gb|GU942398.1|	97.83	460	2	7	1	456	3	458	0.0	 760
5	gi|332107321|gb|GU942392.1|	97.83	460	2	7	1	456	2	457	0.0	 760
5	gi|332107315|gb|GU942386.1|	97.83	460	2	7	1	456	2	457	0.0	 760
5	gi|332107309|gb|GU942380.1|	97.83	460	2	7	1	456	2	457	0.0	 760
5	gi|332107285|gb|GU942356.1|	97.83	460	2	7	1	456	1	456	0.0	 760
5	gi|332107284|gb|GU942355.1|	97.83	460	2	7	1	456	2	457	0.0	 760
5	gi|332107263|gb|GU942334.1|	97.83	460	2	7	1	456	4	459	0.0	 760
5	gi|307334175|gb|HM239777.1|	97.62	462	3	7	1	456	23	482	0.0	 760
5	gi|256575411|gb|GQ376091.1|	97.83	460	2	7	1	456	9	464	0.0	 760
5	gi|187403837|gb|EU649673.1|	97.83	460	2	7	1	456	9	464	0.0	 760
5	gi|163258027|emb|AM902094.1|	97.83	460	2	7	1	456	178	633	0.0	 760
5	gi|332107302|gb|GU942373.1|	97.83	461	1	8	1	456	3	459	0.0	 758
5	gi|238558066|gb|FJ433878.1|	97.61	460	3	7	1	456	9	464	0.0	 758
5	gi|163961190|gb|EU332912.1|	97.61	460	3	7	1	456	9	464	0.0	 758
5	gi|354682186|gb|JN093146.1|	98.01	453	2	6	9	456	24	474	0.0	 756
5	gi|332107312|gb|GU942383.1|	97.61	460	3	7	1	456	2	457	0.0	 756
5	gi|332106362|gb|GU941396.1|	97.83	460	1	8	1	456	1	455	0.0	 756
5	gi|218473032|emb|FM177659.1|	96.98	464	5	6	1	456	177	639	0.0	 755
5	gi|225545924|gb|FJ793809.1|	98.01	453	1	7	8	456	22	470	0.0	 753
5	gi|154002574|gb|EF505543.1|	98.00	451	2	6	12	456	8	457	0.0	 753
5	gi|256575406|gb|GQ376086.1|	98.01	452	1	7	9	456	2	449	0.0	 751
5	gi|332107313|gb|GU942384.1|	97.40	461	3	8	1	456	386	842	0.0	 749
5	gi|296170884|emb|FN393997.1|	98.43	445	1	6	17	456	1	444	0.0	 749
5	gi|296170883|emb|FN393996.1|	98.43	445	1	6	17	456	1	444	0.0	 749
5	gi|65306757|gb|AY939814.1|	98.43	445	1	6	17	456	1	444	0.0	 749
5	gi|256575409|gb|GQ376089.1|	97.80	455	1	8	6	456	2	451	0.0	 747
5	gi|354804985|gb|JN887919.1|	97.79	452	2	7	9	456	4	451	0.0	 746
5	gi|187403836|gb|EU649672.1|	97.17	460	4	8	1	456	9	463	0.0	 744
5	gi|163257877|emb|AM901942.1|	96.77	465	3	9	1	456	178	639	0.0	 742
5	gi|332106189|gb|GU941217.1|	96.96	461	5	8	1	456	4	460	0.0	 740
5	gi|218988971|gb|FJ502348.1|	97.98	446	1	7	15	456	1	442	0.0	 740
5	gi|20502646|gb|AF335953.1|	97.76	447	1	7	17	456	1	445	0.0	 738
5	gi|296170882|emb|FN393995.1|	97.97	444	1	7	17	456	1	440	0.0	 737
5	gi|146424867|emb|AM262829.1|	97.97	444	1	7	17	456	1	440	0.0	 737
5	gi|146424866|emb|AM262828.1|	97.97	444	1	7	17	456	1	440	0.0	 737
5	gi|146424865|emb|AM262827.1|	97.97	444	1	7	17	456	1	440	0.0	 737
5	gi|124377859|tpd|BR000309.1|	96.53	461	7	7	1	456	8307	8763	0.0	 737
5	gi|56718799|gb|AY722406.1|	97.97	444	1	7	17	456	1	440	0.0	 737
5	gi|46403041|gb|AY525600.1|	97.97	444	1	7	17	456	1	440	0.0	 737
5	gi|30025497|gb|AY235811.1|	97.97	444	1	7	17	456	1	440	0.0	 737
5	gi|20502645|gb|AF335952.1|	97.97	444	1	7	17	456	1	440	0.0	 737
5	gi|154183696|gb|EU019225.1|	97.76	446	2	7	17	456	1	444	0.0	 735
5	gi|146424869|emb|AM262831.1|	97.98	445	1	8	17	456	1	442	0.0	 733
5	gi|146424862|emb|AM262824.1|	97.98	445	1	8	17	456	1	442	0.0	 733
5	gi|73533611|gb|DQ167470.1|	97.52	444	2	6	21	456	1	443	0.0	 733
5	gi|256575407|gb|GQ376087.1|	96.53	461	7	8	1	456	9	465	0.0	 731
5	gi|146424864|emb|AM262826.1|	97.75	444	2	7	17	456	1	440	0.0	 731
5	gi|85816031|gb|DQ358862.1|	97.75	444	2	7	17	456	1	440	0.0	 731
5	gi|332106186|gb|GU941214.1|	96.51	459	6	8	3	456	1	454	0.0	 729
5	gi|73533612|gb|DQ167471.1|	97.95	440	1	7	21	456	1	436	0.0	 729
5	gi|172370|gb|M38503.1|YSCRDNA	96.75	461	4	10	1	456	180	634	0.0	 729
5	gi|374872470|gb|JN837100.1|	97.75	444	2	8	18	456	1	441	0.0	 728
5	gi|332107271|gb|GU942342.1|	96.30	460	10	7	1	456	246	702	0.0	 728
5	gi|134252566|gb|EF175905.1|	97.52	444	3	7	17	456	698	259	0.0	 728
5	gi|146424868|emb|AM262830.1|	97.52	444	3	7	17	456	1	440	0.0	 728
5	gi|20502647|gb|AF335954.1|	97.53	446	1	8	17	456	1	442	0.0	 728
5	gi|374872469|gb|JN837099.1|	97.52	444	2	8	18	456	1	440	0.0	 724
5	gi|134252562|gb|EF175901.1|	97.52	444	2	8	17	456	588	150	0.0	 724
5	gi|37964393|gb|AY428861.1|	97.73	440	2	7	21	456	837	402	0.0	 724
5	gi|73533613|gb|DQ167472.1|	97.73	440	2	7	21	456	1	436	0.0	 724
5	gi|73533610|gb|DQ167469.1|	97.73	440	2	7	21	456	1	436	0.0	 724
5	gi|73533609|gb|DQ167468.1|	97.73	440	2	7	21	456	1	436	0.0	 724
5	gi|304423187|gb|HM754429.1|	97.52	444	3	8	1	439	70	510	0.0	 722
5	gi|251815157|emb|FM199962.1|	97.30	444	5	7	17	456	1	441	0.0	 722
5	gi|163962509|gb|EU330189.1|	97.30	444	4	7	17	456	1	440	0.0	 722
5	gi|124127037|gb|EF202099.1|	97.72	438	2	7	23	456	11	444	0.0	 720
5	gi|332107274|gb|GU942345.1|	96.11	463	8	10	1	456	289	748	0.0	 719
5	gi|256575410|gb|GQ376090.1|	96.50	457	4	10	6	456	7	457	0.0	 719
5	gi|332107318|gb|GU942389.1|	96.12	464	7	11	1	456	339	799	0.0	 717
5	gi|2627115|dbj|D89886.1|	97.27	439	1	7	27	456	1	437	0.0	 717
5	gi|332107282|gb|GU942353.1|	96.10	462	5	11	1	456	338	792	0.0	 715
5	gi|194307388|gb|EU789403.1|	96.65	448	4	8	19	456	9	455	0.0	 715
5	gi|332106183|gb|GU941211.1|	96.30	459	5	11	6	456	2	456	0.0	 713
5	gi|187439660|emb|AM711399.1|	97.90	428	1	6	36	456	1	427	0.0	 711
