# BLASTN 2.2.23+
# Query: 28 A..thaliana_10071
# Database: /home/rohinis/blastdb/blast_nt/nt
# Fields: query id, subject id, % identity, alignment length, mismatches, gap opens, q. start, q. end, s. start, s. end, evalue, bit score
# 100 hits found
28	gi|332640072|gb|CP002686.1|	100.00	316	0	0	1	316	14197744	14198059	1e-159	 571
28	gi|330250293|gb|CP002685.1|	100.00	316	0	0	1	316	3773	4088	1e-159	 571
28	gi|20197903|gb|AC006837.16|	100.00	316	0	0	1	316	2773	3088	1e-159	 571
28	gi|15810199|gb|AY056114.1|	100.00	316	0	0	1	316	629	944	1e-159	 571
28	gi|255689731|gb|GQ380689.1|	99.68	316	1	0	1	316	68	383	6e-158	 565
28	gi|270285995|emb|FN599860.1|	99.05	316	3	0	1	316	384	699	3e-155	 556
28	gi|154759414|gb|EF520736.1|	99.05	316	3	0	1	316	21	336	3e-155	 556
28	gi|16506|emb|X16077.1|	99.05	316	1	1	1	316	155	468	1e-154	 554
28	gi|16472|emb|X52322.1|	99.05	316	1	1	1	316	4196	4509	1e-154	 554
28	gi|297836873|ref|XM_002886273.1|	98.73	316	4	0	1	316	251	566	3e-154	 553
28	gi|297832717|ref|XM_002884195.1|	98.73	316	4	0	1	316	251	566	3e-154	 553
28	gi|297832713|ref|XM_002884193.1|	98.73	316	4	0	1	316	218	533	3e-154	 553
28	gi|72398422|gb|DQ068110.1|	98.73	316	4	0	1	316	6	321	3e-154	 553
28	gi|42467781|emb|BX821710.1|	98.10	316	5	1	1	316	59	373	2e-150	 540
28	gi|21219|emb|X17062.1|	97.78	316	5	1	1	316	3758	4071	3e-149	 536
28	gi|21157|emb|X66325.1|	97.78	316	5	1	1	316	362	675	3e-149	 536
28	gi|261873458|gb|FJ669707.1|	97.47	316	8	0	1	316	30	345	9e-149	 535
28	gi|119368168|dbj|AB233611.1|	97.47	316	8	0	1	316	42	357	9e-149	 535
28	gi|118918075|dbj|AB233610.1|	97.47	316	8	0	1	316	42	357	9e-149	 535
28	gi|51320397|gb|AY674626.1|	97.47	316	8	0	1	316	12	327	9e-149	 535
28	gi|51320347|gb|AY674576.1|	97.47	316	8	0	1	316	30	345	9e-149	 535
28	gi|3265096|gb|AF070972.1|AF070972	97.47	316	8	0	1	316	13	328	9e-149	 535
28	gi|294661078|gb|GU908464.1|	97.48	317	7	1	1	316	65	381	3e-148	 533
28	gi|258444827|gb|FJ603108.1|	97.15	316	9	0	1	316	69	384	4e-147	 529
28	gi|258444825|gb|FJ603106.1|	97.15	316	9	0	1	316	68	383	4e-147	 529
28	gi|60280258|gb|AY788160.1|	97.15	316	9	0	1	316	30	345	4e-147	 529
28	gi|60280249|gb|AY788151.1|	97.15	316	9	0	1	316	29	344	4e-147	 529
28	gi|18654243|gb|L49281.1|GAXRGE	97.15	316	9	0	1	316	45	360	4e-147	 529
28	gi|15428397|gb|AF293761.1|	97.15	316	9	0	1	316	63	378	4e-147	 529
28	gi|1777685|gb|U42539.1|MCU42539	97.15	316	9	0	1	316	46	361	4e-147	 529
28	gi|294661074|gb|GU908460.1|	97.16	317	8	1	1	316	65	381	1e-146	 527
28	gi|258444826|gb|FJ603107.1|	96.84	316	10	0	1	316	69	384	5e-146	 526
28	gi|60280256|gb|AY788158.1|	96.84	316	10	0	1	316	30	345	5e-146	 526
28	gi|166084165|gb|EF024688.1|	96.84	316	10	0	1	316	65	380	5e-146	 526
28	gi|166084085|gb|EF024608.1|	96.84	316	10	0	1	316	65	380	5e-146	 526
28	gi|155573951|dbj|AB268079.1|	96.84	316	10	0	1	316	20	335	5e-146	 526
28	gi|155573950|dbj|AB268078.1|	96.84	316	10	0	1	316	42	357	5e-146	 526
28	gi|155029516|dbj|AB268105.1|	96.84	316	10	0	1	316	42	357	5e-146	 526
28	gi|155029502|dbj|AB268091.1|	96.84	316	10	0	1	316	42	357	5e-146	 526
28	gi|155029499|dbj|AB268088.1|	96.84	316	10	0	1	316	42	357	5e-146	 526
28	gi|155029496|dbj|AB268085.1|	96.84	316	10	0	1	316	42	357	5e-146	 526
28	gi|134022292|gb|EF023642.1|	96.84	316	10	0	1	316	65	380	5e-146	 526
28	gi|134022255|gb|EF023605.1|	96.84	316	10	0	1	316	65	380	5e-146	 526
28	gi|119368157|dbj|AB233580.1|	96.84	316	10	0	1	316	42	357	5e-146	 526
28	gi|118918051|dbj|AB233566.1|	96.84	316	10	0	1	316	42	357	5e-146	 526
28	gi|118918050|dbj|AB233563.1|	96.84	316	10	0	1	316	42	357	5e-146	 526
28	gi|118918042|dbj|AB233554.1|	96.84	316	10	0	1	316	42	357	5e-146	 526
28	gi|51320407|gb|AY674636.1|	96.84	316	10	0	1	316	43	358	5e-146	 526
28	gi|51320400|gb|AY674629.1|	96.84	316	10	0	1	316	30	345	5e-146	 526
28	gi|51320382|gb|AY674611.1|	96.84	316	10	0	1	316	11	326	5e-146	 526
28	gi|51235019|gb|AY652861.1|	96.84	316	10	0	1	316	36	351	5e-146	 526
28	gi|20799689|gb|AF503352.1|	96.84	316	10	0	1	316	30	345	5e-146	 526
28	gi|7595536|gb|AF207016.1|	96.84	316	10	0	1	316	49	364	5e-146	 526
28	gi|7595425|gb|AF206905.1|	96.84	316	10	0	1	316	45	360	5e-146	 526
28	gi|7595357|gb|AF206837.1|	96.84	316	10	0	1	316	46	361	5e-146	 526
28	gi|307601301|gb|GQ497578.1|	96.85	317	9	1	1	316	42	358	2e-145	 524
28	gi|294661082|gb|GU908468.1|	96.85	317	9	1	1	316	65	381	2e-145	 524
28	gi|51320359|gb|AY674588.1|	96.85	317	9	1	1	316	30	346	2e-145	 524
28	gi|1777716|gb|U42797.1|PPU42797	97.12	312	9	0	5	316	45	356	6e-145	 522
28	gi|336239094|gb|JF317377.1|	96.52	316	11	0	1	316	40	355	2e-144	 520
28	gi|336239093|gb|JF317376.1|	96.52	316	11	0	1	316	16	331	2e-144	 520
28	gi|336239091|gb|JF317374.1|	96.52	316	11	0	1	316	26	341	2e-144	 520
28	gi|336239088|gb|JF317371.1|	96.52	316	11	0	1	316	40	355	2e-144	 520
28	gi|336239086|gb|JF317369.1|	96.52	316	11	0	1	316	24	339	2e-144	 520
28	gi|336239077|gb|JF317360.1|	96.52	316	11	0	1	316	16	331	2e-144	 520
28	gi|334691676|gb|HQ384690.1|	96.52	316	11	0	1	316	49	364	2e-144	 520
28	gi|313118408|gb|HQ448767.1|	96.52	316	11	0	1	316	34	349	2e-144	 520
28	gi|256373708|gb|FJ748880.1|	96.52	316	11	0	1	316	70	385	2e-144	 520
28	gi|254553763|gb|FJ527844.1|	96.52	316	11	0	1	316	52	367	2e-144	 520
28	gi|254553762|gb|FJ527843.1|	96.52	316	11	0	1	316	52	367	2e-144	 520
28	gi|254553761|gb|FJ527842.1|	96.52	316	11	0	1	316	52	367	2e-144	 520
28	gi|261873471|gb|FJ669720.1|	96.52	316	11	0	1	316	17	332	2e-144	 520
28	gi|261873451|gb|FJ669700.1|	96.52	316	11	0	1	316	30	345	2e-144	 520
28	gi|225420910|gb|FJ785940.1|	96.52	316	11	0	1	316	47	362	2e-144	 520
28	gi|166084516|gb|EF025039.1|	96.52	316	11	0	1	316	65	380	2e-144	 520
28	gi|166084501|gb|EF025024.1|	96.52	316	11	0	1	316	65	380	2e-144	 520
28	gi|166084470|gb|EF024993.1|	96.52	316	11	0	1	316	65	380	2e-144	 520
28	gi|166084467|gb|EF024990.1|	96.52	316	11	0	1	316	65	380	2e-144	 520
28	gi|166084410|gb|EF024933.1|	96.52	316	11	0	1	316	65	380	2e-144	 520
28	gi|166084379|gb|EF024902.1|	96.52	316	11	0	1	316	126	441	2e-144	 520
28	gi|166084334|gb|EF024857.1|	96.52	316	11	0	1	316	65	380	2e-144	 520
28	gi|166084289|gb|EF024812.1|	96.52	316	11	0	1	316	65	380	2e-144	 520
28	gi|166084314|gb|EF024837.1|	96.52	316	11	0	1	316	65	380	2e-144	 520
28	gi|166084256|gb|EF024779.1|	96.52	316	11	0	1	316	65	380	2e-144	 520
28	gi|166084255|gb|EF024778.1|	96.52	316	11	0	1	316	65	380	2e-144	 520
28	gi|166084219|gb|EF024742.1|	96.52	316	11	0	1	316	65	380	2e-144	 520
28	gi|166084218|gb|EF024741.1|	96.52	316	11	0	1	316	65	380	2e-144	 520
28	gi|166084171|gb|EF024694.1|	96.52	316	11	0	1	316	65	380	2e-144	 520
28	gi|166084164|gb|EF024687.1|	96.52	316	11	0	1	316	65	380	2e-144	 520
28	gi|166084162|gb|EF024685.1|	96.52	316	11	0	1	316	65	380	2e-144	 520
28	gi|166084156|gb|EF024679.1|	96.52	316	11	0	1	316	65	380	2e-144	 520
28	gi|166084148|gb|EF024671.1|	96.52	316	11	0	1	316	65	380	2e-144	 520
28	gi|166084138|gb|EF024661.1|	96.52	316	11	0	1	316	115	430	2e-144	 520
28	gi|166084127|gb|EF024650.1|	96.52	316	11	0	1	316	65	380	2e-144	 520
28	gi|166084134|gb|EF024657.1|	96.52	316	11	0	1	316	65	380	2e-144	 520
28	gi|166084108|gb|EF024631.1|	96.52	316	11	0	1	316	65	380	2e-144	 520
28	gi|166084106|gb|EF024629.1|	96.52	316	11	0	1	316	65	380	2e-144	 520
28	gi|166084093|gb|EF024616.1|	96.52	316	11	0	1	316	65	380	2e-144	 520
28	gi|166083860|gb|EF024383.1|	96.52	316	11	0	1	316	65	380	2e-144	 520
28	gi|166083624|gb|EF024147.1|	96.52	316	11	0	1	316	65	380	2e-144	 520