# BLASTN 2.2.23+
# Query:  16 B46.484_1620
# Database: /home/rohinis/blastdb/blast_nt/nt
# Fields: query id, subject id, % identity, alignment length, mismatches, gap opens, q. start, q. end, s. start, s. end, evalue, bit score
# 100 hits found
16	gi|312434372|gb|HQ607894.1|	77.93	299	43	13	1	283	10	301	2e-49	 205
16	gi|345287733|gb|JN180937.1|	77.59	290	36	12	1	283	10	277	6e-49	 203
16	gi|312205595|gb|HM991278.1|	77.59	290	36	12	1	283	26	293	6e-49	 203
16	gi|312205551|gb|HM535378.1|	77.59	290	36	12	1	283	26	293	6e-49	 203
16	gi|312205543|gb|HM535370.1|	77.59	290	36	12	1	283	26	293	6e-49	 203
16	gi|300872426|gb|HM537056.1|	77.59	290	36	12	1	283	24	291	6e-49	 203
16	gi|300682096|dbj|AB449671.1|	77.59	290	36	12	1	283	341	608	6e-49	 203
16	gi|300682093|dbj|AB449668.1|	77.59	290	36	12	1	283	144	411	6e-49	 203
16	gi|300682091|dbj|AB449666.1|	77.59	290	36	12	1	283	170	437	6e-49	 203
16	gi|300682085|dbj|AB449660.1|	77.59	290	36	12	1	283	10	277	6e-49	 203
16	gi|300682090|dbj|AB449665.1|	77.59	290	36	12	1	283	10	277	6e-49	 203
16	gi|300682083|dbj|AB449658.1|	77.59	290	36	12	1	283	133	400	6e-49	 203
16	gi|300682079|dbj|AB449654.1|	77.59	290	36	12	1	283	341	608	6e-49	 203
16	gi|300682080|dbj|AB449655.1|	77.59	290	36	12	1	283	10	277	6e-49	 203
16	gi|300682081|dbj|AB449656.1|	77.59	290	36	12	1	283	341	608	6e-49	 203
16	gi|298356929|emb|FN868476.1|	77.59	290	36	12	1	283	24	291	6e-49	 203
16	gi|262035028|gb|GU062294.1|	77.59	290	36	12	1	283	16	283	6e-49	 203
16	gi|256575420|gb|GQ376100.1|	77.59	290	36	12	1	283	10	277	6e-49	 203
16	gi|256575419|gb|GQ376099.1|	77.59	290	36	12	1	283	10	277	6e-49	 203
16	gi|223006347|gb|FJ612979.1|	77.59	290	36	12	1	283	11	278	6e-49	 203
16	gi|209915956|gb|FJ378073.1|	77.59	290	36	12	1	283	11	278	6e-49	 203
16	gi|195979296|gb|EU918706.1|	77.59	290	36	12	1	283	11	278	6e-49	 203
16	gi|157697379|gb|EF672314.1|	77.59	290	36	12	1	283	12	279	6e-49	 203
16	gi|163963349|gb|EU330625.1|	77.59	290	36	12	1	283	25	292	6e-49	 203
16	gi|162415946|gb|EU301639.1|	77.59	290	36	12	1	283	28	295	6e-49	 203
16	gi|112418315|gb|DQ682568.1|	77.59	290	36	12	1	283	12	279	6e-49	 203
16	gi|78128522|gb|DQ234257.1|	77.59	290	36	12	1	283	1688	1955	6e-49	 203
16	gi|81296271|gb|DQ266046.1|	77.59	290	36	12	1	283	111	378	6e-49	 203
16	gi|340536498|gb|HQ871907.1|	76.90	290	36	11	1	283	25	290	7e-48	 199
16	gi|300872442|gb|HM537072.1|	77.32	291	37	12	1	283	24	293	7e-48	 199
16	gi|225382602|gb|FJ772001.1|	77.43	288	36	12	3	283	13	278	7e-48	 199
16	gi|345507311|gb|JN098065.1|	77.35	287	36	12	4	283	1	265	3e-47	 197
16	gi|311765878|emb|FR717903.1|	77.24	290	37	12	1	283	11	278	3e-47	 197
16	gi|290795730|gb|GU564156.1|	77.24	290	37	12	1	283	11	278	3e-47	 197
16	gi|168829577|gb|EU272522.1|	77.24	290	37	12	1	283	13	280	3e-47	 197
16	gi|157287144|gb|EU040239.1|	76.90	290	33	12	1	283	97	359	3e-47	 197
16	gi|38427150|gb|AY452982.1|	77.24	290	37	12	1	283	11	278	3e-47	 197
16	gi|6706153|emb|AJ279468.1|	77.24	290	37	12	1	283	17	284	3e-47	 197
16	gi|6706152|emb|AJ279466.1|	77.24	290	37	12	1	283	20	287	3e-47	 197
16	gi|5123732|emb|AJ246147.1|	77.24	290	37	12	1	283	68	335	3e-47	 197
16	gi|328942623|gb|JF440595.1|	77.21	294	44	12	1	283	14	295	9e-47	 196
16	gi|226349162|gb|FJ820785.1|	77.63	295	40	14	1	283	7	287	9e-47	 196
16	gi|226331199|gb|FJ791159.1|	77.27	286	36	12	5	283	6	269	9e-47	 196
16	gi|224971942|gb|FJ759488.1|	77.21	294	44	12	1	283	6	287	9e-47	 196
16	gi|224497890|gb|FJ538594.1|	77.27	286	36	12	5	283	17	280	9e-47	 196
16	gi|18481612|gb|AF461676.1|	77.21	294	44	12	1	283	2	283	9e-47	 196
16	gi|56411541|gb|AY681197.1|	77.21	294	44	12	1	283	2	283	9e-47	 196
16	gi|56411540|gb|AY681196.1|	77.63	295	40	14	1	283	2	282	9e-47	 196
16	gi|262035033|gb|GU062299.1|	76.90	290	38	12	1	283	25	292	3e-46	 194
16	gi|212640908|gb|EU821482.1|	77.08	288	37	12	3	283	14	279	3e-46	 194
16	gi|187424565|gb|EU620166.1|	75.43	289	40	8	1	283	317	580	3e-46	 194
16	gi|187424556|gb|EU620137.1|	75.43	289	40	8	1	283	317	580	3e-46	 194
16	gi|187424555|gb|EU620136.1|	75.43	289	40	8	1	283	317	580	3e-46	 194
16	gi|187424554|gb|EU620135.1|	75.43	289	40	8	1	283	317	580	3e-46	 194
16	gi|187424550|gb|EU620130.1|	75.43	289	40	8	1	283	317	580	3e-46	 194
16	gi|187424547|gb|EU620126.1|	75.43	289	40	8	1	283	268	531	3e-46	 194
16	gi|18481604|gb|AF461668.1|	77.29	295	43	13	1	283	2	284	3e-46	 194
16	gi|239606184|gb|FJ439578.2|	76.77	297	41	13	1	283	1735	2017	1e-45	 192
16	gi|195979294|gb|EU918704.1|	77.21	294	43	13	1	283	11	291	1e-45	 192
16	gi|168829562|gb|EU272507.1|	77.16	289	36	13	3	283	14	280	1e-45	 192
16	gi|18481609|gb|AF461673.1|	77.05	292	44	12	3	283	4	283	1e-45	 192
16	gi|300077875|gb|GU053798.1|	77.44	297	40	15	1	283	7	290	4e-45	 190
16	gi|299767820|gb|GQ999412.1|	77.29	295	41	14	1	283	7	287	4e-45	 190
16	gi|298356928|emb|FN868475.1|	77.29	295	41	14	1	283	22	302	4e-45	 190
16	gi|291498484|gb|GU566296.1|	76.21	290	38	11	1	283	24	289	4e-45	 190
16	gi|259103416|gb|GQ516304.1|	77.29	295	41	14	1	283	8	288	4e-45	 190
16	gi|226926177|gb|FJ776584.1|	77.29	295	41	14	1	283	6	286	4e-45	 190
16	gi|195979295|gb|EU918705.1|	76.87	294	45	12	1	283	10	291	4e-45	 190
16	gi|18481608|gb|AF461672.1|	76.79	293	45	12	1	282	2	282	4e-45	 190
16	gi|18481607|gb|AF461671.1|	76.87	294	45	12	1	283	2	283	4e-45	 190
16	gi|18481586|gb|AF461650.1|	76.87	294	45	12	1	283	2	283	4e-45	 190
16	gi|18481567|gb|AF461631.1|	76.77	297	43	13	1	283	2	286	4e-45	 190
16	gi|56411539|gb|AY681195.1|	77.29	295	41	14	1	283	2	282	4e-45	 190
16	gi|56411533|gb|AY681189.1|	77.40	292	40	14	4	283	1	278	4e-45	 190
16	gi|56411531|gb|AY681187.1|	76.98	291	44	12	4	283	1	279	4e-45	 190
16	gi|56411529|gb|AY681185.1|	76.98	291	44	12	4	283	1	279	4e-45	 190
16	gi|56411528|gb|AY681184.1|	76.98	291	44	12	4	283	1	279	4e-45	 190
16	gi|56411525|gb|AY681181.1|	76.98	291	44	12	4	283	1	279	4e-45	 190
16	gi|56411523|gb|AY681179.1|	77.40	292	40	14	4	283	1	278	4e-45	 190
16	gi|56411520|gb|AY681176.1|	77.40	292	40	14	4	283	1	278	4e-45	 190
16	gi|56411518|gb|AY681174.1|	77.40	292	40	14	4	283	1	278	4e-45	 190
16	gi|226349163|gb|FJ820786.1|	76.95	295	45	13	1	283	7	290	1e-44	 188
16	gi|226331186|gb|FJ791146.1|	76.55	290	39	12	1	283	3	270	1e-44	 188
16	gi|56411530|gb|AY681186.1|	76.90	290	44	12	5	283	1	278	1e-44	 188
16	gi|56411527|gb|AY681183.1|	76.29	291	47	10	4	283	1	280	1e-44	 188
16	gi|56411526|gb|AY681182.1|	77.13	293	40	14	4	283	1	279	1e-44	 188
16	gi|56411519|gb|AY681175.1|	77.32	291	40	14	5	283	1	277	1e-44	 188
16	gi|300078056|gb|GU053979.1|	76.77	297	42	14	1	283	7	290	5e-44	 187
16	gi|300078055|gb|GU053978.1|	76.69	296	44	13	1	283	7	290	5e-44	 187
16	gi|300077959|gb|GU053882.1|	76.69	296	44	13	1	283	7	290	5e-44	 187
16	gi|300077958|gb|GU053881.1|	76.77	297	42	14	1	283	7	290	5e-44	 187
16	gi|300077949|gb|GU053872.1|	76.77	297	42	14	1	283	7	290	5e-44	 187
16	gi|300077941|gb|GU053864.1|	77.03	296	43	14	1	283	7	290	5e-44	 187
16	gi|300077939|gb|GU053862.1|	76.77	297	42	14	1	283	7	290	5e-44	 187
16	gi|300077935|gb|GU053858.1|	77.10	297	41	15	1	283	7	290	5e-44	 187
16	gi|300077933|gb|GU053856.1|	76.77	297	42	14	1	283	7	290	5e-44	 187
16	gi|300077929|gb|GU053852.1|	76.77	297	42	14	1	283	7	290	5e-44	 187
16	gi|300077919|gb|GU053842.1|	76.77	297	42	14	1	283	7	290	5e-44	 187
16	gi|300077889|gb|GU053812.1|	76.77	297	42	14	1	283	7	290	5e-44	 187
16	gi|300077886|gb|GU053809.1|	77.03	296	43	14	1	283	7	290	5e-44	 187