# BLASTN 2.2.23+
# Query:  134 OW.50.482_1056
# Database: /home/rohinis/blastdb/blast_nt/nt
# Fields: query id, subject id, % identity, alignment length, mismatches, gap opens, q. start, q. end, s. start, s. end, evalue, bit score
# 100 hits found
134	gi|339459511|gb|JF946075.1|	96.32	272	5	2	1	267	2	273	1e-120	 441
134	gi|259105179|gb|GQ508657.1|	89.80	294	17	9	1	286	5	293	2e-98	 367
134	gi|259102042|gb|GQ514930.1|	89.04	292	18	9	4	286	3	289	2e-94	 354
134	gi|259094413|gb|GQ526119.1|	89.04	292	18	9	4	286	3	289	2e-94	 354
134	gi|259093847|gb|GQ525553.1|	88.74	293	19	9	3	286	1	288	5e-94	 352
134	gi|259099737|gb|GQ522035.1|	88.36	292	20	8	4	286	1	287	2e-93	 351
134	gi|259099273|gb|GQ521571.1|	88.10	294	19	10	4	286	1	289	1e-90	 342
134	gi|224970387|gb|FJ757933.1|	85.51	276	31	5	20	286	5	280	2e-79	 304
134	gi|259102213|gb|GQ515101.1|	82.29	288	44	5	1	286	5	287	4e-70	 273
134	gi|224974845|gb|FJ762391.1|	81.88	287	46	4	1	286	12	293	1e-69	 271
134	gi|259105547|gb|GQ509025.1|	82.29	288	43	6	1	286	8	289	5e-69	 269
134	gi|224970518|gb|FJ758064.1|	82.29	288	43	6	1	286	12	293	5e-69	 269
134	gi|259098978|gb|GQ521276.1|	82.01	289	44	6	1	286	16	299	2e-68	 268
134	gi|224970075|gb|FJ757621.1|	82.01	289	44	6	1	286	16	299	2e-68	 268
134	gi|259103973|gb|GQ516861.1|	81.60	288	44	5	1	286	24	304	6e-68	 266
134	gi|259097188|gb|GQ519486.1|	81.94	288	44	6	1	286	16	297	6e-68	 266
134	gi|259093517|gb|GQ525223.1|	81.60	288	44	5	1	286	24	304	6e-68	 266
134	gi|259090910|gb|GQ522616.1|	81.94	288	44	6	1	286	16	297	6e-68	 266
134	gi|224975051|gb|FJ762597.1|	81.72	290	44	6	1	286	16	300	6e-68	 266
134	gi|224971191|gb|FJ758737.1|	81.94	288	44	6	1	286	16	297	6e-68	 266
134	gi|259108709|gb|GQ512187.1|	83.33	276	36	8	14	286	1	269	2e-67	 264
134	gi|259105650|gb|GQ509128.1|	81.60	288	46	5	1	286	5	287	2e-67	 264
134	gi|224971765|gb|FJ759311.1|	81.60	288	46	5	1	286	12	294	2e-67	 264
134	gi|224971378|gb|FJ758924.1|	81.60	288	46	5	1	286	8	290	2e-67	 264
134	gi|224970711|gb|FJ758257.1|	82.13	291	41	8	1	286	12	296	2e-67	 264
134	gi|224970506|gb|FJ758052.1|	81.60	288	46	5	1	286	11	293	2e-67	 264
134	gi|259101197|gb|GQ514085.1|	81.53	287	46	5	2	286	9	290	7e-67	 262
134	gi|259098602|gb|GQ520900.1|	81.66	289	45	6	1	286	16	299	7e-67	 262
134	gi|259092681|gb|GQ524387.1|	81.66	289	45	6	1	286	19	302	7e-67	 262
134	gi|259091766|gb|GQ523472.1|	81.25	288	47	5	1	286	19	301	3e-66	 260
134	gi|224973821|gb|FJ761367.1|	81.79	291	42	8	1	286	5	289	3e-66	 260
134	gi|224973675|gb|FJ761221.1|	81.60	288	41	7	4	286	1	281	3e-66	 260
134	gi|163257707|emb|AM901772.1|	80.97	289	45	5	1	286	179	460	3e-66	 260
134	gi|259104453|gb|GQ517341.1|	80.07	296	44	5	4	286	1	294	9e-66	 259
134	gi|259103113|gb|GQ516001.1|	82.97	276	37	8	14	286	1	269	9e-66	 259
134	gi|224974427|gb|FJ761973.1|	81.51	292	42	8	1	286	5	290	9e-66	 259
134	gi|259104141|gb|GQ517029.1|	81.10	291	43	7	1	286	8	291	3e-65	 257
134	gi|259101120|gb|GQ514008.1|	81.44	291	43	8	1	286	5	289	1e-64	 255
134	gi|259100896|gb|GQ513784.1|	81.44	291	43	8	1	286	5	289	1e-64	 255
134	gi|259097492|gb|GQ519790.1|	81.44	291	43	8	1	286	5	289	1e-64	 255
134	gi|224974709|gb|FJ762255.1|	81.25	288	42	7	4	286	3	283	1e-64	 255
134	gi|224974693|gb|FJ762239.1|	81.44	291	43	8	1	286	8	292	1e-64	 255
134	gi|224974258|gb|FJ761804.1|	81.44	291	43	8	1	286	6	290	1e-64	 255
134	gi|224973661|gb|FJ761207.1|	81.44	291	43	8	1	286	5	289	1e-64	 255
134	gi|224971019|gb|FJ758565.1|	81.60	288	42	8	4	286	1	282	1e-64	 255
134	gi|224969963|gb|FJ757509.1|	81.60	288	42	8	4	286	3	284	1e-64	 255
134	gi|259099014|gb|GQ521312.1|	80.97	289	47	6	1	286	11	294	4e-64	 253
134	gi|224975369|gb|FJ762915.1|	81.16	292	43	8	1	286	5	290	4e-64	 253
134	gi|259107830|gb|GQ511308.1|	81.10	291	44	8	1	286	11	295	1e-63	 251
134	gi|259106874|gb|GQ510352.1|	80.76	291	44	7	1	286	5	288	1e-63	 251
134	gi|259103534|gb|GQ516422.1|	81.10	291	44	8	1	286	5	289	1e-63	 251
134	gi|259104009|gb|GQ516897.1|	81.25	288	43	8	4	286	1	282	5e-63	 250
134	gi|259102280|gb|GQ515168.1|	81.25	288	43	8	4	286	1	282	5e-63	 250
134	gi|259096678|gb|GQ518976.1|	81.16	292	43	9	1	286	5	290	5e-63	 250
134	gi|259094936|gb|GQ526642.1|	81.25	288	43	8	4	286	3	284	5e-63	 250
134	gi|224974668|gb|FJ762214.1|	81.31	289	40	9	4	286	3	283	5e-63	 250
134	gi|224973595|gb|FJ761141.1|	81.63	283	41	8	9	286	1	277	5e-63	 250
134	gi|224972488|gb|FJ760034.1|	81.16	292	43	9	1	286	5	290	5e-63	 250
134	gi|259095645|gb|GQ517943.1|	80.41	291	45	7	1	286	5	288	2e-62	 248
134	gi|224975427|gb|FJ762973.1|	80.69	290	46	7	1	286	5	288	2e-62	 248
134	gi|224972612|gb|FJ760158.1|	80.41	291	45	7	1	286	8	291	2e-62	 248
134	gi|74095674|emb|AJ875379.1|	80.55	293	43	8	1	286	16	301	2e-62	 248
134	gi|259108969|gb|GQ512447.1|	80.56	288	44	7	4	286	3	283	6e-62	 246
134	gi|259106722|gb|GQ510200.1|	81.03	290	37	10	1	286	11	286	6e-62	 246
134	gi|259105462|gb|GQ508940.1|	80.82	292	37	10	1	286	16	294	6e-62	 246
134	gi|259096983|gb|GQ519281.1|	80.90	288	44	8	4	286	3	284	6e-62	 246
134	gi|259093000|gb|GQ524706.1|	80.56	288	44	7	4	286	3	283	6e-62	 246
134	gi|259092467|gb|GQ524173.1|	80.48	292	44	8	1	286	5	289	6e-62	 246
134	gi|224974354|gb|FJ761900.1|	81.27	283	42	8	9	286	1	277	6e-62	 246
134	gi|224973348|gb|FJ760894.1|	80.90	288	44	8	4	286	3	284	6e-62	 246
134	gi|224970112|gb|FJ757658.1|	80.90	288	44	8	4	286	3	284	6e-62	 246
134	gi|259104509|gb|GQ517397.1|	80.76	291	38	10	1	286	8	285	2e-61	 244
134	gi|224974983|gb|FJ762529.1|	80.62	289	44	8	4	286	3	285	2e-61	 244
134	gi|224974445|gb|FJ761991.1|	80.82	292	44	9	1	286	5	290	2e-61	 244
134	gi|224972836|gb|FJ760382.1|	80.62	289	44	8	4	286	1	283	2e-61	 244
134	gi|224971966|gb|FJ759512.1|	80.48	292	45	8	1	286	8	293	2e-61	 244
134	gi|259106940|gb|GQ510418.1|	80.34	290	39	9	2	286	6	282	7e-61	 242
134	gi|259106764|gb|GQ510242.1|	80.48	292	37	10	1	286	11	288	7e-61	 242
134	gi|259103552|gb|GQ516440.1|	80.48	292	38	10	1	286	6	284	7e-61	 242
134	gi|259099952|gb|GQ522250.1|	80.48	292	38	10	1	286	8	286	7e-61	 242
134	gi|259099234|gb|GQ521532.1|	80.61	294	36	11	1	286	8	288	7e-61	 242
134	gi|259097544|gb|GQ519842.1|	80.21	288	45	7	4	286	3	283	7e-61	 242
134	gi|259095745|gb|GQ518043.1|	80.48	292	38	10	1	286	16	294	7e-61	 242
134	gi|259093688|gb|GQ525394.1|	80.27	294	38	10	1	286	5	286	7e-61	 242
134	gi|224974749|gb|FJ762295.1|	78.81	302	44	7	1	286	8	305	7e-61	 242
134	gi|224972776|gb|FJ760322.1|	78.62	304	44	7	1	286	11	311	7e-61	 242
134	gi|224971444|gb|FJ758990.1|	80.41	291	46	8	1	286	5	289	7e-61	 242
134	gi|224970883|gb|FJ758429.1|	80.14	292	39	9	1	286	8	286	7e-61	 242
134	gi|224970353|gb|FJ757899.1|	80.48	292	37	10	1	286	8	285	7e-61	 242
134	gi|259103491|gb|GQ516379.1|	80.07	291	39	9	1	286	8	284	2e-60	 241
134	gi|259102725|gb|GQ515613.1|	80.21	288	46	7	4	286	1	282	2e-60	 241
134	gi|259101355|gb|GQ514243.1|	78.45	297	52	4	1	286	11	306	2e-60	 241
134	gi|259099160|gb|GQ521458.1|	78.74	301	44	7	1	286	6	301	2e-60	 241
134	gi|259094905|gb|GQ526611.1|	78.81	302	42	8	1	286	8	303	2e-60	 241
134	gi|224974631|gb|FJ762177.1|	80.55	293	37	11	1	286	13	292	2e-60	 241
134	gi|224973488|gb|FJ761034.1|	80.76	291	36	11	1	286	11	286	2e-60	 241
134	gi|224972434|gb|FJ759980.1|	79.07	301	43	8	1	286	5	300	2e-60	 241
134	gi|224972310|gb|FJ759856.1|	78.41	301	46	6	1	286	6	302	2e-60	 241
134	gi|224972104|gb|FJ759650.1|	80.41	291	38	10	1	286	6	282	2e-60	 241
134	gi|259108752|gb|GQ512230.1|	78.19	298	52	4	1	286	11	307	8e-60	 239
