# BLASTN 2.2.23+
# Query:  10 E3B08.Pre2.492_7615
# Database: /home/rohinis/blastdb/blast_nt/nt
# Fields: query id, subject id, % identity, alignment length, mismatches, gap opens, q. start, q. end, s. start, s. end, evalue, bit score
# 739 hits found
10	gi|315270786|gb|HQ604796.1|	89.69	291	22	8	1	287	13	299	1e-97	 364
10	gi|226349043|gb|FJ820666.1|	89.35	291	23	8	1	287	7	293	6e-96	 359
10	gi|262034961|gb|GU062227.1|	88.10	294	20	15	1	287	13	298	1e-88	 335
10	gi|226349095|gb|FJ820718.1|	88.10	294	20	15	1	287	7	292	1e-88	 335
10	gi|4927909|gb|AF126906.1|AF126906	87.59	274	29	5	16	287	1	271	5e-82	 313
10	gi|225355248|gb|FJ798705.1|	88.58	254	23	6	37	287	1	251	3e-79	 303
10	gi|339458404|gb|JF944968.1|	87.27	275	20	15	1	268	2	268	4e-78	 300
10	gi|304653796|gb|HM583852.1|	87.18	273	21	14	26	287	1	270	1e-77	 298
10	gi|345432179|dbj|AB632924.1|	88.93	244	21	6	31	271	1	241	5e-77	 296
10	gi|3688150|emb|AJ006675.1|	85.32	293	32	11	1	287	18	305	6e-76	 292
10	gi|157057321|gb|EU118669.1|	87.90	248	21	9	45	287	1	244	4e-73	 283
10	gi|345432176|dbj|AB632921.1|	86.23	247	21	13	31	271	1	240	8e-65	 255
10	gi|345432173|dbj|AB632918.1|	86.23	247	21	13	31	271	1	240	8e-65	 255
10	gi|345432134|dbj|AB632879.1|	86.23	247	21	13	31	271	1	240	8e-65	 255
10	gi|345432122|dbj|AB632867.1|	86.23	247	21	13	31	271	1	240	8e-65	 255
10	gi|3688126|emb|AJ006674.1|	83.00	300	33	16	1	287	10	304	8e-65	 255
10	gi|56181683|gb|AY781278.1|	86.64	232	23	8	60	287	1	228	4e-63	 250
10	gi|299767750|gb|GQ999342.1|	82.43	296	38	12	1	287	7	297	5e-62	 246
10	gi|226348968|gb|FJ820591.1|	82.43	296	38	12	1	287	7	297	5e-62	 246
10	gi|345432099|dbj|AB632844.1|	85.43	247	23	13	31	271	1	240	2e-61	 244
10	gi|4927908|gb|AF126905.1|AF126905	83.10	284	31	16	16	287	1	279	7e-61	 243
10	gi|4927907|gb|AF126904.1|AF126904	83.10	284	31	16	16	287	1	279	7e-61	 243
10	gi|4927906|gb|AF126903.1|AF126903	83.10	284	31	16	16	287	1	279	7e-61	 243
10	gi|4927896|gb|AF126893.1|AF126893	83.16	285	28	17	16	287	1	278	7e-61	 243
10	gi|4927895|gb|AF126892.1|AF126892	83.16	285	28	17	16	287	1	278	7e-61	 243
10	gi|4927886|gb|AF126883.1|AF126883	83.10	284	31	16	16	287	1	279	7e-61	 243
10	gi|4927885|gb|AF126882.1|AF126882	83.10	284	31	16	16	287	1	279	7e-61	 243
10	gi|4927881|gb|AF126878.1|AF126878	83.10	284	31	16	16	287	1	279	7e-61	 243
10	gi|55709806|gb|AY789078.1|	82.09	296	39	13	1	287	9	299	2e-60	 241
10	gi|33327333|gb|AF533965.1|	84.46	251	29	9	41	287	1	245	8e-60	 239
10	gi|4927905|gb|AF126902.1|AF126902	82.67	277	38	10	16	287	1	272	3e-59	 237
10	gi|4927904|gb|AF126901.1|AF126901	82.67	277	38	10	16	287	1	272	3e-59	 237
10	gi|4927903|gb|AF126900.1|AF126900	82.67	277	38	10	16	287	1	272	3e-59	 237
10	gi|4927902|gb|AF126899.1|AF126899	82.67	277	38	10	16	287	1	272	3e-59	 237
10	gi|47499072|gb|AY621804.1|	81.82	297	38	15	1	287	25	315	1e-58	 235
10	gi|4927901|gb|AF126898.1|AF126898	82.56	281	35	12	16	287	1	276	1e-58	 235
10	gi|4927900|gb|AF126897.1|AF126897	82.56	281	35	12	16	287	1	276	1e-58	 235
10	gi|339459245|gb|JF945809.1|	82.42	273	38	10	1	268	2	269	5e-57	 230
10	gi|292453420|gb|GU721556.1|	81.88	298	30	20	1	287	24	308	5e-57	 230
10	gi|223885014|gb|FJ613654.1|	82.21	281	36	12	16	287	1	276	5e-57	 230
10	gi|4927899|gb|AF126896.1|AF126896	82.21	281	36	12	16	287	1	276	5e-57	 230
10	gi|4927898|gb|AF126895.1|AF126895	82.21	281	36	12	16	287	1	276	5e-57	 230
10	gi|4927897|gb|AF126894.1|AF126894	82.21	281	36	12	16	287	1	276	5e-57	 230
10	gi|4927884|gb|AF126881.1|AF126881	82.21	281	36	12	16	287	1	276	5e-57	 230
10	gi|4927883|gb|AF126880.1|AF126880	82.21	281	36	12	16	287	1	276	5e-57	 230
10	gi|4927882|gb|AF126879.1|AF126879	82.21	281	36	12	16	287	1	276	5e-57	 230
10	gi|254553988|gb|FJ496664.1|	83.91	261	17	23	39	287	1	248	7e-56	 226
10	gi|254553989|gb|FJ496665.1|	83.91	261	17	23	39	287	1	248	7e-56	 226
10	gi|254553987|gb|FJ496663.1|	83.91	261	17	23	39	287	1	248	7e-56	 226
10	gi|4927894|gb|AF126891.1|AF126891	81.85	281	37	12	16	287	1	276	2e-55	 224
10	gi|4927893|gb|AF126890.1|AF126890	81.85	281	37	12	16	287	1	276	2e-55	 224
10	gi|4927892|gb|AF126889.1|AF126889	81.85	281	37	12	16	287	1	276	2e-55	 224
10	gi|4927891|gb|AF126888.1|AF126888	81.85	281	37	12	16	287	1	276	2e-55	 224
10	gi|4927890|gb|AF126887.1|AF126887	81.85	281	37	12	16	287	1	276	2e-55	 224
10	gi|4927889|gb|AF126886.1|AF126886	81.85	281	37	12	16	287	1	276	2e-55	 224
10	gi|4927888|gb|AF126885.1|AF126885	81.85	281	37	12	16	287	1	276	2e-55	 224
10	gi|166361511|gb|EU232184.1|	83.67	245	28	11	48	287	1	238	3e-54	 220
10	gi|254553992|gb|FJ496668.1|	83.27	263	19	22	39	287	1	252	1e-53	 219
10	gi|223885011|gb|FJ613651.1|	81.49	281	38	12	16	287	1	276	1e-53	 219
10	gi|157057290|gb|EU118638.1|	84.52	239	18	19	59	287	1	230	1e-53	 219
10	gi|298357251|emb|FN907921.1|	81.85	270	32	16	30	287	1	265	5e-52	 213
10	gi|4927880|gb|AF126877.1|AF126877	81.27	283	36	13	16	287	1	277	5e-52	 213
10	gi|4927879|gb|AF126876.1|AF126876	81.27	283	36	13	16	287	1	277	5e-52	 213
10	gi|226349042|gb|FJ820665.1|	80.58	309	30	19	1	287	7	307	2e-51	 211
10	gi|163257895|emb|AM901960.1|	80.46	307	34	16	1	287	179	479	2e-51	 211
10	gi|254553993|gb|FJ496669.1|	82.51	263	21	22	39	287	1	252	7e-51	 209
10	gi|4927887|gb|AF126884.1|AF126884	80.78	281	40	12	16	287	1	276	7e-51	 209
10	gi|4927910|gb|AF126907.1|AF126907	80.28	284	37	16	16	287	1	277	4e-48	 200
10	gi|296244670|gb|HM008934.1|	79.40	301	29	30	3	287	1	284	1e-42	 182
10	gi|300959466|gb|HM136663.1|	79.07	301	27	29	1	287	11	289	2e-40	 174
10	gi|166361510|gb|EU232183.1|	82.38	210	25	10	85	287	40	244	9e-40	 172
10	gi|300078204|gb|GU054127.1|	78.50	321	26	29	1	287	7	318	3e-39	 171
10	gi|226349034|gb|FJ820657.1|	78.36	305	37	25	1	287	7	300	3e-39	 171
10	gi|345104708|gb|JN592510.1|	79.18	269	32	19	35	287	1	261	1e-38	 169
10	gi|299767770|gb|GQ999362.1|	78.74	301	28	31	1	287	7	285	1e-38	 169
10	gi|262034928|gb|GU062194.1|	78.95	304	23	32	1	287	25	304	1e-38	 169
10	gi|256374124|gb|FJ455006.1|	78.74	301	28	29	1	287	25	303	1e-38	 169
10	gi|339649250|gb|HQ659221.1|	80.50	241	27	16	59	287	1	233	4e-38	 167
10	gi|166361508|gb|EU232181.1|	81.90	210	26	10	85	287	40	244	4e-38	 167
10	gi|213493235|dbj|AB470242.1|	78.46	311	25	34	1	287	2	294	1e-37	 165
10	gi|300078222|gb|GU054145.1|	78.60	299	26	29	1	287	7	279	5e-37	 163
10	gi|300078203|gb|GU054126.1|	78.52	298	28	28	1	287	7	279	5e-37	 163
10	gi|166361509|gb|EU232182.1|	81.43	210	27	10	85	287	40	244	2e-36	 161
10	gi|38018003|gb|AY433811.1|	78.22	303	30	30	1	287	12	294	2e-36	 161
10	gi|300078386|gb|GU054309.1|	78.03	305	31	28	1	287	7	293	7e-36	 159
10	gi|300077901|gb|GU053824.1|	78.03	305	31	28	1	287	7	293	7e-36	 159
10	gi|300077898|gb|GU053821.1|	78.03	305	31	28	1	287	7	293	7e-36	 159
10	gi|219814211|gb|FJ554425.1|	77.88	321	27	36	1	287	317	627	7e-36	 159
10	gi|162311765|gb|EU292570.1|	77.95	322	25	38	1	287	2	312	7e-36	 159
10	gi|157678733|dbj|AB361644.1|	78.03	305	31	28	1	287	10	296	7e-36	 159
10	gi|150035579|gb|EF619796.1|	78.12	320	22	39	1	287	18	322	7e-36	 159
10	gi|300078228|gb|GU054151.1|	78.33	300	25	31	1	287	7	279	2e-35	 158
10	gi|300078213|gb|GU054136.1|	78.33	300	25	31	1	287	7	279	2e-35	 158
10	gi|300078206|gb|GU054129.1|	78.33	300	25	31	1	287	7	279	2e-35	 158
10	gi|300078043|gb|GU053966.1|	78.33	300	25	31	1	287	7	279	2e-35	 158
10	gi|117652937|gb|EF060532.1|	78.33	300	25	31	1	287	312	584	2e-35	 158
10	gi|29373924|gb|AY216475.1|	78.31	295	29	27	4	287	1	271	2e-35	 158
10	gi|311334277|emb|FN565319.1|	77.74	319	28	36	1	287	24	331	9e-35	 156
10	gi|311334275|emb|FN565317.1|	77.74	319	28	36	1	287	24	331	9e-35	 156
10	gi|295682453|gb|GU998567.1|	77.74	319	28	35	1	287	24	331	9e-35	 156
10	gi|284468631|gb|GU328578.1|	77.85	307	31	32	1	287	24	313	9e-35	 156
10	gi|169409347|gb|EU340898.1|	77.70	305	34	25	1	287	14	302	9e-35	 156
10	gi|83722425|gb|DQ309115.1|	77.81	320	26	36	1	287	2	309	9e-35	 156
10	gi|300252386|gb|GQ851701.1|	77.78	306	30	28	1	287	7	293	3e-34	 154
10	gi|300252383|gb|GQ851698.1|	77.78	306	30	29	1	287	7	293	3e-34	 154
10	gi|300252382|gb|GQ851697.1|	77.78	306	30	29	1	287	7	293	3e-34	 154
10	gi|301071354|gb|HM171940.1|	77.70	305	32	28	1	287	32	318	3e-34	 154
10	gi|254351295|gb|GQ267480.1|	77.81	320	23	40	1	287	24	328	3e-34	 154
10	gi|171879761|gb|EU557327.1|	77.74	319	23	40	2	287	1	304	3e-34	 154
10	gi|300078251|gb|GU054174.1|	78.00	300	26	31	1	287	7	279	1e-33	 152
10	gi|300078226|gb|GU054149.1|	78.00	300	26	31	1	287	7	279	1e-33	 152
10	gi|300078219|gb|GU054142.1|	78.00	300	26	31	1	287	7	279	1e-33	 152
10	gi|292453125|gb|GU721261.1|	78.00	300	26	31	1	287	24	296	1e-33	 152
10	gi|292453079|gb|GU721215.1|	78.00	300	26	31	1	287	24	296	1e-33	 152
10	gi|312434370|gb|HQ607891.1|	77.52	307	31	30	1	287	10	298	4e-33	 150
10	gi|310753984|gb|HQ211874.1|	77.50	320	27	34	1	287	24	331	4e-33	 150
10	gi|300252489|gb|GQ851804.1|	77.52	307	31	30	1	287	7	295	4e-33	 150
10	gi|300252396|gb|GQ851711.1|	77.52	307	31	30	1	287	7	295	4e-33	 150
10	gi|300252395|gb|GQ851710.1|	77.52	307	31	30	1	287	7	295	4e-33	 150
10	gi|300078344|gb|GU054267.1|	77.45	306	34	31	1	287	7	296	4e-33	 150
10	gi|299767797|gb|GQ999389.1|	77.45	306	34	31	1	287	7	296	4e-33	 150
10	gi|307101583|gb|HM211287.1|	77.52	307	31	30	1	287	12	300	4e-33	 150
10	gi|299778152|gb|HM069384.1|	77.50	320	27	36	1	287	178	485	4e-33	 150
10	gi|295682651|gb|GU998765.1|	77.50	320	27	36	1	287	24	331	4e-33	 150
10	gi|295682548|gb|GU998662.1|	77.50	320	27	36	1	287	24	331	4e-33	 150
10	gi|295682517|gb|GU998631.1|	77.50	320	27	36	1	287	24	331	4e-33	 150
10	gi|295682438|gb|GU998552.1|	77.50	320	27	36	1	287	24	331	4e-33	 150
10	gi|295682437|gb|GU998551.1|	77.50	320	27	36	1	287	24	331	4e-33	 150
10	gi|295682343|gb|GU998457.1|	77.50	320	27	36	1	287	24	331	4e-33	 150
10	gi|295682334|gb|GU998448.1|	77.50	320	27	36	1	287	24	331	4e-33	 150
10	gi|295682311|gb|GU998425.1|	77.50	320	27	36	1	287	24	331	4e-33	 150
10	gi|295682175|gb|GU998289.1|	77.50	320	27	36	1	287	24	331	4e-33	 150
10	gi|295682130|gb|GU998244.1|	77.50	320	27	36	1	287	24	331	4e-33	 150
10	gi|238805222|emb|FN393141.1|	77.50	320	27	36	1	287	2	309	4e-33	 150
10	gi|163257821|emb|AM901886.1|	77.45	306	34	31	1	287	179	468	4e-33	 150
10	gi|83722493|gb|DQ309183.1|	77.50	320	27	36	1	287	2	309	4e-33	 150
10	gi|61657588|emb|AJ889968.1|	77.50	320	27	36	1	287	3	310	4e-33	 150
10	gi|300252389|gb|GQ851704.1|	77.45	306	31	28	1	287	7	293	1e-32	 148
10	gi|300252385|gb|GQ851700.1|	77.45	306	31	28	1	287	7	293	1e-32	 148
10	gi|300252381|gb|GQ851696.1|	77.45	306	31	29	1	287	7	293	1e-32	 148
10	gi|300252380|gb|GQ851695.1|	77.45	306	31	29	1	287	7	293	1e-32	 148
10	gi|163257921|emb|AM901988.1|	77.67	300	29	32	1	287	179	453	1e-32	 148
10	gi|157678734|dbj|AB361645.1|	77.38	305	33	28	1	287	10	296	1e-32	 148
10	gi|345432229|dbj|AB632974.1|	78.40	250	37	16	31	271	1	242	5e-32	 147
10	gi|312434491|gb|HQ608013.1|	77.30	304	34	29	1	287	10	295	5e-32	 147
10	gi|311334276|emb|FN565318.1|	77.36	318	27	37	3	287	1	306	5e-32	 147
10	gi|300252398|gb|GQ851713.1|	77.20	307	32	30	1	287	7	295	2e-31	 145
10	gi|300252397|gb|GQ851712.1|	77.20	307	32	30	1	287	7	295	2e-31	 145
10	gi|295682652|gb|GU998766.1|	77.19	320	28	36	1	287	24	331	2e-31	 145
10	gi|295682267|gb|GU998381.1|	77.19	320	28	36	1	287	24	331	2e-31	 145
10	gi|292453726|gb|GU721862.1|	77.27	308	31	31	1	287	16	305	2e-31	 145
10	gi|262225527|emb|FM872460.1|	77.27	308	30	28	1	287	24	312	2e-31	 145
10	gi|257123938|gb|GQ398247.1|	77.12	319	30	34	1	287	5	312	2e-31	 145
10	gi|238805256|emb|FN393175.1|	77.19	320	28	36	1	287	2	309	2e-31	 145
10	gi|238804997|emb|FN393115.1|	77.19	320	28	36	1	287	2	309	2e-31	 145
10	gi|83722427|gb|DQ309117.1|	77.33	322	24	38	1	287	2	309	2e-31	 145
10	gi|313758692|gb|HM488522.1|	77.06	327	26	42	1	287	24	341	7e-31	 143
10	gi|300252387|gb|GQ851702.1|	77.12	306	32	28	1	287	7	293	7e-31	 143
10	gi|300077900|gb|GU053823.1|	77.10	310	32	28	1	287	7	300	7e-31	 143
10	gi|212725705|gb|FJ213505.1|	77.29	317	25	36	1	287	24	323	7e-31	 143
10	gi|186908903|gb|EU668254.1|	77.02	322	28	38	1	287	25	335	7e-31	 143
10	gi|3688127|emb|AJ006680.1|	76.67	300	44	22	1	287	10	296	7e-31	 143
10	gi|335354003|dbj|AB636446.1|	76.73	318	35	31	1	287	2	311	2e-30	 141
10	gi|300078225|gb|GU054148.1|	76.92	312	32	30	1	287	7	303	2e-30	 141
10	gi|300078224|gb|GU054147.1|	76.92	312	32	30	1	287	7	303	2e-30	 141
10	gi|114414810|emb|AM087266.1|	77.14	315	27	36	6	287	3	305	2e-30	 141
10	gi|311334274|emb|FN565316.1|	76.80	319	31	36	1	287	24	331	9e-30	 139
10	gi|212725719|gb|FJ213519.1|	85.42	144	9	11	1	137	24	162	9e-30	 139
10	gi|193298948|gb|EU807278.1|	77.12	306	29	34	1	282	5	293	9e-30	 139
10	gi|193298947|gb|EU807277.1|	77.12	306	29	34	1	282	5	293	9e-30	 139
10	gi|305669449|gb|HQ125625.1|	91.35	104	3	6	1	100	24	125	3e-29	 137
10	gi|218664611|gb|FJ481018.1|	76.87	307	32	32	1	287	10	297	3e-29	 137
10	gi|83722485|gb|DQ309175.1|	76.71	322	29	36	1	287	2	312	3e-29	 137
10	gi|57116622|gb|AY849307.1|	76.64	304	37	27	1	287	10	296	3e-29	 137
10	gi|228015439|gb|FJ403211.1|	76.77	310	31	33	1	287	30	321	1e-28	 135
10	gi|116282518|gb|DQ990858.1|	91.26	103	3	6	1	100	2	101	1e-28	 135
10	gi|116282518|gb|DQ990858.1|	98.28	58	0	1	231	287	263	320	4e-18	 100
10	gi|339649265|gb|HQ659236.1|	76.64	304	34	30	1	287	11	294	4e-28	 134
10	gi|339649264|gb|HQ659235.1|	76.64	304	34	30	1	287	11	294	4e-28	 134
10	gi|315270741|gb|HQ604751.1|	90.38	104	6	4	1	103	13	113	4e-28	 134
10	gi|315270741|gb|HQ604751.1|	100.00	52	0	0	236	287	296	347	5e-17	97.1
10	gi|148841088|gb|EF451057.1|	90.38	104	6	4	1	103	9	109	4e-28	 134
10	gi|148841088|gb|EF451057.1|	100.00	52	0	0	236	287	292	343	5e-17	97.1
10	gi|148841087|gb|EF451056.1|	90.38	104	6	4	1	103	10	110	4e-28	 134
10	gi|148841087|gb|EF451056.1|	100.00	42	0	0	236	277	293	334	2e-11	78.7
10	gi|162311720|gb|EU292525.1|	91.09	101	6	3	1	100	2	100	4e-28	 134
10	gi|162311720|gb|EU292525.1|	100.00	52	0	0	236	287	281	332	5e-17	97.1
10	gi|304441454|gb|HM542005.1|	85.82	134	7	10	1	130	10	135	1e-27	 132
10	gi|304441454|gb|HM542005.1|	89.41	85	4	5	206	287	231	313	1e-18	 102
10	gi|304441455|gb|HM542006.1|	85.82	134	7	10	1	130	10	135	1e-27	 132
10	gi|304441455|gb|HM542006.1|	89.41	85	4	5	206	287	231	313	1e-18	 102
10	gi|339459355|gb|JF945919.1|	90.29	103	6	4	1	100	2	103	1e-27	 132
10	gi|339459088|gb|JF945652.1|	90.38	104	4	6	1	100	2	103	1e-27	 132
10	gi|328942595|gb|JF440567.1|	90.38	104	4	6	1	100	15	116	1e-27	 132
10	gi|325550867|gb|HQ850126.1|	76.76	327	21	41	1	287	24	335	1e-27	 132
10	gi|325550866|gb|HQ850125.1|	76.76	327	21	41	1	287	24	335	1e-27	 132
10	gi|323398693|gb|GU991573.1|	85.82	134	7	10	1	130	10	135	1e-27	 132
10	gi|323398693|gb|GU991573.1|	89.41	85	4	5	206	287	231	313	1e-18	 102
10	gi|322410711|gb|HQ201734.1|	90.38	104	4	6	1	100	25	126	1e-27	 132
10	gi|305671360|gb|GU234160.1|	91.00	100	6	3	1	99	14	111	1e-27	 132
10	gi|305671360|gb|GU234160.1|	100.00	52	0	0	236	287	293	344	5e-17	97.1
10	gi|300078186|gb|GU054109.1|	84.25	146	12	10	1	142	7	145	1e-27	 132
10	gi|300078186|gb|GU054109.1|	89.47	95	4	6	198	287	215	308	1e-22	 115
10	gi|300078012|gb|GU053935.1|	76.45	310	34	29	1	287	7	300	1e-27	 132
10	gi|299767813|gb|GQ999405.1|	90.38	104	4	6	1	100	7	108	1e-27	 132
10	gi|299767813|gb|GQ999405.1|	97.78	45	1	0	243	287	245	289	2e-11	78.7
10	gi|305670425|gb|HQ126601.1|	90.38	104	4	6	1	100	24	125	1e-27	 132
10	gi|305670142|gb|HQ126318.1|	90.38	104	4	6	1	100	24	125	1e-27	 132
10	gi|305670062|gb|HQ126238.1|	90.38	104	4	6	1	100	24	125	1e-27	 132
10	gi|305668646|gb|HQ124822.1|	90.29	103	6	4	1	100	24	125	1e-27	 132
10	gi|299810445|gb|HM141007.1|	90.29	103	6	4	1	100	12	113	1e-27	 132
10	gi|262069430|gb|GU067737.1|	90.38	104	4	6	1	100	13	114	1e-27	 132
10	gi|158139176|gb|EU047805.1|	76.64	304	32	32	4	287	1	285	1e-27	 132
10	gi|163257897|emb|AM901962.1|	90.29	103	6	4	1	100	179	280	1e-27	 132
10	gi|162311688|gb|EU292493.1|	91.00	100	6	3	1	99	2	99	1e-27	 132
10	gi|162311688|gb|EU292493.1|	100.00	52	0	0	236	287	283	334	5e-17	97.1
10	gi|83722491|gb|DQ309181.1|	90.38	104	4	6	1	100	2	103	1e-27	 132
10	gi|74095647|emb|AJ875352.1|	90.29	103	6	4	2	103	1	100	1e-27	 132
10	gi|74095647|emb|AJ875352.1|	100.00	52	0	0	236	287	286	337	5e-17	97.1
10	gi|342673417|gb|JF300812.1|	76.32	321	31	39	1	287	24	333	5e-27	 130
10	gi|342673416|gb|JF300811.1|	76.32	321	31	39	1	287	24	333	5e-27	 130
10	gi|342673415|gb|JF300810.1|	76.32	321	31	39	1	287	24	333	5e-27	 130
10	gi|342673411|gb|JF300806.1|	76.32	321	31	39	1	287	24	333	5e-27	 130
10	gi|315666538|gb|HQ204746.1|	76.25	320	33	36	1	287	25	334	5e-27	 130
10	gi|264716493|gb|FJ788725.1|	90.29	103	4	6	1	100	13	112	5e-27	 130
10	gi|264716493|gb|FJ788725.1|	97.78	45	1	0	243	287	259	303	2e-11	78.7
10	gi|264716492|gb|FJ788724.1|	90.29	103	4	6	1	100	13	112	5e-27	 130
10	gi|264716492|gb|FJ788724.1|	97.78	45	1	0	243	287	259	303	2e-11	78.7
10	gi|305670125|gb|HQ126301.1|	91.00	100	3	6	1	96	24	121	5e-27	 130
10	gi|298257775|gb|GU392003.1|	90.20	102	6	4	1	100	24	123	5e-27	 130
10	gi|298257775|gb|GU392003.1|	95.56	45	2	0	243	287	282	326	9e-10	73.1
10	gi|298257774|gb|GU392002.1|	90.20	102	6	4	1	100	25	124	5e-27	 130
10	gi|298257774|gb|GU392002.1|	97.78	45	1	0	243	287	283	327	2e-11	78.7
10	gi|298257771|gb|GU391999.1|	90.20	102	6	4	1	100	25	124	5e-27	 130
10	gi|298257771|gb|GU391999.1|	97.78	45	1	0	243	287	283	327	2e-11	78.7
10	gi|298257770|gb|GU391998.1|	90.20	102	6	4	1	100	25	124	5e-27	 130
10	gi|298257770|gb|GU391998.1|	97.78	45	1	0	243	287	283	327	2e-11	78.7
10	gi|298257769|gb|GU391997.1|	90.20	102	6	4	1	100	25	124	5e-27	 130
10	gi|298257769|gb|GU391997.1|	97.78	45	1	0	243	287	283	327	2e-11	78.7
10	gi|298257765|gb|GU391993.1|	90.20	102	6	4	1	100	25	124	5e-27	 130
10	gi|298257765|gb|GU391993.1|	97.78	45	1	0	243	287	282	326	2e-11	78.7
10	gi|284468600|gb|GU328547.1|	90.20	102	6	4	1	99	24	124	5e-27	 130
10	gi|284468600|gb|GU328547.1|	100.00	52	0	0	236	287	305	356	5e-17	97.1
10	gi|262034944|gb|GU062210.1|	90.20	102	6	3	1	99	14	114	5e-27	 130
10	gi|262034944|gb|GU062210.1|	98.21	56	0	1	232	287	293	347	5e-17	97.1
10	gi|226349037|gb|FJ820660.1|	90.82	98	7	2	1	98	7	102	5e-27	 130
10	gi|226349037|gb|FJ820660.1|	95.00	60	2	1	229	287	245	304	7e-16	93.5
10	gi|199594109|gb|FJ013094.1|	76.25	320	33	36	1	287	13	322	5e-27	 130
10	gi|186908929|gb|EU668280.1|	85.19	135	10	9	1	130	13	142	5e-27	 130
10	gi|344333546|gb|JF908589.1|	90.10	101	6	3	2	99	1	100	2e-26	 128
10	gi|344333546|gb|JF908589.1|	98.21	56	0	1	232	287	279	333	5e-17	97.1
10	gi|344332986|gb|JF908027.1|	90.10	101	7	3	1	100	1	99	2e-26	 128
10	gi|344332986|gb|JF908027.1|	100.00	52	0	0	236	287	279	330	5e-17	97.1
10	gi|339509326|gb|HQ840659.1|	90.10	101	7	3	1	100	10	108	2e-26	 128
10	gi|339509326|gb|HQ840659.1|	100.00	52	0	0	236	287	277	328	5e-17	97.1
10	gi|339458878|gb|JF945442.1|	85.07	134	10	9	1	132	2	127	2e-26	 128
10	gi|336284785|dbj|AB605646.1|	89.52	105	5	4	1	100	2	105	2e-26	 128
10	gi|336284784|dbj|AB605645.1|	89.52	105	5	4	1	100	2	105	2e-26	 128
10	gi|336284780|dbj|AB605641.1|	89.52	105	5	4	1	100	2	105	2e-26	 128
10	gi|336284778|dbj|AB605639.1|	89.52	105	5	4	1	100	2	105	2e-26	 128
10	gi|336284769|dbj|AB604952.1|	89.52	105	5	4	1	100	2	105	2e-26	 128
10	gi|328496549|gb|JF419503.1|	84.67	137	11	9	1	134	13	142	2e-26	 128
10	gi|328496549|gb|JF419503.1|	100.00	52	0	0	236	287	286	337	5e-17	97.1
10	gi|327180258|gb|JF340276.1|	85.07	134	10	9	1	132	8	133	2e-26	 128
10	gi|291337469|gb|GQ219924.1|	84.67	137	11	9	1	134	24	153	2e-26	 128
10	gi|291337469|gb|GQ219924.1|	100.00	52	0	0	236	287	309	360	5e-17	97.1
10	gi|291337448|gb|GQ219903.1|	90.20	102	5	5	1	99	24	123	2e-26	 128
10	gi|291337448|gb|GQ219903.1|	100.00	52	0	0	236	287	310	361	5e-17	97.1
10	gi|291337439|gb|GQ219894.1|	84.67	137	11	9	1	134	24	153	2e-26	 128
10	gi|291337439|gb|GQ219894.1|	100.00	52	0	0	236	287	310	361	5e-17	97.1
10	gi|323398700|gb|HM590881.1|	88.79	107	8	4	1	105	10	114	2e-26	 128
10	gi|323398700|gb|HM590881.1|	100.00	54	0	0	234	287	256	309	4e-18	 100
10	gi|323398699|gb|HM590880.1|	88.79	107	8	4	1	105	10	114	2e-26	 128
10	gi|323398699|gb|HM590880.1|	100.00	54	0	0	234	287	256	309	4e-18	 100
10	gi|323398696|gb|GU991576.1|	88.79	107	8	4	1	105	10	114	2e-26	 128
10	gi|323398696|gb|GU991576.1|	100.00	54	0	0	234	287	256	309	4e-18	 100
10	gi|315666450|gb|HQ204658.1|	90.10	101	7	3	1	100	27	125	2e-26	 128
10	gi|315666450|gb|HQ204658.1|	100.00	52	0	0	236	287	306	357	5e-17	97.1
10	gi|300078405|gb|GU054328.1|	85.07	134	10	9	1	132	7	132	2e-26	 128
10	gi|300078390|gb|GU054313.1|	85.07	134	10	9	1	132	7	132	2e-26	 128
10	gi|299767817|gb|GQ999409.1|	85.07	134	10	9	1	132	7	132	2e-26	 128
10	gi|299767761|gb|GQ999353.1|	85.07	134	10	9	1	132	7	132	2e-26	 128
10	gi|305670407|gb|HQ126583.1|	90.10	101	6	4	1	99	24	122	2e-26	 128
10	gi|305670259|gb|HQ126435.1|	90.10	101	6	4	1	99	24	122	2e-26	 128
10	gi|284504033|gb|FJ943240.1|	90.00	100	8	2	1	99	10	108	2e-26	 128
10	gi|284504033|gb|FJ943240.1|	100.00	52	0	0	236	287	283	334	5e-17	97.1
10	gi|269115552|gb|FJ816627.1|	90.00	100	8	2	1	99	1	99	2e-26	 128
10	gi|269115552|gb|FJ816627.1|	100.00	52	0	0	236	287	274	325	5e-17	97.1
10	gi|258642495|gb|GQ478005.1|	90.10	101	7	3	1	100	25	123	2e-26	 128
10	gi|258642495|gb|GQ478005.1|	100.00	52	0	0	236	287	304	355	5e-17	97.1
10	gi|257123931|gb|GQ398240.1|	89.42	104	7	4	1	103	5	105	2e-26	 128
10	gi|257123931|gb|GQ398240.1|	100.00	52	0	0	236	287	288	339	5e-17	97.1
10	gi|256855525|emb|FN397155.1|	89.52	105	5	6	1	101	24	126	2e-26	 128
10	gi|256855525|emb|FN397155.1|	97.78	45	1	0	243	287	260	304	2e-11	78.7
10	gi|254351287|gb|GQ267472.1|	90.10	101	7	3	1	100	24	122	2e-26	 128
10	gi|254351287|gb|GQ267472.1|	100.00	52	0	0	236	287	303	354	5e-17	97.1
10	gi|254351286|gb|GQ267471.1|	90.10	101	7	3	1	100	24	122	2e-26	 128
10	gi|254351286|gb|GQ267471.1|	100.00	52	0	0	236	287	305	356	5e-17	97.1
10	gi|189313943|gb|EU693013.1|	90.10	101	7	3	1	100	7	105	2e-26	 128
10	gi|189313943|gb|EU693013.1|	100.00	52	0	0	236	287	286	337	5e-17	97.1
10	gi|229560465|gb|FJ897247.1|	90.82	98	5	4	1	97	8	102	2e-26	 128
10	gi|229560465|gb|FJ897247.1|	98.08	52	1	0	236	287	289	340	3e-15	91.6
10	gi|226349028|gb|FJ820651.1|	85.07	134	10	9	1	132	7	132	2e-26	 128
10	gi|226346626|gb|FJ810172.1|	88.89	108	7	4	1	105	10	115	2e-26	 128
10	gi|226346626|gb|FJ810172.1|	87.91	91	4	6	201	287	217	304	4e-18	 100
10	gi|226346607|gb|FJ810153.1|	88.89	108	7	4	1	105	10	115	2e-26	 128
10	gi|226346607|gb|FJ810153.1|	89.01	91	3	6	201	287	217	304	9e-20	 106
10	gi|219663937|gb|EU887517.1|	90.10	101	7	3	1	100	10	108	2e-26	 128
10	gi|219663937|gb|EU887517.1|	100.00	36	0	0	236	271	289	324	4e-08	67.6
10	gi|189419308|gb|EU570166.1|	90.10	101	7	3	1	100	6	104	2e-26	 128
10	gi|189419308|gb|EU570166.1|	100.00	52	0	0	236	287	285	336	5e-17	97.1
10	gi|189419307|gb|EU570165.1|	90.10	101	7	3	1	100	7	105	2e-26	 128
10	gi|189419307|gb|EU570165.1|	100.00	52	0	0	236	287	286	337	5e-17	97.1
10	gi|189419305|gb|EU570163.1|	90.10	101	7	3	1	100	7	105	2e-26	 128
10	gi|189419305|gb|EU570163.1|	100.00	52	0	0	236	287	286	337	5e-17	97.1
10	gi|194304286|gb|EU819448.1|	90.10	101	6	4	1	100	24	121	2e-26	 128
10	gi|194304286|gb|EU819448.1|	98.08	52	1	0	236	287	304	355	3e-15	91.6
10	gi|162136062|gb|EU273556.1|	88.89	108	7	4	1	105	10	115	2e-26	 128
10	gi|162136062|gb|EU273556.1|	89.01	91	3	6	201	287	217	304	9e-20	 106
10	gi|159794711|gb|EU202689.1|	90.10	101	7	3	1	100	13	111	2e-26	 128
10	gi|159794711|gb|EU202689.1|	100.00	52	0	0	236	287	292	343	5e-17	97.1
10	gi|159794710|gb|EU202688.1|	90.10	101	7	3	1	100	25	123	2e-26	 128
10	gi|159794710|gb|EU202688.1|	100.00	52	0	0	236	287	304	355	5e-17	97.1
10	gi|73622355|gb|DQ061931.1|	89.52	105	5	6	1	101	68	170	2e-26	 128
10	gi|42558522|gb|AY462038.1|	90.10	101	7	3	1	100	14	112	2e-26	 128
10	gi|42558522|gb|AY462038.1|	98.04	51	1	0	237	287	295	345	9e-15	89.8
10	gi|42558521|gb|AY462037.1|	90.82	98	5	4	1	97	18	112	2e-26	 128
10	gi|42558521|gb|AY462037.1|	98.08	52	1	0	236	287	299	350	3e-15	91.6
10	gi|42558520|gb|AY462036.1|	90.10	101	7	3	1	100	15	113	2e-26	 128
10	gi|42558520|gb|AY462036.1|	98.08	52	1	0	236	287	295	346	3e-15	91.6
10	gi|42558519|gb|AY462035.1|	90.10	101	7	3	1	100	15	113	2e-26	 128
10	gi|42558519|gb|AY462035.1|	98.08	52	1	0	236	287	295	346	3e-15	91.6
10	gi|42558517|gb|AY462033.1|	90.82	98	5	4	1	97	18	112	2e-26	 128
10	gi|42558517|gb|AY462033.1|	98.08	52	1	0	236	287	299	350	3e-15	91.6
10	gi|42558514|gb|AY462030.1|	90.82	98	5	4	1	97	18	112	2e-26	 128
10	gi|42558514|gb|AY462030.1|	98.08	52	1	0	236	287	299	350	3e-15	91.6
10	gi|18181852|emb|AJ242895.1|	89.42	104	7	4	1	101	25	127	2e-26	 128
10	gi|18181851|emb|AJ242894.1|	89.42	104	7	4	1	101	24	126	2e-26	 128
10	gi|18181848|emb|AJ242891.1|	89.42	104	7	4	1	101	24	126	2e-26	 128
10	gi|18181847|emb|AJ242890.1|	89.42	104	7	4	1	101	24	126	2e-26	 128
10	gi|344939500|gb|JN102547.1|	88.79	107	6	6	1	103	14	118	7e-26	 126
10	gi|344939500|gb|JN102547.1|	100.00	52	0	0	236	287	300	351	5e-17	97.1
10	gi|344939478|gb|JN102525.1|	88.79	107	6	6	1	103	17	121	7e-26	 126
10	gi|344939478|gb|JN102525.1|	100.00	52	0	0	236	287	302	353	5e-17	97.1
10	gi|344939477|gb|JN102524.1|	88.79	107	6	6	1	103	12	116	7e-26	 126
10	gi|344939477|gb|JN102524.1|	100.00	52	0	0	236	287	297	348	5e-17	97.1
10	gi|344939475|gb|JN102522.1|	88.79	107	6	6	1	103	20	124	7e-26	 126
10	gi|344939475|gb|JN102522.1|	100.00	52	0	0	236	287	305	356	5e-17	97.1
10	gi|344332998|gb|JF908039.1|	90.00	100	7	3	1	99	4	101	7e-26	 126
10	gi|344332998|gb|JF908039.1|	100.00	52	0	0	236	287	282	333	5e-17	97.1
10	gi|344332992|gb|JF908033.1|	90.00	100	7	3	2	100	1	98	7e-26	 126
10	gi|344332992|gb|JF908033.1|	100.00	52	0	0	236	287	278	329	5e-17	97.1
10	gi|344332989|gb|JF908030.1|	90.00	100	7	3	2	100	1	98	7e-26	 126
10	gi|344332989|gb|JF908030.1|	100.00	52	0	0	236	287	278	329	5e-17	97.1
10	gi|339458368|gb|JF944932.1|	89.42	104	5	6	1	100	2	103	7e-26	 126
10	gi|328496546|gb|JF419500.1|	90.00	100	7	3	1	99	8	105	7e-26	 126
10	gi|328496546|gb|JF419500.1|	100.00	52	0	0	236	287	285	336	5e-17	97.1
10	gi|325550868|gb|HQ850127.1|	76.45	327	22	41	1	287	24	335	7e-26	 126
10	gi|322410724|gb|HQ201747.1|	90.00	100	7	3	1	99	25	122	7e-26	 126
10	gi|322410697|gb|HQ201720.1|	90.00	100	7	3	1	99	25	122	7e-26	 126
10	gi|315666454|gb|HQ204662.1|	90.00	100	7	3	1	99	25	122	7e-26	 126
10	gi|315666454|gb|HQ204662.1|	100.00	51	0	0	237	287	311	361	2e-16	95.3
10	gi|315666451|gb|HQ204659.1|	90.00	100	7	3	1	99	26	123	7e-26	 126
10	gi|315666451|gb|HQ204659.1|	100.00	51	0	0	237	287	312	362	2e-16	95.3
10	gi|315270745|gb|HQ604755.1|	90.72	97	6	3	1	96	13	107	7e-26	 126
10	gi|315270745|gb|HQ604755.1|	98.21	56	0	1	232	287	292	346	5e-17	97.1
10	gi|269148112|gb|FJ803967.1|	90.00	100	7	3	1	99	24	121	7e-26	 126
10	gi|269148112|gb|FJ803967.1|	100.00	52	0	0	236	287	302	353	5e-17	97.1
10	gi|308209160|gb|HQ215891.1|	76.03	317	35	36	1	287	25	330	7e-26	 126
10	gi|307334595|gb|HM240197.1|	90.00	100	7	3	1	99	24	121	7e-26	 126
10	gi|307334595|gb|HM240197.1|	100.00	52	0	0	236	287	301	352	5e-17	97.1
10	gi|264716444|gb|FJ788676.1|	89.42	104	5	6	1	100	13	114	7e-26	 126
10	gi|264716444|gb|FJ788676.1|	97.78	45	1	0	243	287	252	296	2e-11	78.7
10	gi|264716445|gb|FJ788677.1|	89.42	104	5	6	1	100	13	114	7e-26	 126
10	gi|264716445|gb|FJ788677.1|	97.78	45	1	0	243	287	252	296	2e-11	78.7
10	gi|264716443|gb|FJ788675.1|	89.42	104	5	6	1	100	12	113	7e-26	 126
10	gi|264716443|gb|FJ788675.1|	97.78	45	1	0	243	287	251	295	2e-11	78.7
10	gi|306030595|gb|HM164679.1|	90.00	100	7	3	1	99	2	99	7e-26	 126
10	gi|306030595|gb|HM164679.1|	100.00	52	0	0	236	287	284	335	5e-17	97.1
10	gi|306030594|gb|HM164678.1|	90.00	100	7	3	1	99	2	99	7e-26	 126
10	gi|306030594|gb|HM164678.1|	100.00	52	0	0	236	287	285	336	5e-17	97.1
10	gi|306030552|gb|HM164636.1|	90.00	100	7	3	1	99	2	99	7e-26	 126
10	gi|306030552|gb|HM164636.1|	100.00	52	0	0	236	287	284	335	5e-17	97.1
10	gi|306030551|gb|HM164635.1|	90.00	100	7	3	1	99	2	99	7e-26	 126
10	gi|306030551|gb|HM164635.1|	100.00	52	0	0	236	287	284	335	5e-17	97.1
10	gi|306030548|gb|HM164632.1|	90.00	100	7	3	1	99	2	99	7e-26	 126
10	gi|306030548|gb|HM164632.1|	100.00	52	0	0	236	287	280	331	5e-17	97.1
10	gi|306030547|gb|HM164631.1|	90.00	100	7	3	1	99	2	99	7e-26	 126
10	gi|306030547|gb|HM164631.1|	100.00	52	0	0	236	287	284	335	5e-17	97.1
10	gi|306030546|gb|HM164630.1|	90.00	100	7	3	1	99	2	99	7e-26	 126
10	gi|306030546|gb|HM164630.1|	100.00	52	0	0	236	287	284	335	5e-17	97.1
10	gi|306030545|gb|HM164629.1|	90.00	100	7	3	1	99	2	99	7e-26	 126
10	gi|306030545|gb|HM164629.1|	100.00	52	0	0	236	287	284	335	5e-17	97.1
10	gi|306030543|gb|HM164627.1|	90.00	100	7	3	1	99	2	99	7e-26	 126
10	gi|306030543|gb|HM164627.1|	100.00	52	0	0	236	287	284	335	5e-17	97.1
10	gi|306030544|gb|HM164628.1|	90.00	100	7	3	1	99	2	99	7e-26	 126
10	gi|306030544|gb|HM164628.1|	100.00	52	0	0	236	287	284	335	5e-17	97.1
10	gi|305669858|gb|HQ126034.1|	90.00	100	7	3	1	99	24	121	7e-26	 126
10	gi|305669831|gb|HQ126007.1|	90.00	100	7	3	1	99	25	122	7e-26	 126
10	gi|305669255|gb|HQ125431.1|	90.00	100	7	3	1	99	24	121	7e-26	 126
10	gi|305669155|gb|HQ125331.1|	90.00	100	7	3	1	99	24	121	7e-26	 126
10	gi|305668616|gb|HQ124792.1|	84.78	138	7	13	1	131	24	154	7e-26	 126
10	gi|300681861|emb|FN539049.1|	88.79	107	7	5	1	105	6	109	7e-26	 126
10	gi|300681861|emb|FN539049.1|	89.01	91	3	6	201	287	211	298	9e-20	 106
10	gi|298683670|gb|HM130665.1|	90.72	97	6	3	1	96	25	119	7e-26	 126
10	gi|298683670|gb|HM130665.1|	100.00	52	0	0	236	287	303	354	5e-17	97.1
10	gi|284504032|gb|FJ943239.1|	90.00	100	7	3	1	99	10	107	7e-26	 126
10	gi|284504032|gb|FJ943239.1|	100.00	52	0	0	236	287	282	333	5e-17	97.1
10	gi|229577588|gb|FJ378791.1|	90.00	100	6	4	1	99	27	123	7e-26	 126
10	gi|229577588|gb|FJ378791.1|	100.00	52	0	0	236	287	239	290	5e-17	97.1
10	gi|284468639|gb|GU328586.1|	90.72	97	6	3	1	96	24	118	7e-26	 126
10	gi|284468639|gb|GU328586.1|	100.00	52	0	0	236	287	302	353	5e-17	97.1
10	gi|284429037|gb|GU289420.1|	76.03	317	35	36	1	287	2	307	7e-26	 126
10	gi|269115560|gb|FJ816635.1|	90.00	100	7	3	1	99	2	99	7e-26	 126
10	gi|269115560|gb|FJ816635.1|	100.00	52	0	0	236	287	274	325	5e-17	97.1
10	gi|269115557|gb|FJ816632.1|	90.00	100	7	3	1	99	3	100	7e-26	 126
10	gi|269115557|gb|FJ816632.1|	100.00	52	0	0	236	287	275	326	5e-17	97.1
10	gi|269115553|gb|FJ816628.1|	90.00	100	7	3	1	99	5	102	7e-26	 126
10	gi|269115553|gb|FJ816628.1|	100.00	52	0	0	236	287	277	328	5e-17	97.1
10	gi|269115551|gb|FJ816626.1|	90.00	100	7	3	1	99	1	98	7e-26	 126
10	gi|269115551|gb|FJ816626.1|	100.00	52	0	0	236	287	273	324	5e-17	97.1
10	gi|269115550|gb|FJ816625.1|	90.00	100	7	3	1	99	10	107	7e-26	 126
10	gi|269115550|gb|FJ816625.1|	100.00	52	0	0	236	287	282	333	5e-17	97.1
10	gi|269115549|gb|FJ816624.1|	90.00	100	7	3	1	99	3	100	7e-26	 126
10	gi|269115549|gb|FJ816624.1|	100.00	52	0	0	236	287	275	326	5e-17	97.1
10	gi|269115547|gb|FJ816622.1|	90.00	100	7	3	1	99	5	102	7e-26	 126
10	gi|269115547|gb|FJ816622.1|	100.00	52	0	0	236	287	277	328	5e-17	97.1
10	gi|269115546|gb|FJ816621.1|	90.00	100	7	3	1	99	5	102	7e-26	 126
10	gi|269115546|gb|FJ816621.1|	100.00	52	0	0	236	287	277	328	5e-17	97.1
10	gi|269115545|gb|FJ816620.1|	90.00	100	7	3	1	99	5	102	7e-26	 126
10	gi|269115545|gb|FJ816620.1|	100.00	52	0	0	236	287	277	328	5e-17	97.1
10	gi|269115544|gb|FJ816619.1|	90.00	100	7	3	1	99	5	102	7e-26	 126
10	gi|269115544|gb|FJ816619.1|	100.00	52	0	0	236	287	277	328	5e-17	97.1
10	gi|269115543|gb|FJ816618.1|	90.00	100	7	3	1	99	9	106	7e-26	 126
10	gi|269115543|gb|FJ816618.1|	100.00	52	0	0	236	287	285	336	5e-17	97.1
10	gi|256855503|emb|FN397133.1|	90.00	100	7	3	1	99	24	121	7e-26	 126
10	gi|256855503|emb|FN397133.1|	100.00	52	0	0	236	287	306	357	5e-17	97.1
10	gi|256855502|emb|FN397132.1|	90.00	100	7	3	1	99	24	121	7e-26	 126
10	gi|256855502|emb|FN397132.1|	100.00	52	0	0	236	287	306	357	5e-17	97.1
10	gi|229560403|gb|FJ897185.1|	90.82	98	4	4	1	96	25	119	7e-26	 126
10	gi|229560403|gb|FJ897185.1|	100.00	52	0	0	236	287	303	354	5e-17	97.1
10	gi|226442286|gb|FJ845445.1|	90.10	101	5	5	1	100	84	180	7e-26	 126
10	gi|226442286|gb|FJ845445.1|	98.08	52	1	0	236	287	362	413	3e-15	91.6
10	gi|226349004|gb|FJ820627.1|	88.79	107	7	5	1	105	7	110	7e-26	 126
10	gi|226349004|gb|FJ820627.1|	89.01	91	3	6	201	287	212	299	9e-20	 106
10	gi|194400824|gb|EU668919.1|	90.82	98	4	4	1	96	10	104	7e-26	 126
10	gi|194400824|gb|EU668919.1|	100.00	52	0	0	236	287	288	339	5e-17	97.1
10	gi|219813159|gb|FJ553373.1|	90.00	100	7	3	1	99	317	414	7e-26	 126
10	gi|219813159|gb|FJ553373.1|	100.00	52	0	0	236	287	597	648	5e-17	97.1
10	gi|219812896|gb|FJ553110.1|	90.00	100	7	3	1	99	317	414	7e-26	 126
10	gi|219812896|gb|FJ553110.1|	100.00	52	0	0	236	287	597	648	5e-17	97.1
10	gi|189419330|gb|EU570188.1|	90.00	100	7	3	1	99	11	108	7e-26	 126
10	gi|189419330|gb|EU570188.1|	100.00	52	0	0	236	287	287	338	5e-17	97.1
10	gi|189419329|gb|EU570187.1|	90.00	100	7	3	1	99	9	106	7e-26	 126
10	gi|189419329|gb|EU570187.1|	100.00	52	0	0	236	287	285	336	5e-17	97.1
10	gi|189419326|gb|EU570184.1|	90.00	100	7	3	1	99	11	108	7e-26	 126
10	gi|189419326|gb|EU570184.1|	100.00	52	0	0	236	287	283	334	5e-17	97.1
10	gi|189419324|gb|EU570182.1|	90.00	100	7	3	1	99	7	104	7e-26	 126
10	gi|189419324|gb|EU570182.1|	100.00	52	0	0	236	287	279	330	5e-17	97.1
10	gi|189419323|gb|EU570181.1|	90.00	100	7	3	1	99	5	102	7e-26	 126
10	gi|189419323|gb|EU570181.1|	100.00	52	0	0	236	287	277	328	5e-17	97.1
10	gi|189419322|gb|EU570180.1|	90.00	100	7	3	1	99	5	102	7e-26	 126
10	gi|189419322|gb|EU570180.1|	100.00	52	0	0	236	287	277	328	5e-17	97.1
10	gi|189419319|gb|EU570177.1|	90.00	100	7	3	1	99	10	107	7e-26	 126
10	gi|189419319|gb|EU570177.1|	100.00	52	0	0	236	287	290	341	5e-17	97.1
10	gi|186908887|gb|EU668238.1|	90.00	100	7	3	1	99	9	106	7e-26	 126
10	gi|186908887|gb|EU668238.1|	100.00	52	0	0	236	287	291	342	5e-17	97.1
10	gi|186908884|gb|EU668235.1|	90.82	98	4	4	1	96	14	108	7e-26	 126
10	gi|186908884|gb|EU668235.1|	100.00	52	0	0	236	287	292	343	5e-17	97.1
10	gi|190682945|gb|EU645602.1|	89.42	104	5	6	1	100	13	114	7e-26	 126
10	gi|190682945|gb|EU645602.1|	97.78	45	1	0	243	287	249	293	2e-11	78.7
10	gi|194304379|gb|EU819541.1|	90.00	100	7	3	1	99	24	121	7e-26	 126
10	gi|194304379|gb|EU819541.1|	100.00	52	0	0	236	287	301	352	5e-17	97.1
10	gi|158934600|emb|AM269811.1|	88.79	107	7	5	1	105	9	112	7e-26	 126
10	gi|158934600|emb|AM269811.1|	89.01	91	3	6	201	287	214	301	9e-20	 106
10	gi|126843984|gb|EF090516.1|	89.32	103	7	4	1	100	24	125	7e-26	 126
10	gi|126843984|gb|EF090516.1|	92.98	57	2	2	232	287	244	299	2e-12	82.4
10	gi|126843970|gb|EF090515.1|	89.32	103	7	4	1	100	25	126	7e-26	 126
10	gi|126843970|gb|EF090515.1|	88.24	68	5	3	222	287	234	300	2e-11	78.7
10	gi|126843959|gb|EF090514.1|	89.32	103	7	4	1	100	24	125	7e-26	 126
10	gi|126843959|gb|EF090514.1|	92.98	57	2	2	232	287	244	299	2e-12	82.4
10	gi|126843949|gb|EF090513.1|	89.32	103	7	4	1	100	24	125	7e-26	 126
10	gi|126843949|gb|EF090513.1|	92.98	57	2	2	232	287	244	299	2e-12	82.4
10	gi|126843815|gb|EF090500.1|	89.32	103	7	4	1	100	24	125	7e-26	 126
10	gi|126843815|gb|EF090500.1|	92.98	57	2	2	232	287	244	299	2e-12	82.4
10	gi|126843752|gb|EF090497.1|	89.32	103	7	4	1	100	25	126	7e-26	 126
10	gi|126843752|gb|EF090497.1|	92.98	57	2	2	232	287	245	300	2e-12	82.4
10	gi|126843713|gb|EF090494.1|	89.32	103	7	4	1	100	24	125	7e-26	 126
10	gi|126843713|gb|EF090494.1|	92.98	57	2	2	232	287	244	299	2e-12	82.4
10	gi|126843707|gb|EF090493.1|	89.32	103	7	4	1	100	31	132	7e-26	 126
10	gi|126843707|gb|EF090493.1|	88.24	68	5	3	222	287	240	306	2e-11	78.7
10	gi|145308865|gb|EF521243.1|	76.03	317	35	36	1	287	25	330	7e-26	 126
10	gi|71044402|gb|DQ054578.1|	90.00	100	7	3	1	99	2	99	7e-26	 126
10	gi|71044402|gb|DQ054578.1|	100.00	52	0	0	236	287	274	325	5e-17	97.1
10	gi|71044399|gb|DQ054575.1|	90.00	100	7	3	1	99	2	99	7e-26	 126
10	gi|71044399|gb|DQ054575.1|	100.00	52	0	0	236	287	289	340	5e-17	97.1
10	gi|61657756|emb|AJ633582.1|	84.67	137	9	11	1	131	103	233	7e-26	 126
10	gi|61657756|emb|AJ633582.1|	98.11	53	1	0	235	287	356	408	7e-16	93.5
10	gi|18181856|emb|AJ242899.1|	89.32	103	7	4	1	100	24	125	7e-26	 126
10	gi|18181856|emb|AJ242899.1|	97.78	45	1	0	243	287	255	299	2e-11	78.7
10	gi|18181855|emb|AJ242898.1|	89.32	103	7	4	1	100	24	125	7e-26	 126
10	gi|18181855|emb|AJ242898.1|	97.78	45	1	0	243	287	255	299	2e-11	78.7
10	gi|344939493|gb|JN102540.1|	88.79	107	5	7	1	103	14	117	2e-25	 124
10	gi|344939493|gb|JN102540.1|	100.00	52	0	0	236	287	265	316	5e-17	97.1
10	gi|344939491|gb|JN102538.1|	88.79	107	5	7	1	103	26	129	2e-25	 124
10	gi|344939491|gb|JN102538.1|	100.00	52	0	0	236	287	277	328	5e-17	97.1
10	gi|344939448|gb|JN102495.1|	88.79	107	5	7	1	103	15	118	2e-25	 124
10	gi|344939448|gb|JN102495.1|	100.00	52	0	0	236	287	292	343	5e-17	97.1
10	gi|344332996|gb|JF908037.1|	90.62	96	6	3	2	96	2	95	2e-25	 124
10	gi|344332996|gb|JF908037.1|	100.00	52	0	0	236	287	279	330	5e-17	97.1
10	gi|344332994|gb|JF908035.1|	90.72	97	4	4	2	96	1	94	2e-25	 124
10	gi|344332994|gb|JF908035.1|	100.00	52	0	0	236	287	278	329	5e-17	97.1
10	gi|344332993|gb|JF908034.1|	90.72	97	4	4	2	96	1	94	2e-25	 124
10	gi|344332993|gb|JF908034.1|	100.00	52	0	0	236	287	278	329	5e-17	97.1
10	gi|342673413|gb|JF300808.1|	76.01	321	32	39	1	287	24	333	2e-25	 124
10	gi|336284788|dbj|AB605649.1|	89.22	102	7	4	1	100	2	101	2e-25	 124
10	gi|336284788|dbj|AB605649.1|	95.92	49	2	0	239	287	252	300	5e-12	80.5
10	gi|323398702|gb|HM590883.1|	76.10	318	30	33	1	287	10	312	2e-25	 124
10	gi|323398701|gb|HM590882.1|	76.10	318	30	33	1	287	10	312	2e-25	 124
10	gi|319826958|gb|HQ650743.1|	90.10	101	3	5	1	100	2	96	2e-25	 124
10	gi|319826958|gb|HQ650743.1|	98.08	52	1	0	236	287	279	330	3e-15	91.6
10	gi|300078220|gb|GU054143.1|	76.07	305	36	27	1	287	7	292	2e-25	 124
10	gi|289190103|gb|GQ869486.1|	89.11	101	8	3	1	100	9	107	2e-25	 124
10	gi|289190103|gb|GQ869486.1|	100.00	52	0	0	236	287	289	340	5e-17	97.1
10	gi|298257776|gb|GU392004.1|	89.22	102	7	4	1	100	25	124	2e-25	 124
10	gi|298257776|gb|GU392004.1|	97.78	45	1	0	243	287	283	327	2e-11	78.7
10	gi|284814017|gb|GU366737.1|	90.10	101	3	5	1	99	24	119	2e-25	 124
10	gi|284814017|gb|GU366737.1|	98.08	52	1	0	236	287	259	310	3e-15	91.6
10	gi|269115556|gb|FJ816631.1|	89.90	99	7	3	2	99	1	97	2e-25	 124
10	gi|269115556|gb|FJ816631.1|	100.00	52	0	0	236	287	272	323	5e-17	97.1
10	gi|269115548|gb|FJ816623.1|	89.90	99	7	3	2	99	1	97	2e-25	 124
10	gi|269115548|gb|FJ816623.1|	100.00	52	0	0	236	287	272	323	5e-17	97.1
10	gi|239946346|gb|GQ165677.1|	88.68	106	6	6	1	103	14	116	2e-25	 124
10	gi|239946346|gb|GQ165677.1|	100.00	52	0	0	236	287	291	342	5e-17	97.1
10	gi|239946298|gb|GQ165629.1|	88.79	107	5	7	1	103	17	120	2e-25	 124
10	gi|239946298|gb|GQ165629.1|	100.00	52	0	0	236	287	294	345	5e-17	97.1
10	gi|239946297|gb|GQ165628.1|	88.79	107	5	7	1	103	26	129	2e-25	 124
10	gi|239946297|gb|GQ165628.1|	100.00	52	0	0	236	287	303	354	5e-17	97.1
10	gi|239946296|gb|GQ165627.1|	88.79	107	5	7	1	103	15	118	2e-25	 124
10	gi|239946296|gb|GQ165627.1|	100.00	52	0	0	236	287	292	343	5e-17	97.1
10	gi|239946291|gb|GQ165622.1|	88.79	107	5	7	1	103	4	107	2e-25	 124
10	gi|239946291|gb|GQ165622.1|	100.00	52	0	0	236	287	281	332	5e-17	97.1
10	gi|209870887|gb|EU784363.1|	89.32	103	5	5	1	99	22	122	2e-25	 124
10	gi|209870887|gb|EU784363.1|	100.00	52	0	0	236	287	309	360	5e-17	97.1
10	gi|219813990|gb|FJ554204.1|	84.56	136	9	11	1	130	317	446	2e-25	 124
10	gi|219813435|gb|FJ553649.1|	84.56	136	9	11	1	130	317	446	2e-25	 124
10	gi|194304307|gb|EU819469.1|	89.00	100	9	2	1	99	24	122	2e-25	 124
10	gi|194304307|gb|EU819469.1|	100.00	52	0	0	236	287	303	354	5e-17	97.1
10	gi|193298959|gb|EU807289.1|	88.79	107	4	8	1	105	5	105	2e-25	 124
10	gi|193298959|gb|EU807289.1|	97.96	49	1	0	234	282	284	332	1e-13	86.1
10	gi|193298958|gb|EU807288.1|	88.79	107	4	8	1	105	5	105	2e-25	 124
10	gi|193298958|gb|EU807288.1|	97.96	49	1	0	234	282	284	332	1e-13	86.1
10	gi|193298957|gb|EU807287.1|	88.79	107	4	8	1	105	5	105	2e-25	 124
10	gi|193298957|gb|EU807287.1|	97.96	49	1	0	234	282	284	332	1e-13	86.1
10	gi|189306927|gb|EU597016.1|	90.10	101	3	5	1	99	7	102	2e-25	 124
10	gi|189306927|gb|EU597016.1|	98.08	52	1	0	236	287	242	293	3e-15	91.6
10	gi|159794709|gb|EU202687.1|	89.11	101	8	3	1	100	15	113	2e-25	 124
10	gi|159794709|gb|EU202687.1|	100.00	52	0	0	236	287	294	345	5e-17	97.1
10	gi|126843938|gb|EF090511.1|	89.90	99	6	4	1	96	24	121	2e-25	 124
10	gi|126843938|gb|EF090511.1|	92.98	57	2	2	232	287	244	299	2e-12	82.4
10	gi|126843782|gb|EF090498.1|	89.32	103	6	5	1	100	27	127	2e-25	 124
10	gi|126843782|gb|EF090498.1|	92.98	57	2	2	232	287	247	302	2e-12	82.4
10	gi|133872764|gb|EF458016.1|	89.90	99	6	4	1	96	636	539	2e-25	 124
10	gi|133872764|gb|EF458016.1|	96.36	55	1	1	234	287	375	321	9e-15	89.8
10	gi|133753168|gb|EF434074.1|	89.80	98	8	2	1	98	2	97	2e-25	 124
10	gi|133753168|gb|EF434074.1|	100.00	52	0	0	236	287	284	335	5e-17	97.1
10	gi|118420851|dbj|AB259860.1|	84.96	133	9	8	1	132	24	146	2e-25	 124
10	gi|118420851|dbj|AB259860.1|	100.00	54	0	0	234	287	272	325	4e-18	 100
10	gi|74095682|emb|AJ875387.1|	89.22	102	7	4	1	100	24	123	2e-25	 124
10	gi|74095682|emb|AJ875387.1|	100.00	52	0	0	236	287	304	355	5e-17	97.1
10	gi|18181854|emb|AJ242897.1|	89.32	103	6	5	1	100	25	125	2e-25	 124
10	gi|18181854|emb|AJ242897.1|	97.78	45	1	0	243	287	256	300	2e-11	78.7
10	gi|344333545|gb|JF908588.1|	89.22	102	5	6	1	99	4	102	9e-25	 122
10	gi|344333545|gb|JF908588.1|	98.08	52	1	0	236	287	297	348	3e-15	91.6
10	gi|339509331|gb|HQ840663.1|	88.57	105	7	5	1	103	12	113	9e-25	 122
10	gi|339509331|gb|HQ840663.1|	100.00	52	0	0	236	287	281	332	5e-17	97.1
10	gi|291337450|gb|GQ219905.1|	89.22	102	6	4	1	99	24	123	9e-25	 122
10	gi|291337450|gb|GQ219905.1|	100.00	52	0	0	236	287	309	360	5e-17	97.1
10	gi|291337413|gb|GQ219868.1|	89.22	102	6	4	1	99	24	123	9e-25	 122
10	gi|291337413|gb|GQ219868.1|	100.00	52	0	0	236	287	309	360	5e-17	97.1
10	gi|291337395|gb|GQ219850.1|	89.00	100	9	2	1	99	24	122	9e-25	 122
10	gi|291337395|gb|GQ219850.1|	100.00	52	0	0	236	287	309	360	5e-17	97.1
10	gi|291337359|gb|GQ219814.1|	89.11	101	8	3	1	99	24	123	9e-25	 122
10	gi|291337359|gb|GQ219814.1|	98.08	52	1	0	236	287	309	360	3e-15	91.6
10	gi|299766498|gb|GU327479.1|	89.11	101	8	3	1	99	21	120	9e-25	 122
10	gi|299766498|gb|GU327479.1|	98.08	52	1	0	236	287	307	358	7e-16	93.5
10	gi|314913957|gb|HQ533013.1|	89.90	99	5	3	1	99	14	107	9e-25	 122
10	gi|314913957|gb|HQ533013.1|	96.15	52	2	0	236	287	224	275	1e-13	86.1
10	gi|312264457|gb|GU817203.1|	89.11	101	8	3	1	100	24	122	9e-25	 122
10	gi|312264457|gb|GU817203.1|	100.00	52	0	0	236	287	304	355	5e-17	97.1
10	gi|312264338|gb|GU817084.1|	89.11	101	8	3	1	100	24	122	9e-25	 122
10	gi|312264338|gb|GU817084.1|	100.00	52	0	0	236	287	304	355	5e-17	97.1
10	gi|312264335|gb|GU817081.1|	89.11	101	8	3	1	100	24	122	9e-25	 122
10	gi|312264335|gb|GU817081.1|	100.00	52	0	0	236	287	304	355	5e-17	97.1
10	gi|312264333|gb|GU817079.1|	89.11	101	8	3	1	100	24	122	9e-25	 122
10	gi|312264333|gb|GU817079.1|	100.00	52	0	0	236	287	304	355	5e-17	97.1
10	gi|312264326|gb|GU817072.1|	89.11	101	8	3	1	100	24	122	9e-25	 122
10	gi|312264326|gb|GU817072.1|	100.00	52	0	0	236	287	304	355	5e-17	97.1
10	gi|312264325|gb|GU817071.1|	89.11	101	8	3	1	100	24	122	9e-25	 122
10	gi|312264325|gb|GU817071.1|	100.00	52	0	0	236	287	304	355	5e-17	97.1
10	gi|312264318|gb|GU817064.1|	89.11	101	8	3	1	100	24	122	9e-25	 122
10	gi|312264318|gb|GU817064.1|	100.00	52	0	0	236	287	304	355	5e-17	97.1
10	gi|312264317|gb|GU817063.1|	89.11	101	8	3	1	100	23	121	9e-25	 122
10	gi|312264317|gb|GU817063.1|	100.00	52	0	0	236	287	303	354	5e-17	97.1
10	gi|269148105|gb|FJ803960.1|	89.11	101	8	3	1	100	24	122	9e-25	 122
10	gi|269148105|gb|FJ803960.1|	100.00	52	0	0	236	287	303	354	5e-17	97.1
10	gi|308209154|gb|HQ215885.1|	84.33	134	12	8	1	130	64	192	9e-25	 122
10	gi|305670342|gb|HQ126518.1|	89.11	101	7	4	1	99	24	122	9e-25	 122
10	gi|305669981|gb|HQ126157.1|	89.11	101	7	4	1	99	24	122	9e-25	 122
10	gi|305669837|gb|HQ126013.1|	89.11	101	7	4	1	99	24	122	9e-25	 122
10	gi|305669737|gb|HQ125913.1|	89.11	101	7	4	1	99	24	122	9e-25	 122
10	gi|305669720|gb|HQ125896.1|	89.11	101	7	4	1	99	27	125	9e-25	 122
10	gi|305668990|gb|HQ125166.1|	88.68	106	5	7	1	101	24	127	9e-25	 122
10	gi|305668982|gb|HQ125158.1|	89.11	101	7	4	1	99	24	122	9e-25	 122
10	gi|289190150|gb|GQ869533.1|	89.11	101	8	3	1	100	3	101	9e-25	 122
10	gi|289190150|gb|GQ869533.1|	100.00	52	0	0	236	287	283	334	5e-17	97.1
10	gi|289190145|gb|GQ869528.1|	89.11	101	8	3	1	100	10	108	9e-25	 122
10	gi|289190145|gb|GQ869528.1|	100.00	52	0	0	236	287	290	341	5e-17	97.1
10	gi|289190142|gb|GQ869525.1|	89.11	101	8	3	1	100	10	108	9e-25	 122
10	gi|289190142|gb|GQ869525.1|	100.00	52	0	0	236	287	290	341	5e-17	97.1
10	gi|289190141|gb|GQ869524.1|	89.11	101	8	3	1	100	8	106	9e-25	 122
10	gi|289190141|gb|GQ869524.1|	100.00	52	0	0	236	287	288	339	5e-17	97.1
10	gi|289190137|gb|GQ869520.1|	89.11	101	8	3	1	100	10	108	9e-25	 122
10	gi|289190137|gb|GQ869520.1|	100.00	52	0	0	236	287	290	341	5e-17	97.1
10	gi|289190132|gb|GQ869515.1|	89.11	101	8	3	1	100	10	108	9e-25	 122
10	gi|289190132|gb|GQ869515.1|	100.00	52	0	0	236	287	290	341	5e-17	97.1
10	gi|289190114|gb|GQ869497.1|	89.11	101	8	3	1	100	3	101	9e-25	 122
10	gi|289190114|gb|GQ869497.1|	100.00	52	0	0	236	287	283	334	5e-17	97.1
10	gi|289190102|gb|GQ869485.1|	89.11	101	8	3	1	100	7	105	9e-25	 122
10	gi|289190102|gb|GQ869485.1|	100.00	52	0	0	236	287	287	338	5e-17	97.1
10	gi|300681864|emb|FN539052.1|	87.96	108	7	6	1	105	7	111	9e-25	 122
10	gi|300681864|emb|FN539052.1|	89.01	91	3	6	201	287	213	300	9e-20	 106
10	gi|299810482|gb|HM141044.1|	89.22	102	5	6	1	100	13	110	9e-25	 122
10	gi|299810482|gb|HM141044.1|	97.78	45	1	0	243	287	240	284	2e-11	78.7
10	gi|229577586|gb|FJ378789.1|	89.11	101	8	3	1	100	14	112	9e-25	 122
10	gi|229577586|gb|FJ378789.1|	100.00	52	0	0	236	287	293	344	5e-17	97.1
10	gi|229577585|gb|FJ378788.1|	89.11	101	8	3	1	100	13	111	9e-25	 122
10	gi|229577585|gb|FJ378788.1|	100.00	52	0	0	236	287	292	343	5e-17	97.1
10	gi|262034996|gb|GU062262.1|	89.22	102	5	6	1	99	14	112	9e-25	 122
10	gi|262034996|gb|GU062262.1|	98.08	52	1	0	236	287	307	358	3e-15	91.6
10	gi|226346612|gb|FJ810158.1|	87.96	108	8	4	1	105	10	115	9e-25	 122
10	gi|226346612|gb|FJ810158.1|	87.91	91	4	6	201	287	217	304	4e-18	 100
10	gi|209870884|gb|EU784360.1|	89.11	101	8	3	1	99	25	124	9e-25	 122
10	gi|209870884|gb|EU784360.1|	100.00	52	0	0	236	287	310	361	5e-17	97.1
10	gi|219814208|gb|FJ554422.1|	89.11	101	7	3	1	100	318	415	9e-25	 122
10	gi|219814208|gb|FJ554422.1|	98.08	52	1	0	236	287	589	640	3e-15	91.6
10	gi|219813825|gb|FJ554039.1|	89.11	101	7	3	1	100	317	414	9e-25	 122
10	gi|219813825|gb|FJ554039.1|	100.00	52	0	0	236	287	588	639	5e-17	97.1
10	gi|219813561|gb|FJ553775.1|	89.11	101	7	3	1	100	318	415	9e-25	 122
10	gi|219813561|gb|FJ553775.1|	100.00	52	0	0	236	287	589	640	5e-17	97.1
10	gi|219813543|gb|FJ553757.1|	89.11	101	7	3	1	100	318	415	9e-25	 122
10	gi|219813543|gb|FJ553757.1|	100.00	52	0	0	236	287	589	640	5e-17	97.1
10	gi|219813446|gb|FJ553660.1|	89.11	101	8	3	1	100	318	416	9e-25	 122
10	gi|219813446|gb|FJ553660.1|	100.00	52	0	0	236	287	590	641	5e-17	97.1
10	gi|219813404|gb|FJ553618.1|	89.11	101	7	3	1	100	318	415	9e-25	 122
10	gi|219813404|gb|FJ553618.1|	100.00	52	0	0	236	287	589	640	5e-17	97.1
10	gi|219812802|gb|FJ553016.1|	89.11	101	7	3	1	100	318	415	9e-25	 122
10	gi|219812802|gb|FJ553016.1|	100.00	52	0	0	236	287	589	640	5e-17	97.1
10	gi|219812795|gb|FJ553009.1|	89.11	101	7	3	1	100	318	415	9e-25	 122
10	gi|219812795|gb|FJ553009.1|	100.00	52	0	0	236	287	589	640	5e-17	97.1
10	gi|189419331|gb|EU570189.1|	89.69	97	8	2	2	98	1	95	9e-25	 122
10	gi|189419331|gb|EU570189.1|	100.00	52	0	0	236	287	283	334	5e-17	97.1
10	gi|189419315|gb|EU570173.1|	89.69	97	7	3	1	96	9	103	9e-25	 122
10	gi|189419315|gb|EU570173.1|	100.00	52	0	0	236	287	287	338	5e-17	97.1
10	gi|189419309|gb|EU570167.1|	89.11	101	8	3	1	100	6	104	9e-25	 122
10	gi|189419309|gb|EU570167.1|	100.00	52	0	0	236	287	286	337	5e-17	97.1
10	gi|163257952|emb|AM902019.1|	89.22	102	5	6	1	99	179	277	9e-25	 122
10	gi|163257952|emb|AM902019.1|	98.08	52	1	0	236	287	472	523	3e-15	91.6
10	gi|163257875|emb|AM901940.1|	89.32	103	4	7	1	100	38	136	9e-25	 122
10	gi|163257875|emb|AM901940.1|	98.08	52	1	0	236	287	335	386	3e-15	91.6
10	gi|162311793|gb|EU292598.1|	84.73	131	10	8	1	130	2	123	9e-25	 122
10	gi|162311793|gb|EU292598.1|	98.15	54	1	0	234	287	282	335	2e-16	95.3
10	gi|126843702|gb|EF090492.1|	89.80	98	6	4	1	95	31	127	9e-25	 122
10	gi|126843702|gb|EF090492.1|	92.98	57	2	2	232	287	251	306	2e-12	82.4
10	gi|84993911|gb|DQ328115.1|	89.32	103	3	8	1	100	6	103	9e-25	 122
10	gi|84993911|gb|DQ328115.1|	100.00	52	0	0	236	287	296	347	5e-17	97.1
10	gi|54695064|gb|AY634136.1|	89.11	101	8	3	1	99	18	117	9e-25	 122
10	gi|54695064|gb|AY634136.1|	100.00	52	0	0	236	287	304	355	5e-17	97.1
10	gi|70906669|gb|DQ102444.1|	88.57	105	7	4	1	101	10	113	9e-25	 122
10	gi|70906668|gb|DQ102443.1|	88.57	105	7	4	1	101	10	113	9e-25	 122
10	gi|74095677|emb|AJ875382.1|	89.00	100	9	2	1	99	1	99	9e-25	 122
10	gi|74095677|emb|AJ875382.1|	100.00	52	0	0	236	287	285	336	5e-17	97.1
10	gi|55925148|gb|AY818351.1|	89.80	98	5	4	1	96	16	110	9e-25	 122
10	gi|55925148|gb|AY818351.1|	100.00	52	0	0	236	287	294	345	5e-17	97.1
10	gi|18181858|emb|AJ242901.1|	88.57	105	7	4	1	101	25	128	9e-25	 122
10	gi|344333544|gb|JF908587.1|	89.69	97	6	3	6	99	1	96	3e-24	 121
10	gi|344333544|gb|JF908587.1|	98.21	56	0	1	232	287	275	329	5e-17	97.1
10	gi|344332999|gb|JF908040.1|	89.00	100	8	3	2	100	1	98	3e-24	 121
10	gi|344332999|gb|JF908040.1|	100.00	52	0	0	236	287	280	331	5e-17	97.1
10	gi|344332987|gb|JF908028.1|	89.00	100	8	3	2	100	1	98	3e-24	 121
10	gi|344332987|gb|JF908028.1|	100.00	52	0	0	236	287	280	331	5e-17	97.1
10	gi|344332778|gb|JF907819.1|	84.33	134	10	9	2	132	1	126	3e-24	 121
10	gi|344332778|gb|JF907819.1|	98.15	54	1	0	234	287	284	337	2e-16	95.3
10	gi|339458601|gb|JF945165.1|	88.46	104	6	6	1	100	2	103	3e-24	 121
10	gi|336284786|dbj|AB605647.1|	88.68	106	3	7	1	100	2	104	3e-24	 121
10	gi|336284782|dbj|AB605643.1|	88.68	106	3	7	1	100	2	104	3e-24	 121
10	gi|336284777|dbj|AB605638.1|	88.68	106	3	7	1	100	2	104	3e-24	 121
10	gi|336284776|dbj|AB605637.1|	88.68	106	3	7	1	100	2	104	3e-24	 121
10	gi|336284775|dbj|AB605636.1|	88.68	106	3	7	1	100	2	104	3e-24	 121
10	gi|328942606|gb|JF440578.1|	89.00	100	8	3	1	99	15	112	3e-24	 121
10	gi|328942606|gb|JF440578.1|	98.21	56	0	1	232	287	293	347	5e-17	97.1
10	gi|313758753|gb|HM488583.1|	89.11	101	5	5	1	99	24	120	3e-24	 121
10	gi|313758753|gb|HM488583.1|	98.08	52	1	0	236	287	252	303	3e-15	91.6
10	gi|313758728|gb|HM488558.1|	89.11	101	5	5	1	99	24	120	3e-24	 121
10	gi|313758728|gb|HM488558.1|	94.23	52	3	0	236	287	252	303	5e-12	80.5
10	gi|325514395|gb|GU479271.1|	88.89	99	9	2	2	99	1	98	3e-24	 121
10	gi|325514395|gb|GU479271.1|	98.08	52	1	0	236	287	282	333	7e-16	93.5
10	gi|325514391|gb|GU479267.1|	88.89	99	9	2	2	99	1	98	3e-24	 121
10	gi|325514391|gb|GU479267.1|	100.00	52	0	0	236	287	282	333	5e-17	97.1
10	gi|325514384|gb|GU479260.1|	88.89	99	9	2	2	99	1	98	3e-24	 121
10	gi|325514384|gb|GU479260.1|	98.08	52	1	0	236	287	282	333	7e-16	93.5
10	gi|325514366|gb|GU479242.1|	89.00	100	7	4	1	99	1	97	3e-24	 121
10	gi|325514366|gb|GU479242.1|	100.00	52	0	0	236	287	287	338	5e-17	97.1
10	gi|323398694|gb|GU991574.1|	89.69	97	7	2	1	96	10	104	3e-24	 121
10	gi|323398694|gb|GU991574.1|	95.38	65	2	1	224	287	248	312	1e-18	 102
10	gi|299766500|gb|GU327481.1|	89.00	100	8	3	1	99	15	112	3e-24	 121
10	gi|299766500|gb|GU327481.1|	100.00	52	0	0	236	287	297	348	5e-17	97.1
10	gi|226938460|gb|FJ827198.1|	89.00	100	7	4	1	99	24	120	3e-24	 121
10	gi|226938460|gb|FJ827198.1|	100.00	52	0	0	236	287	236	287	5e-17	97.1
10	gi|299777272|gb|GQ921825.1|	89.22	102	3	8	1	100	2	97	3e-24	 121
10	gi|299777272|gb|GQ921825.1|	98.11	53	1	0	235	287	334	386	7e-16	93.5
10	gi|299767814|gb|GQ999406.1|	88.57	105	4	8	1	103	7	105	3e-24	 121
10	gi|299767814|gb|GQ999406.1|	100.00	52	0	0	236	287	291	342	5e-17	97.1
10	gi|307334597|gb|HM240199.1|	89.00	100	8	3	1	99	24	121	3e-24	 121
10	gi|307334597|gb|HM240199.1|	100.00	52	0	0	236	287	300	351	5e-17	97.1
10	gi|306030550|gb|HM164634.1|	89.00	100	8	3	1	99	2	99	3e-24	 121
10	gi|306030550|gb|HM164634.1|	100.00	52	0	0	236	287	280	331	5e-17	97.1
10	gi|305670248|gb|HQ126424.1|	89.69	97	7	3	4	99	26	120	3e-24	 121
10	gi|305670110|gb|HQ126286.1|	89.11	101	6	4	1	100	24	120	3e-24	 121
10	gi|305668985|gb|HQ125161.1|	89.69	97	7	3	1	96	24	118	3e-24	 121
10	gi|305668423|gb|HQ124599.1|	83.94	137	11	10	1	132	24	154	3e-24	 121
10	gi|295917970|gb|HM015692.1|	89.80	98	4	4	1	98	2	93	3e-24	 121
10	gi|284504031|gb|FJ943238.1|	89.58	96	8	2	5	99	1	95	3e-24	 121
10	gi|284504031|gb|FJ943238.1|	100.00	52	0	0	236	287	270	321	5e-17	97.1
10	gi|256855552|emb|FN397182.1|	89.00	100	8	3	1	99	24	121	3e-24	 121
10	gi|256855552|emb|FN397182.1|	100.00	52	0	0	236	287	306	357	5e-17	97.1
10	gi|256855501|emb|FN397131.1|	89.00	100	8	3	1	99	24	121	3e-24	 121
10	gi|256855500|emb|FN397130.1|	89.00	100	8	3	1	99	24	121	3e-24	 121
10	gi|256855500|emb|FN397130.1|	98.08	52	1	0	236	287	306	357	3e-15	91.6