# BLASTN 2.2.23+
# Query:  293 P23.494_336
# Database: /home/rohinis/blastdb/blast_nt/nt
# Fields: query id, subject id, % identity, alignment length, mismatches, gap opens, q. start, q. end, s. start, s. end, evalue, bit score
# 500 hits found
293	gi|317184048|gb|HQ649805.1|	99.60	251	0	1	1	250	1	251	2e-125	 457
293	gi|317184047|gb|HQ649804.1|	99.60	251	0	1	1	250	1	251	2e-125	 457
293	gi|317184043|gb|HQ649800.1|	99.60	251	0	1	1	250	1	251	2e-125	 457
293	gi|317184039|gb|HQ649796.1|	99.60	251	0	1	1	250	1	251	2e-125	 457
293	gi|312434406|gb|HQ607928.1|	99.20	251	1	1	1	250	9	259	9e-124	 451
293	gi|317184055|gb|HQ649812.1|	99.20	251	1	1	1	250	1	251	9e-124	 451
293	gi|317184053|gb|HQ649810.1|	99.20	251	1	1	1	250	1	251	9e-124	 451
293	gi|317184052|gb|HQ649809.1|	99.20	251	1	1	1	250	1	251	9e-124	 451
293	gi|317184051|gb|HQ649808.1|	99.20	251	1	1	1	250	1	251	9e-124	 451
293	gi|317184050|gb|HQ649807.1|	99.20	251	1	1	1	250	1	251	9e-124	 451
293	gi|317184049|gb|HQ649806.1|	99.20	251	1	1	1	250	1	251	9e-124	 451
293	gi|317184046|gb|HQ649803.1|	99.20	251	1	1	1	250	1	251	9e-124	 451
293	gi|317184045|gb|HQ649802.1|	99.20	251	1	1	1	250	1	251	9e-124	 451
293	gi|317184042|gb|HQ649799.1|	99.20	251	1	1	1	250	1	251	9e-124	 451
293	gi|317184041|gb|HQ649798.1|	99.20	251	1	1	1	250	1	251	9e-124	 451
293	gi|317184038|gb|HQ649795.1|	99.20	251	1	1	1	250	1	251	9e-124	 451
293	gi|317184037|gb|HQ649794.1|	99.20	251	1	1	1	250	1	251	9e-124	 451
293	gi|317184036|gb|HQ649793.1|	99.20	251	1	1	1	250	1	251	9e-124	 451
293	gi|169639298|gb|EU497953.1|	99.20	251	1	1	1	250	9	259	9e-124	 451
293	gi|317184040|gb|HQ649797.1|	99.19	246	1	1	6	250	6	251	5e-121	 442
293	gi|154543842|gb|EU045551.1|	99.16	238	1	1	14	250	1	238	1e-116	 427
293	gi|1373303|gb|U57674.1|AAU57674	98.73	237	2	1	15	250	1	237	7e-115	 422
293	gi|223928791|gb|FJ183439.1|	98.30	235	3	1	17	250	1	235	1e-111	 411
293	gi|31442885|gb|AY138844.1|	98.30	235	3	1	17	250	1	235	1e-111	 411
293	gi|189162083|gb|EU520092.1|	97.88	236	3	2	17	250	1	236	2e-110	 407
293	gi|316980274|emb|FN706550.1|	98.69	229	1	2	23	250	7	234	7e-110	 405
293	gi|193850635|gb|EU754963.1|	99.11	224	1	1	28	250	2	225	9e-109	 401
293	gi|189162112|gb|EU520121.1|	96.61	236	7	1	16	250	141	376	1e-107	 398
293	gi|273161297|gb|GQ377488.1|	99.09	220	1	1	32	250	1	220	1e-106	 394
293	gi|229597471|gb|FJ375138.1|	99.07	216	1	1	36	250	1	216	2e-104	 387
293	gi|40736919|dbj|AB158290.1|	99.07	216	1	1	36	250	1	216	2e-104	 387
293	gi|83627190|emb|AM176743.1|	99.07	216	1	1	36	250	1	216	2e-104	 387
293	gi|83627126|emb|AM176679.1|	99.07	216	1	1	36	250	1	216	2e-104	 387
293	gi|316980273|emb|FN706549.1|	97.77	224	1	4	28	250	3	223	3e-103	 383
293	gi|256575415|gb|GQ376095.1|	99.06	213	2	0	38	250	1	213	3e-103	 383
293	gi|334682827|emb|FR682220.1|	99.06	213	1	1	39	250	1	213	1e-102	 381
293	gi|163263103|emb|AM924160.1|	99.06	213	1	1	39	250	1	213	1e-102	 381
293	gi|163263069|emb|AM922204.1|	99.06	213	1	1	39	250	1	213	1e-102	 381
293	gi|40736918|dbj|AB158289.1|	98.61	216	2	1	36	250	1	216	1e-102	 381
293	gi|227452454|emb|AM990178.1|	98.17	219	1	3	34	250	1	218	4e-102	 379
293	gi|50401959|gb|AY566992.1|	99.05	210	1	1	42	250	1	210	5e-101	 375
293	gi|254028318|gb|EU715647.1|	99.04	209	1	1	43	250	1	209	2e-100	 374
293	gi|168252993|gb|EU427036.1|	97.26	219	4	2	34	250	2	220	2e-100	 374
293	gi|316980275|emb|FN706551.1|	99.51	203	1	0	48	250	1	203	2e-99	 370
293	gi|228480102|emb|FN386311.1|	99.03	207	1	1	45	250	1	207	2e-99	 370
293	gi|94959224|gb|DQ489295.1|	99.51	203	1	0	48	250	2	204	2e-99	 370
293	gi|316980276|emb|FN706552.1|	99.03	206	1	1	46	250	1	206	9e-99	 368
293	gi|41351302|emb|AJ621772.1|	99.03	206	1	1	46	250	1	206	9e-99	 368
293	gi|327387944|gb|HQ914912.1|	98.53	204	2	1	47	250	21	223	5e-96	 359
293	gi|114704074|gb|DQ865094.1|	99.49	196	1	0	55	250	1	196	2e-95	 357
293	gi|291508692|gb|GU985206.1|	96.74	215	1	5	36	250	1	209	2e-94	 353
293	gi|209483534|gb|FJ235875.1|	91.73	254	15	6	1	250	1	252	1e-92	 348
293	gi|209483520|gb|FJ235861.1|	91.73	254	15	6	1	250	1	252	1e-92	 348
293	gi|291508697|gb|GU985211.1|	97.54	203	2	2	48	250	8	207	1e-91	 344
293	gi|291508691|gb|GU985205.1|	97.54	203	1	3	48	250	10	208	1e-91	 344
293	gi|209483523|gb|FJ235864.1|	91.37	255	16	6	1	250	1	254	1e-91	 344
293	gi|209483522|gb|FJ235863.1|	91.37	255	16	6	1	250	1	254	1e-91	 344
293	gi|148595481|emb|AM410612.1|	91.12	259	11	12	1	250	135	390	2e-90	 340
293	gi|305960071|gb|HM751796.1|	99.46	186	1	0	65	250	1	186	7e-90	 339
293	gi|309252624|gb|HQ214631.1|	99.46	185	1	0	66	250	16	200	3e-89	 337
293	gi|187472382|gb|EU622273.1|	98.44	192	1	2	59	250	21	210	3e-89	 337
293	gi|209483521|gb|FJ235862.1|	90.62	256	17	7	1	250	1	255	3e-88	 333
293	gi|332107125|gb|GU942191.1|	90.38	260	12	9	1	250	23	279	4e-87	 329
293	gi|282935982|gb|GU226831.1|	99.45	181	1	0	70	250	1	181	4e-87	 329
293	gi|282935981|gb|GU226830.1|	99.45	181	1	0	70	250	1	181	4e-87	 329
293	gi|310687467|dbj|AB540570.1|	90.51	253	17	7	1	250	9	257	2e-86	 327
293	gi|332107129|gb|GU942195.1|	90.20	255	12	9	6	250	1	252	3e-84	 320
293	gi|299777183|gb|GQ921736.1|	89.58	259	17	10	1	250	1	258	3e-84	 320
293	gi|327360186|emb|FR670315.1|	100.00	172	0	0	79	250	3	174	9e-84	 318
293	gi|194173346|gb|EU729713.1|	100.00	172	0	0	79	250	4	175	9e-84	 318
293	gi|327180274|gb|JF340292.1|	89.76	254	17	9	1	250	10	258	3e-83	 316
293	gi|262069448|gb|GU067755.1|	89.76	254	17	9	1	250	13	261	3e-83	 316
293	gi|221164143|gb|FJ571422.1|	99.43	175	0	1	77	250	1	175	3e-83	 316
293	gi|112418361|gb|DQ778915.1|	89.68	252	20	6	1	250	9	256	3e-83	 316
293	gi|118084408|gb|DQ914662.1|	93.52	216	8	6	38	250	1	213	3e-83	 316
293	gi|334683000|emb|FR682393.1|	93.49	215	8	6	39	250	1	212	1e-82	 315
293	gi|89113922|gb|DQ393594.1|	89.19	259	19	9	1	250	28	286	1e-82	 315
293	gi|333440894|gb|HQ611293.1|	89.37	254	17	10	1	250	13	260	2e-81	 311
293	gi|310814416|gb|HQ257402.1|	88.89	261	15	14	1	250	24	281	5e-81	 309
293	gi|310814407|gb|HQ257393.1|	88.89	261	15	14	1	250	24	281	5e-81	 309
293	gi|310814404|gb|HQ257390.1|	88.89	261	15	14	1	250	19	276	5e-81	 309
293	gi|310814402|gb|HQ257388.1|	88.89	261	15	14	1	250	24	281	5e-81	 309
293	gi|310814401|gb|HQ257387.1|	88.89	261	15	14	1	250	24	281	5e-81	 309
293	gi|310814400|gb|HQ257386.1|	88.89	261	15	14	1	250	24	281	5e-81	 309
293	gi|310814399|gb|HQ257385.1|	88.89	261	15	14	1	250	24	281	5e-81	 309
293	gi|218563978|gb|EU917113.1|	88.80	259	19	10	1	250	1	258	5e-81	 309
293	gi|226928012|gb|FJ778419.1|	88.80	259	20	9	1	250	7	265	5e-81	 309
293	gi|299777204|gb|GQ921757.1|	89.02	255	19	8	1	250	1	251	2e-80	 307
293	gi|258590713|emb|FN548160.1|	88.80	259	15	13	1	250	87	340	7e-80	 305
293	gi|310814418|gb|HQ257404.1|	88.51	261	16	14	1	250	24	281	3e-79	 303
293	gi|310814408|gb|HQ257394.1|	88.51	261	16	14	1	250	24	281	3e-79	 303
293	gi|310814403|gb|HQ257389.1|	88.55	262	14	16	1	250	24	281	3e-79	 303
293	gi|224969642|gb|FJ757188.1|	88.42	259	21	5	1	250	18	276	3e-79	 303
293	gi|339739848|gb|HQ897820.1|	88.98	254	15	13	3	250	1	247	9e-79	 302
293	gi|310687477|dbj|AB540580.1|	88.21	263	17	10	1	250	9	270	9e-79	 302
293	gi|316925132|gb|HQ112288.1|	88.26	264	14	15	1	250	110	370	3e-78	 300
293	gi|316925131|gb|HQ112287.1|	88.26	264	14	15	1	250	124	384	3e-78	 300
293	gi|298356922|emb|FN868469.1|	88.67	256	16	13	1	250	23	271	3e-78	 300
293	gi|259092578|gb|GQ524284.1|	88.67	256	16	13	1	250	23	271	3e-78	 300
293	gi|224973060|gb|FJ760606.1|	88.58	254	19	10	1	250	22	269	3e-78	 300
293	gi|224971265|gb|FJ758811.1|	88.63	255	17	12	1	250	23	270	3e-78	 300
293	gi|219814010|gb|FJ554224.1|	88.58	254	19	10	1	250	314	561	3e-78	 300
293	gi|117652909|gb|EF060504.1|	88.67	256	15	14	1	250	310	557	3e-78	 300
293	gi|62718904|emb|AJ890439.1|	88.17	262	17	10	2	250	1	261	3e-78	 300
293	gi|310814420|gb|HQ257406.1|	88.17	262	15	16	1	250	24	281	1e-77	 298
293	gi|256855824|emb|FN397337.1|	88.33	257	18	11	1	250	588	337	1e-77	 298
293	gi|339739839|gb|HQ897811.1|	88.49	252	19	9	3	250	1	246	4e-77	 296
293	gi|339739831|gb|HQ897803.1|	88.49	252	20	9	3	250	1	247	4e-77	 296
293	gi|327180267|gb|JF340285.1|	88.33	257	16	11	1	250	9	258	4e-77	 296
293	gi|321368921|gb|HM534894.1|	88.33	257	16	11	1	250	110	359	4e-77	 296
293	gi|310814435|gb|HQ257421.1|	88.17	262	14	16	1	250	24	280	4e-77	 296
293	gi|305668505|gb|HQ124681.1|	88.28	256	18	11	1	250	23	272	4e-77	 296
293	gi|257122669|gb|FJ528696.1|	88.28	256	18	11	1	250	1	250	4e-77	 296
293	gi|262034959|gb|GU062225.1|	88.33	257	16	11	1	250	11	260	4e-77	 296
293	gi|259105576|gb|GQ509054.1|	88.28	256	18	12	1	250	23	272	4e-77	 296
293	gi|259094530|gb|GQ526236.1|	88.28	256	18	12	1	250	23	272	4e-77	 296
293	gi|259093258|gb|GQ524964.1|	88.28	256	19	11	1	250	23	273	4e-77	 296
293	gi|237641558|gb|FJ903339.1|	88.33	257	16	11	1	250	24	273	4e-77	 296
293	gi|226929160|gb|FJ779567.1|	87.94	257	23	8	1	250	15	270	4e-77	 296
293	gi|224974383|gb|FJ761929.1|	88.28	256	18	12	1	250	23	272	4e-77	 296
293	gi|224973814|gb|FJ761360.1|	88.33	257	17	13	1	250	23	273	4e-77	 296
293	gi|224973231|gb|FJ760777.1|	88.28	256	18	12	1	250	26	275	4e-77	 296
293	gi|259092370|gb|GQ524076.1|	88.33	257	14	16	1	250	23	270	2e-76	 294
293	gi|317383368|gb|HQ631047.1|	88.21	263	7	22	1	250	24	275	6e-76	 292
293	gi|310814434|gb|HQ257420.1|	87.79	262	16	16	1	250	24	281	6e-76	 292
293	gi|310814432|gb|HQ257418.1|	87.79	262	16	16	1	250	24	281	6e-76	 292
293	gi|310814405|gb|HQ257391.1|	87.79	262	16	15	1	250	11	268	6e-76	 292
293	gi|307334324|gb|HM239926.1|	88.19	254	19	11	1	250	23	269	6e-76	 292
293	gi|117653131|gb|EF060726.1|	88.19	254	18	12	1	250	309	554	6e-76	 292
293	gi|90102461|gb|DQ420777.1|	88.19	254	19	11	1	250	23	269	6e-76	 292
293	gi|77799485|dbj|AB237663.1|	88.03	259	15	12	1	250	1705	1956	6e-76	 292
293	gi|339739854|gb|HQ897826.1|	88.24	255	15	14	3	250	1	247	2e-75	 291
293	gi|339739846|gb|HQ897818.1|	88.19	254	16	14	3	250	1	246	2e-75	 291
293	gi|259093198|gb|GQ524904.1|	87.89	256	19	12	1	250	23	272	2e-75	 291
293	gi|224974966|gb|FJ762512.1|	87.55	265	16	13	1	250	23	285	2e-75	 291
293	gi|224973587|gb|FJ761133.1|	87.89	256	19	12	1	250	23	272	2e-75	 291
293	gi|224972517|gb|FJ760063.1|	87.89	256	20	11	1	250	23	273	2e-75	 291
293	gi|162285940|gb|EU326217.1|	87.69	260	19	12	1	250	11	267	2e-75	 291
293	gi|339739819|gb|HQ897791.1|	88.10	252	19	11	3	250	1	245	7e-75	 289
293	gi|329185051|gb|JF449887.1|	87.94	257	16	15	1	250	1	249	7e-75	 289
293	gi|259100424|gb|GQ513312.1|	87.94	257	16	15	1	250	23	271	7e-75	 289
293	gi|259098281|gb|GQ520579.1|	87.94	257	15	16	1	250	23	270	7e-75	 289
293	gi|226929998|gb|FJ780405.1|	87.89	256	18	13	1	250	23	271	7e-75	 289
293	gi|133753157|gb|EF434063.1|	87.98	258	14	15	1	250	1	249	7e-75	 289
293	gi|90102486|gb|DQ420802.1|	87.89	256	18	13	1	250	23	271	7e-75	 289
293	gi|339739856|gb|HQ897828.1|	87.89	256	16	13	3	250	1	249	3e-74	 287
293	gi|339739840|gb|HQ897812.1|	87.80	254	19	10	3	250	1	248	3e-74	 287
293	gi|321368923|gb|HM534896.1|	87.55	257	20	9	1	250	124	375	3e-74	 287
293	gi|312964346|gb|HQ433334.1|	87.50	264	13	17	1	250	27	284	3e-74	 287
293	gi|262410750|gb|GU074399.1|	87.50	264	13	17	1	250	1668	1925	3e-74	 287
293	gi|226928222|gb|FJ778629.1|	87.69	260	14	16	1	250	23	274	3e-74	 287
293	gi|226927955|gb|FJ778362.1|	87.80	254	19	11	1	250	23	268	3e-74	 287
293	gi|226926249|gb|FJ776656.1|	87.69	260	14	16	1	250	23	274	3e-74	 287
293	gi|209779008|gb|FJ235084.1|	87.50	264	13	17	1	250	1779	2036	3e-74	 287
293	gi|187939444|gb|EU686157.1|	87.64	259	16	14	1	250	23	274	3e-74	 287
293	gi|162415944|gb|EU301637.1|	87.50	264	13	17	1	250	27	284	3e-74	 287
293	gi|122888929|gb|EF211125.1|	87.50	264	13	17	1	250	1688	1945	3e-74	 287
293	gi|122888928|gb|EF211124.1|	87.50	264	13	17	1	250	1689	1946	3e-74	 287
293	gi|73697710|gb|DQ102373.1|	87.50	264	13	17	1	250	1695	1952	3e-74	 287
293	gi|11830872|emb|AJ301994.1|	87.50	264	13	17	1	250	1732	1989	3e-74	 287
293	gi|312434329|gb|HQ607850.1|	87.22	266	15	15	1	250	9	271	9e-74	 285
293	gi|328942630|gb|JF440602.1|	87.50	256	20	11	1	250	14	263	9e-74	 285
293	gi|321368919|gb|HM534892.1|	87.55	257	19	12	1	250	124	374	9e-74	 285
293	gi|317184231|gb|HQ649988.1|	87.36	261	18	14	1	250	1	257	9e-74	 285
293	gi|317184034|gb|HQ649791.1|	87.40	262	16	14	1	250	1	257	9e-74	 285
293	gi|317184033|gb|HQ649790.1|	87.40	262	16	14	1	250	1	257	9e-74	 285
293	gi|317184032|gb|HQ649789.1|	87.40	262	16	14	1	250	1	257	9e-74	 285
293	gi|317184031|gb|HQ649788.1|	87.40	262	16	14	1	250	1	257	9e-74	 285
293	gi|317184030|gb|HQ649787.1|	87.40	262	16	14	1	250	1	257	9e-74	 285
293	gi|317184029|gb|HQ649786.1|	87.40	262	16	14	1	250	1	257	9e-74	 285
293	gi|291498475|gb|GU566287.1|	87.45	263	13	19	1	250	23	278	9e-74	 285
293	gi|259109448|gb|GQ512926.1|	87.55	257	18	13	1	250	23	272	9e-74	 285
293	gi|259099604|gb|GQ521902.1|	87.22	266	14	18	1	250	12	273	9e-74	 285
293	gi|226928013|gb|FJ778420.1|	87.50	264	11	21	1	250	23	278	9e-74	 285
293	gi|114225509|gb|DQ980584.1|	87.36	261	18	14	1	250	102	358	9e-74	 285
293	gi|321368927|gb|HM534900.1|	87.50	256	19	12	1	250	103	351	3e-73	 283
293	gi|321368922|gb|HM534895.1|	87.55	257	16	15	1	250	104	351	3e-73	 283
293	gi|321368920|gb|HM534893.1|	87.55	257	16	15	1	250	106	353	3e-73	 283
293	gi|259107498|gb|GQ510976.1|	87.22	266	13	19	1	250	10	270	3e-73	 283
293	gi|259105161|gb|GQ508639.1|	87.26	259	19	10	1	250	23	276	3e-73	 283
293	gi|339739838|gb|HQ897810.1|	87.21	258	20	12	3	250	1	255	1e-72	 281
293	gi|312434526|gb|HQ608048.1|	87.17	265	13	18	1	250	9	267	1e-72	 281
293	gi|312434474|gb|HQ607996.1|	87.17	265	13	18	1	250	9	267	1e-72	 281
293	gi|321368926|gb|HM534899.1|	87.07	263	17	15	1	250	124	382	1e-72	 281
293	gi|321368924|gb|HM534897.1|	87.16	257	21	9	1	250	124	375	1e-72	 281
293	gi|224974022|gb|FJ761568.1|	87.21	258	19	13	1	250	23	274	1e-72	 281
293	gi|209779009|gb|FJ235085.1|	87.17	265	13	18	1	250	1776	2034	1e-72	 281
293	gi|209483499|gb|FJ235932.1|	87.17	265	13	18	1	250	1737	1995	1e-72	 281
293	gi|209360973|gb|FJ231214.1|	87.17	265	12	19	1	250	1737	1994	1e-72	 281
293	gi|190645822|gb|EU750696.1|	87.17	265	13	18	1	250	96	354	1e-72	 281
293	gi|63253673|gb|AY952467.1|	87.07	263	17	14	1	250	9	267	1e-72	 281
293	gi|11877344|emb|AJ302002.1|	87.17	265	13	18	1	250	1732	1990	1e-72	 281
293	gi|11830876|emb|AJ302003.1|	87.17	265	13	18	1	250	1732	1990	1e-72	 281
293	gi|11830874|emb|AJ301999.1|	87.17	265	13	18	1	250	1732	1990	1e-72	 281
293	gi|339739823|gb|HQ897795.1|	87.02	262	17	14	3	250	1	259	4e-72	 279
293	gi|317383365|gb|HQ631044.1|	87.07	263	15	16	1	250	24	280	4e-72	 279
293	gi|311337310|gb|HQ339882.1|	86.92	260	20	12	1	250	81	336	4e-72	 279
293	gi|259093040|gb|GQ524746.1|	87.21	258	17	16	1	250	23	272	4e-72	 279
293	gi|213876650|gb|FJ430737.1|	87.45	255	17	14	7	250	1	251	4e-72	 279
293	gi|117653178|gb|EF060773.1|	87.16	257	19	13	1	250	313	562	4e-72	 279
293	gi|117653162|gb|EF060757.1|	87.16	257	19	13	1	250	311	560	4e-72	 279
293	gi|114225508|gb|DQ980583.1|	86.97	261	18	15	1	250	102	357	4e-72	 279
293	gi|2952004|gb|U51979.1|DLU51979	87.45	255	17	14	3	250	1	247	4e-72	 279
293	gi|312434355|gb|HQ607876.1|	87.02	262	15	16	1	250	9	263	2e-71	 278
293	gi|317184202|gb|HQ649959.1|	87.02	262	14	20	1	250	1	254	2e-71	 278
293	gi|294471391|gb|GU017493.1|	86.79	265	16	15	3	250	1	263	2e-71	 278
293	gi|289064230|gb|GU370750.1|	86.74	264	18	13	1	250	37	297	2e-71	 278
293	gi|259107550|gb|GQ511028.1|	87.16	257	18	15	1	250	23	271	2e-71	 278
293	gi|259107185|gb|GQ510663.1|	86.92	260	19	10	1	250	23	277	2e-71	 278
293	gi|259101168|gb|GQ514056.1|	87.16	257	18	15	1	250	23	271	2e-71	 278
293	gi|226929451|gb|FJ779858.1|	86.92	260	18	15	1	250	23	276	2e-71	 278
293	gi|224971774|gb|FJ759320.1|	87.16	257	18	15	1	250	23	271	2e-71	 278
293	gi|339739855|gb|HQ897827.1|	87.11	256	18	15	3	250	1	249	6e-71	 276
293	gi|312434589|gb|HQ608111.1|	86.79	265	14	20	1	250	9	267	6e-71	 276
293	gi|323651421|gb|HQ832975.1|	86.74	264	16	19	1	250	11	269	6e-71	 276
293	gi|299777165|gb|GQ921718.1|	86.79	265	13	19	1	250	1	258	6e-71	 276
293	gi|310687469|dbj|AB540572.1|	86.69	263	17	17	1	250	9	266	6e-71	 276
293	gi|310687468|dbj|AB540571.1|	86.77	257	23	10	1	250	9	261	6e-71	 276
293	gi|294471387|gb|GU017489.1|	86.74	264	16	15	4	250	2	263	6e-71	 276
293	gi|256855592|emb|FN397222.1|	86.74	264	16	17	1	250	23	281	6e-71	 276
293	gi|218455085|gb|EU860062.1|	88.56	236	16	10	20	250	1	230	6e-71	 276
293	gi|226930651|gb|FJ781058.1|	86.92	260	17	15	1	250	23	275	6e-71	 276
293	gi|224972937|gb|FJ760483.1|	86.59	261	21	13	1	250	23	280	6e-71	 276
293	gi|193298772|gb|EU807102.1|	87.50	256	10	20	1	245	4	248	6e-71	 276
293	gi|11830871|emb|AJ301993.1|	86.79	265	13	19	1	250	1732	1989	6e-71	 276
293	gi|291337455|gb|GQ219910.1|	86.82	258	18	15	1	250	23	272	2e-70	 274
293	gi|311337309|gb|HQ339881.1|	86.59	261	20	12	1	250	81	337	2e-70	 274
293	gi|310814436|gb|HQ257422.1|	87.60	250	14	16	1	238	24	268	2e-70	 274
293	gi|300086178|gb|HM162053.1|	86.69	263	15	17	2	250	25	281	2e-70	 274
293	gi|300086135|gb|HM162010.1|	86.69	263	15	17	2	250	24	280	2e-70	 274
293	gi|300086138|gb|HM162013.1|	86.69	263	15	17	2	250	24	280	2e-70	 274
293	gi|298257767|gb|GU391995.1|	87.50	248	18	13	8	249	29	269	2e-70	 274
293	gi|259091448|gb|GQ523154.1|	86.59	261	19	11	1	250	21	276	2e-70	 274
293	gi|209976395|gb|EU770247.1|	92.35	196	10	5	57	250	1	193	2e-70	 274
293	gi|209922423|gb|FJ196614.1|	86.54	260	22	13	1	250	10	266	2e-70	 274
293	gi|299777169|gb|GQ921722.1|	86.42	265	16	16	1	250	1	260	7e-70	 272
293	gi|312618795|gb|HM054139.1|	87.65	243	18	10	15	250	1	238	7e-70	 272
293	gi|307334483|gb|HM240085.1|	86.82	258	16	18	1	250	23	270	7e-70	 272
293	gi|307334477|gb|HM240079.1|	86.82	258	16	18	1	250	23	270	7e-70	 272
293	gi|307334460|gb|HM240062.1|	86.82	258	16	18	1	250	23	270	7e-70	 272
293	gi|307334417|gb|HM240019.1|	86.82	258	16	18	1	250	23	270	7e-70	 272
293	gi|295883725|gb|HM037656.1|	86.82	258	16	18	1	250	23	270	7e-70	 272
293	gi|294471390|gb|GU017492.1|	86.64	262	16	15	6	250	1	260	7e-70	 272
293	gi|294471386|gb|GU017488.1|	86.64	262	16	15	6	250	1	260	7e-70	 272
293	gi|261871928|gb|GU055682.1|	86.82	258	16	18	1	250	1	248	7e-70	 272
293	gi|261871842|gb|GU055596.1|	86.82	258	16	18	1	250	1	248	7e-70	 272
293	gi|261871836|gb|GU055590.1|	86.82	258	16	18	1	250	1	248	7e-70	 272
293	gi|261871830|gb|GU055584.1|	86.82	258	16	18	1	250	1	248	7e-70	 272
293	gi|261871818|gb|GU055572.1|	86.82	258	16	18	1	250	1	248	7e-70	 272
293	gi|259104724|gb|GQ517612.1|	86.47	266	15	19	1	250	10	270	7e-70	 272
293	gi|256855616|emb|FN397246.1|	86.82	258	16	18	1	250	23	270	7e-70	 272
293	gi|256855615|emb|FN397245.1|	86.82	258	16	18	1	250	23	270	7e-70	 272
293	gi|256855604|emb|FN397234.1|	86.42	265	16	17	1	250	23	282	7e-70	 272
293	gi|256855603|emb|FN397233.1|	86.42	265	16	17	1	250	23	282	7e-70	 272
293	gi|256855602|emb|FN397232.1|	86.42	265	16	17	1	250	23	282	7e-70	 272
293	gi|256855601|emb|FN397231.1|	86.42	265	16	17	1	250	23	282	7e-70	 272
293	gi|256855600|emb|FN397230.1|	86.42	265	16	17	1	250	23	282	7e-70	 272
293	gi|256855599|emb|FN397229.1|	86.42	265	16	17	1	250	23	282	7e-70	 272
293	gi|256855598|emb|FN397228.1|	86.42	265	16	17	1	250	23	282	7e-70	 272
293	gi|256855597|emb|FN397227.1|	86.42	265	16	17	1	250	23	282	7e-70	 272
293	gi|256855596|emb|FN397226.1|	86.42	265	16	17	1	250	23	282	7e-70	 272
293	gi|256855595|emb|FN397225.1|	86.42	265	16	17	1	250	23	282	7e-70	 272
293	gi|226926836|gb|FJ777243.1|	86.59	261	18	16	1	250	23	277	7e-70	 272
293	gi|224970729|gb|FJ758275.1|	86.42	265	16	17	1	250	23	282	7e-70	 272
293	gi|110725175|gb|DQ779773.1|	86.82	258	16	18	1	250	7	254	7e-70	 272
293	gi|90102467|gb|DQ420783.1|	86.42	265	16	17	1	250	23	282	7e-70	 272
293	gi|90102466|gb|DQ420782.1|	86.42	265	16	17	1	250	23	282	7e-70	 272
293	gi|90102465|gb|DQ420781.1|	86.42	265	16	17	1	250	23	282	7e-70	 272
293	gi|11877343|emb|AJ302000.1|	86.42	265	16	16	1	250	1732	1991	7e-70	 272
293	gi|339459421|gb|JF945985.1|	88.19	237	14	14	1	231	1	229	3e-69	 270
293	gi|312618812|gb|HM054156.1|	87.65	243	16	10	15	250	1	236	3e-69	 270
293	gi|312618793|gb|HM054137.1|	87.65	243	16	10	15	250	1	236	3e-69	 270
293	gi|310814431|gb|HQ257417.1|	86.47	266	12	22	1	250	24	281	3e-69	 270
293	gi|310814430|gb|HQ257416.1|	86.47	266	12	22	1	250	24	281	3e-69	 270
293	gi|310814428|gb|HQ257414.1|	86.47	266	12	22	1	250	24	281	3e-69	 270
293	gi|310814427|gb|HQ257413.1|	86.47	266	12	22	1	250	24	281	3e-69	 270
293	gi|310814424|gb|HQ257410.1|	86.47	266	12	22	1	250	24	281	3e-69	 270
293	gi|310814422|gb|HQ257408.1|	86.47	266	12	22	1	250	24	281	3e-69	 270
293	gi|300086339|gb|HM162214.1|	86.42	265	14	20	1	250	23	280	3e-69	 270
293	gi|294471388|gb|GU017490.1|	86.59	261	16	15	7	250	1	259	3e-69	 270
293	gi|292453923|gb|GU722059.1|	86.42	265	15	17	1	250	15	273	3e-69	 270
293	gi|284520049|gb|GU055997.1|	86.10	259	26	9	1	250	23	280	3e-69	 270
293	gi|261871764|gb|GU055518.1|	86.36	264	17	16	1	250	1	259	3e-69	 270
293	gi|259099502|gb|GQ521800.1|	86.47	266	13	20	1	250	23	281	3e-69	 270
293	gi|259098949|gb|GQ521247.1|	86.47	266	13	20	1	250	23	281	3e-69	 270
293	gi|218455100|gb|EU860077.1|	88.09	235	18	9	20	250	1	229	3e-69	 270
293	gi|218455096|gb|EU860073.1|	88.19	237	15	12	20	250	1	230	3e-69	 270
293	gi|218455097|gb|EU860074.1|	88.19	237	15	12	20	250	1	230	3e-69	 270
293	gi|218455095|gb|EU860072.1|	88.19	237	15	12	20	250	1	230	3e-69	 270
293	gi|218455084|gb|EU860061.1|	88.14	236	17	10	20	250	1	230	3e-69	 270
293	gi|226928406|gb|FJ778813.1|	86.42	265	14	20	1	250	21	278	3e-69	 270
293	gi|186695499|gb|EU479768.1|	86.36	264	17	17	1	250	20	278	3e-69	 270
293	gi|221193377|gb|FJ474073.1|	87.82	238	19	9	17	250	1	232	3e-69	 270
293	gi|210063772|gb|FJ386915.1|	86.26	262	20	15	1	250	23	280	3e-69	 270
293	gi|163257825|emb|AM901890.1|	86.36	264	16	16	1	250	178	435	3e-69	 270
293	gi|114225513|gb|DQ980588.1|	86.25	269	14	21	1	250	102	366	3e-69	 270
293	gi|90102473|gb|DQ420789.1|	86.72	256	19	15	1	250	23	269	3e-69	 270
293	gi|321368925|gb|HM534898.1|	86.38	257	21	14	1	250	124	373	9e-69	 268
293	gi|317383379|gb|HQ631058.1|	86.43	258	20	15	1	250	24	274	9e-69	 268
293	gi|312618816|gb|HM054160.1|	87.50	240	20	9	15	250	1	234	9e-69	 268
293	gi|312618815|gb|HM054159.1|	87.50	240	20	9	15	250	1	234	9e-69	 268
293	gi|310814426|gb|HQ257412.1|	86.36	264	14	21	1	250	10	265	9e-69	 268
293	gi|304651389|gb|HQ115647.1|	86.82	258	12	19	8	250	1	251	9e-69	 268
293	gi|294471409|gb|GU017511.1|	86.59	261	13	21	4	250	1	253	9e-69	 268
293	gi|292453925|gb|GU722061.1|	86.42	265	13	18	1	250	15	271	9e-69	 268
293	gi|292453924|gb|GU722060.1|	86.42	265	13	18	1	250	18	274	9e-69	 268
293	gi|259098696|gb|GQ520994.1|	86.36	264	15	19	3	250	12	270	9e-69	 268
293	gi|259092171|gb|GQ523877.1|	86.26	262	18	17	1	250	26	281	9e-69	 268
293	gi|134134068|gb|EF121864.1|	87.65	243	15	13	15	250	1	235	9e-69	 268
293	gi|134134067|gb|EF121863.1|	87.60	242	16	13	15	250	1	234	9e-69	 268
293	gi|126131226|gb|EF423537.1|	86.42	265	13	22	1	250	9	265	9e-69	 268
293	gi|90102823|gb|DQ421139.1|	86.43	258	20	15	1	250	23	273	9e-69	 268
293	gi|90102822|gb|DQ421138.1|	86.43	258	20	15	1	250	23	273	9e-69	 268
293	gi|11877342|emb|AJ301998.1|	86.43	258	20	15	1	250	1733	1983	9e-69	 268
293	gi|7619961|dbj|AB027365.1|	86.36	264	14	19	1	250	172	427	9e-69	 268
293	gi|310814423|gb|HQ257409.1|	86.09	266	13	22	1	250	24	281	3e-68	 267
293	gi|300086127|gb|HM162002.1|	86.31	263	15	17	2	250	24	279	3e-68	 267
293	gi|294471408|gb|GU017510.1|	86.31	263	14	21	2	250	1	255	3e-68	 267
293	gi|294471407|gb|GU017509.1|	86.31	263	14	21	2	250	1	255	3e-68	 267
293	gi|294471389|gb|GU017491.1|	86.49	259	16	15	9	250	1	257	3e-68	 267
293	gi|226929727|gb|FJ780134.1|	86.43	258	17	18	1	250	23	270	3e-68	 267
293	gi|226928418|gb|FJ778825.1|	86.38	257	19	16	1	250	23	270	3e-68	 267
293	gi|224975327|gb|FJ762873.1|	86.09	266	15	19	1	250	23	282	3e-68	 267
293	gi|224973525|gb|FJ761071.1|	86.04	265	17	17	1	250	23	282	3e-68	 267
293	gi|157777847|gb|EU146306.1|	86.31	263	15	19	1	250	13	267	3e-68	 267
293	gi|12862868|dbj|AB054047.1|	86.90	252	16	12	6	247	1	245	3e-68	 267
293	gi|312434318|gb|HQ607839.1|	86.04	265	15	20	1	250	9	266	1e-67	 265
293	gi|312434304|gb|HQ607824.1|	85.93	263	19	17	1	250	9	266	1e-67	 265
293	gi|312618791|gb|HM054135.1|	87.19	242	19	9	15	250	1	236	1e-67	 265
293	gi|310814406|gb|HQ257392.1|	87.30	244	15	16	19	250	1	240	1e-67	 265
293	gi|311334256|emb|FN565298.1|	86.33	256	20	15	1	250	23	269	1e-67	 265
293	gi|310687472|dbj|AB540575.1|	86.04	265	15	20	1	250	9	266	1e-67	 265
293	gi|305668895|gb|HQ125071.1|	86.56	253	18	15	6	250	31	275	1e-67	 265
293	gi|300086430|gb|HM162305.1|	86.04	265	15	20	1	250	23	280	1e-67	 265
293	gi|300086232|gb|HM162107.1|	86.04	265	15	20	1	250	23	280	1e-67	 265
293	gi|300086233|gb|HM162108.1|	86.04	265	15	20	1	250	23	280	1e-67	 265
293	gi|300086222|gb|HM162097.1|	86.04	265	15	20	1	250	23	280	1e-67	 265
293	gi|300086225|gb|HM162100.1|	86.04	265	15	20	1	250	23	280	1e-67	 265
293	gi|262069445|gb|GU067752.1|	86.38	257	18	17	1	250	14	260	1e-67	 265
293	gi|259094654|gb|GQ526360.1|	85.93	263	19	12	1	250	23	280	1e-67	 265
293	gi|259091994|gb|GQ523700.1|	86.09	266	14	19	1	250	23	281	1e-67	 265
293	gi|218455094|gb|EU860071.1|	87.76	237	16	12	20	250	1	230	1e-67	 265
293	gi|218455092|gb|EU860069.1|	87.76	237	16	12	20	250	1	230	1e-67	 265
293	gi|218455093|gb|EU860070.1|	87.76	237	16	12	20	250	1	230	1e-67	 265
293	gi|218455089|gb|EU860066.1|	87.76	237	16	12	20	250	1	230	1e-67	 265
293	gi|218455090|gb|EU860067.1|	87.76	237	16	12	20	250	1	230	1e-67	 265
293	gi|218455086|gb|EU860063.1|	87.71	236	18	10	20	250	1	230	1e-67	 265
293	gi|218455087|gb|EU860064.1|	87.71	236	18	10	20	250	1	230	1e-67	 265
293	gi|226925731|gb|FJ776138.1|	86.04	265	15	20	1	250	18	275	1e-67	 265
293	gi|223016912|gb|FJ624268.1|	86.27	255	21	14	1	250	26	271	1e-67	 265
293	gi|162415956|gb|EU301649.1|	86.04	265	15	20	1	250	26	283	1e-67	 265
293	gi|129562581|gb|EF419978.1|	86.15	260	19	12	1	250	14	266	1e-67	 265
293	gi|117653187|gb|EF060782.1|	86.38	257	18	17	1	250	300	546	1e-67	 265
293	gi|31076056|emb|AJ488276.1|	86.04	265	15	20	1	250	533	276	1e-67	 265
293	gi|1698527|gb|U57676.1|ETU57676	87.04	247	17	14	15	250	1	243	1e-67	 265
293	gi|329184762|gb|JF449598.1|	86.33	256	18	14	1	250	1	245	4e-67	 263
293	gi|317184028|gb|HQ649785.1|	86.80	250	16	14	13	250	1	245	4e-67	 263
293	gi|312618800|gb|HM054144.1|	87.14	241	19	11	15	250	1	234	4e-67	 263
293	gi|312264454|gb|GU817200.1|	86.05	258	20	15	1	250	4	253	4e-67	 263
293	gi|312264432|gb|GU817178.1|	86.05	258	20	15	1	250	23	272	4e-67	 263
293	gi|312264426|gb|GU817172.1|	86.05	258	20	15	1	250	23	272	4e-67	 263
293	gi|312264420|gb|GU817166.1|	86.05	258	20	15	1	250	23	272	4e-67	 263
293	gi|312264415|gb|GU817161.1|	86.05	258	20	15	1	250	23	272	4e-67	 263
293	gi|312264411|gb|GU817157.1|	86.05	258	20	15	1	250	23	272	4e-67	 263
293	gi|310687471|dbj|AB540574.1|	85.71	266	18	18	1	250	9	270	4e-67	 263
293	gi|295883719|gb|HM037650.1|	86.05	258	21	15	1	250	23	273	4e-67	 263
293	gi|294358459|gb|GU726755.1|	87.39	238	19	10	17	250	3	233	4e-67	 263
293	gi|294358455|gb|GU726751.1|	87.39	238	19	10	17	250	3	233	4e-67	 263
293	gi|292453678|gb|GU721814.1|	85.98	264	15	18	1	250	23	278	4e-67	 263
293	gi|291498487|gb|GU566299.1|	85.93	263	18	17	1	250	23	279	4e-67	 263
293	gi|261871843|gb|GU055597.1|	86.33	256	17	18	1	248	1	246	4e-67	 263
293	gi|227460832|gb|FJ825374.1|	86.26	262	13	18	4	250	1	254	4e-67	 263
293	gi|157419207|gb|EF694655.1|	85.77	260	24	12	1	250	3	259	4e-67	 263
293	gi|148743507|gb|EF595996.1|	86.83	243	23	5	17	250	17	259	4e-67	 263
293	gi|37956612|gb|AY254153.1|	87.04	247	14	16	15	250	1	240	4e-67	 263
293	gi|317184182|gb|HQ649939.1|	85.82	261	19	14	1	250	1	254	2e-66	 261
293	gi|317184181|gb|HQ649938.1|	85.82	261	19	14	1	250	1	254	2e-66	 261
293	gi|311337308|gb|HQ339880.1|	85.82	261	19	16	1	250	119	372	2e-66	 261
293	gi|311337307|gb|HQ339879.1|	85.82	261	19	16	1	250	103	356	2e-66	 261
293	gi|310787956|gb|HQ316572.1|	85.82	261	19	14	1	250	13	266	2e-66	 261
293	gi|310787955|gb|HQ316571.1|	85.82	261	19	14	1	250	23	276	2e-66	 261
293	gi|310687281|gb|HQ286790.1|	85.82	261	19	14	1	250	9	262	2e-66	 261
293	gi|299034401|emb|FN689699.1|	85.82	261	19	14	1	250	23	276	2e-66	 261
293	gi|291010825|gb|GU945205.1|	85.82	261	19	14	1	250	9	262	2e-66	 261
293	gi|261871848|gb|GU055602.1|	85.99	257	20	15	1	250	1	248	2e-66	 261
293	gi|261871800|gb|GU055554.1|	85.82	261	19	14	1	250	1	254	2e-66	 261
293	gi|218455099|gb|EU860076.1|	87.34	237	18	11	20	250	1	231	2e-66	 261
293	gi|218455098|gb|EU860075.1|	87.39	238	16	13	20	250	1	231	2e-66	 261
293	gi|239509272|gb|GQ120994.1|	85.82	261	19	14	1	250	26	279	2e-66	 261
293	gi|238056964|gb|FJ919747.1|	85.82	261	19	14	1	250	9	262	2e-66	 261
293	gi|187937318|gb|EU520625.1|	85.71	259	24	11	1	250	23	277	2e-66	 261
293	gi|183206703|gb|EU437431.1|	86.05	258	18	18	1	250	1	248	2e-66	 261
293	gi|163257613|emb|AM901678.1|	85.82	261	19	14	1	250	170	423	2e-66	 261
293	gi|162415963|gb|EU301656.1|	85.82	261	19	14	1	250	26	279	2e-66	 261
293	gi|162415962|gb|EU301655.1|	85.82	261	19	14	1	250	26	279	2e-66	 261
293	gi|162415959|gb|EU301652.1|	85.82	261	19	14	1	250	27	280	2e-66	 261
293	gi|162415958|gb|EU301651.1|	85.82	261	19	14	1	250	26	279	2e-66	 261
293	gi|37956616|gb|AY254157.1|	86.80	250	13	17	15	250	1	244	2e-66	 261
293	gi|11602958|gb|AF081468.2|	85.82	261	19	14	1	250	316	569	2e-66	 261
293	gi|11493844|gb|AF206273.1|AF206273	85.82	261	19	14	1	250	119	372	2e-66	 261
293	gi|6715432|gb|AF216649.1|AF216649	85.82	261	19	14	1	250	11	264	2e-66	 261
293	gi|3420915|gb|AF081473.1|AF081473	85.77	260	21	16	1	250	316	569	2e-66	 261
293	gi|3420911|gb|AF081469.1|AF081469	85.82	261	19	14	1	250	316	569	2e-66	 261
293	gi|345447315|gb|JF320821.1|	85.60	257	25	12	1	250	8	259	6e-66	 259
293	gi|345447314|gb|JF320820.1|	85.60	257	25	12	1	250	9	260	6e-66	 259
293	gi|339739825|gb|HQ897797.1|	86.83	243	18	9	17	250	1	238	6e-66	 259
293	gi|339458819|gb|JF945383.1|	87.23	235	20	10	1	231	1	229	6e-66	 259
293	gi|338809293|gb|JF724156.1|	85.71	266	15	19	1	250	9	267	6e-66	 259
293	gi|338809291|gb|JF724154.1|	85.71	266	15	19	1	250	9	267	6e-66	 259
293	gi|338809290|gb|JF724153.1|	85.71	266	15	19	1	250	9	267	6e-66	 259
293	gi|312434501|gb|HQ608023.1|	85.66	265	16	20	1	250	9	266	6e-66	 259
293	gi|329184793|gb|JF449629.1|	86.22	254	18	14	3	250	3	245	6e-66	 259
293	gi|321368918|gb|HM534891.1|	85.83	254	25	10	1	250	124	370	6e-66	 259
293	gi|317383388|gb|HQ631067.1|	85.71	266	15	22	1	250	24	282	6e-66	 259
293	gi|311337311|gb|HQ339883.1|	85.55	263	20	15	1	250	118	375	6e-66	 259
293	gi|305670474|gb|HQ126650.1|	85.66	265	17	18	1	250	23	281	6e-66	 259
293	gi|300086131|gb|HM162006.1|	85.71	266	15	22	1	250	23	281	6e-66	 259
293	gi|226938036|gb|FJ824628.1|	87.03	239	20	10	17	250	1	233	6e-66	 259
293	gi|226928988|gb|FJ779395.1|	85.71	266	15	20	1	250	19	277	6e-66	 259
293	gi|226928149|gb|FJ778556.1|	85.66	265	16	20	1	250	23	280	6e-66	 259
293	gi|226927625|gb|FJ778032.1|	85.66	265	16	21	1	250	18	275	6e-66	 259
293	gi|226926224|gb|FJ776631.1|	85.66	265	16	21	1	250	23	280	6e-66	 259
293	gi|226349186|gb|FJ820809.1|	85.99	257	18	17	1	250	6	251	6e-66	 259
293	gi|134134069|gb|EF121865.1|	86.64	247	18	9	15	250	1	243	6e-66	 259
293	gi|197283754|gb|EU927366.1|	85.71	266	15	19	1	250	9	267	6e-66	 259
293	gi|162136060|gb|EU273554.1|	85.71	259	21	15	3	250	13	266	6e-66	 259
293	gi|118498753|gb|DQ402530.2|	85.77	260	19	15	3	250	1	254	6e-66	 259
293	gi|11602960|gb|AF081471.2|AF081471	85.66	258	23	13	1	250	316	567	6e-66	 259
293	gi|1373304|gb|U57675.1|EMU57675	86.64	247	18	14	15	250	1	243	6e-66	 259
293	gi|300959443|gb|HM136640.1|	85.82	261	15	17	1	250	5	254	2e-65	 257
293	gi|300959442|gb|HM136639.1|	85.82	261	15	17	1	250	9	258	2e-65	 257
293	gi|312618810|gb|HM054154.1|	86.45	251	15	11	15	250	1	247	2e-65	 257
293	gi|312618794|gb|HM054138.1|	86.40	250	16	11	15	250	1	246	2e-65	 257
293	gi|203285069|gb|EU715616.1|	86.40	250	17	11	14	250	1	246	2e-65	 257
293	gi|262285859|gb|FJ948135.1|	86.83	243	16	13	17	250	1	236	2e-65	 257
293	gi|259100362|gb|GQ513250.1|	85.38	260	25	12	1	250	18	274	2e-65	 257
293	gi|259099086|gb|GQ521384.1|	85.39	267	17	19	1	250	23	284	2e-65	 257
293	gi|226932810|gb|FJ783217.1|	85.77	260	18	15	1	250	23	273	2e-65	 257
293	gi|209981617|gb|FJ235967.1|	86.92	237	21	9	18	250	1	231	2e-65	 257
293	gi|1698526|gb|U57673.1|NVU57673	86.72	241	20	11	15	250	1	234	2e-65	 257
293	gi|339458859|gb|JF945423.1|	86.97	238	18	11	1	231	1	232	7e-65	 255
293	gi|329185017|gb|JF449853.1|	85.55	256	23	13	2	250	1	249	7e-65	 255
293	gi|309756659|gb|HQ392608.1|	85.50	262	18	17	1	250	1	254	7e-65	 255
293	gi|299034379|emb|FN689677.1|	85.44	261	20	14	1	250	597	344	7e-65	 255
293	gi|281372394|gb|GU212424.1|	86.86	236	21	9	19	250	1	230	7e-65	 255
293	gi|91204716|dbj|AB255606.1|	85.50	262	18	17	1	250	2117	2370	7e-65	 255
293	gi|37956614|gb|AY254155.1|	86.45	251	12	19	15	250	1	244	7e-65	 255
293	gi|74027017|gb|DQ135999.1|	85.55	263	16	20	1	250	9	262	7e-65	 255
293	gi|32480563|dbj|AB114224.1|	85.50	262	18	17	1	250	1700	1953	7e-65	 255
293	gi|28411624|dbj|AB103381.1|	85.50	262	18	17	1	250	1700	1953	7e-65	 255
293	gi|29466992|dbj|AB067720.1|	85.50	262	18	17	1	250	13	266	7e-65	 255
293	gi|17426920|emb|AJ301967.1|	85.44	261	21	14	1	250	1712	1966	7e-65	 255
293	gi|15425660|dbj|AB044645.1|	85.50	262	18	17	1	250	172	425	7e-65	 255
293	gi|339739835|gb|HQ897807.1|	85.83	254	19	15	6	250	1	246	3e-64	 254
293	gi|299777201|gb|GQ921754.1|	85.34	266	15	22	1	250	1	258	3e-64	 254
293	gi|310659913|gb|HQ248209.1|	86.67	240	19	13	17	250	1	233	3e-64	 254
293	gi|218455083|gb|EU860060.1|	86.92	237	18	12	20	250	1	230	3e-64	 254
293	gi|218455082|gb|EU860059.1|	86.92	237	18	12	20	250	1	230	3e-64	 254
293	gi|226929269|gb|FJ779676.1|	85.60	257	20	16	1	250	23	269	3e-64	 254
293	gi|186695482|gb|EU479751.1|	86.06	251	17	17	13	250	1	246	3e-64	 254
293	gi|186695481|gb|EU479750.1|	86.06	251	17	17	13	250	1	246	3e-64	 254
293	gi|134134062|gb|EF121858.1|	86.36	242	21	9	15	250	1	236	3e-64	 254
293	gi|161725012|emb|AM920397.1|	85.39	267	14	22	1	250	1	259	3e-64	 254
293	gi|37956617|gb|AY254158.1|	86.31	241	23	10	15	250	1	236	3e-64	 254
293	gi|37956606|gb|AY261368.1|	85.28	265	17	20	1	250	1713	1970	3e-64	 254
293	gi|33466062|gb|AY271809.1|	85.66	258	17	19	1	250	248	493	3e-64	 254
293	gi|11830875|emb|AJ302001.1|	85.28	265	18	17	1	250	1712	1970	3e-64	 254
293	gi|11830873|emb|AJ301995.1|	85.28	265	18	17	1	250	1732	1990	3e-64	 254
293	gi|7619965|dbj|AB027369.1|	85.28	265	18	16	1	250	172	430	3e-64	 254
293	gi|342674821|gb|JF311937.1|	87.61	226	17	11	31	250	1	221	9e-64	 252
293	gi|339739828|gb|HQ897800.1|	85.33	259	21	14	3	250	1	253	9e-64	 252
293	gi|339739822|gb|HQ897794.1|	85.27	258	22	13	3	250	1	252	9e-64	 252
293	gi|329185049|gb|JF449885.1|	85.33	259	21	16	1	250	1	251	9e-64	 252
293	gi|329185031|gb|JF449867.1|	85.21	257	24	13	1	250	1	250	9e-64	 252
293	gi|327180254|gb|JF340272.1|	85.33	259	21	16	1	250	10	260	9e-64	 252
293	gi|327180232|gb|JF340250.1|	85.11	262	22	13	1	250	12	268	9e-64	 252
293	gi|305670476|gb|HQ126652.1|	85.27	258	23	14	1	250	23	273	9e-64	 252
293	gi|305668463|gb|HQ124639.1|	85.17	263	19	16	1	250	23	278	9e-64	 252
293	gi|302121731|gb|HM061314.1|	86.55	238	21	10	17	250	3	233	9e-64	 252
293	gi|284520047|gb|GU055995.1|	85.21	257	24	13	1	250	53	302	9e-64	 252
293	gi|257122666|gb|FJ528693.1|	85.21	257	25	13	1	250	1	251	9e-64	 252
293	gi|262035032|gb|GU062298.1|	85.33	259	21	16	1	250	12	262	9e-64	 252
293	gi|229597505|gb|FJ375172.1|	88.02	217	20	6	36	250	1	213	9e-64	 252
293	gi|190411022|gb|EU554595.1|	85.55	256	19	14	6	250	1	249	9e-64	 252
293	gi|256855619|emb|FN397249.1|	85.27	258	23	14	1	250	23	273	9e-64	 252
293	gi|256855404|emb|FN391308.1|	85.27	258	23	14	1	250	19	269	9e-64	 252
293	gi|256855403|emb|FN391307.1|	85.27	258	23	14	1	250	19	269	9e-64	 252
293	gi|218455091|gb|EU860068.1|	86.92	237	16	14	20	250	1	228	9e-64	 252
293	gi|223006418|gb|FJ613050.1|	85.21	257	25	13	1	250	10	260	9e-64	 252
293	gi|223006333|gb|FJ612965.1|	85.21	257	25	13	1	250	10	260	9e-64	 252
293	gi|223006331|gb|FJ612963.1|	85.21	257	25	13	1	250	1	251	9e-64	 252
293	gi|223006308|gb|FJ612940.1|	85.21	257	25	13	1	250	9	259	9e-64	 252
293	gi|223006145|gb|FJ612777.1|	85.21	257	25	13	1	250	10	260	9e-64	 252
293	gi|223006129|gb|FJ612761.1|	85.21	257	25	13	1	250	8	258	9e-64	 252
293	gi|134134066|gb|EF121862.1|	86.36	242	19	13	15	250	1	234	9e-64	 252
293	gi|182375390|gb|EU586043.1|	85.17	263	20	16	1	250	8	264	9e-64	 252
293	gi|162285910|gb|EU326187.1|	85.21	257	25	13	1	250	10	260	9e-64	 252
293	gi|162285909|gb|EU326186.1|	85.27	258	23	14	1	250	10	260	9e-64	 252
293	gi|162136064|gb|EU273558.1|	85.21	257	25	13	1	250	12	262	9e-64	 252
293	gi|162136058|gb|EU273526.1|	85.27	258	23	14	1	250	10	260	9e-64	 252