# BLASTN 2.2.23+
# Query:  307 B50.488_1321
# Database: /home/rohinis/blastdb/blast_nt/nt
# Fields: query id, subject id, % identity, alignment length, mismatches, gap opens, q. start, q. end, s. start, s. end, evalue, bit score
# 100 hits found
307	gi|226349087|gb|FJ820710.1|	97.24	290	5	2	1	289	7	294	2e-132	 480
307	gi|339459294|gb|JF945858.1|	98.15	270	3	1	1	270	2	269	4e-127	 462
307	gi|163263088|emb|AM922223.1|	83.78	259	33	7	38	289	1	257	1e-64	 255
307	gi|162311542|gb|EU292347.1|	77.96	304	33	14	1	289	2	286	3e-52	 214
307	gi|163257931|emb|AM901998.1|	78.29	304	42	14	1	289	179	473	4e-51	 210
307	gi|226349086|gb|FJ820709.1|	77.35	309	34	16	1	289	7	299	6e-49	 203
307	gi|219968245|emb|FM866390.1|	76.87	307	39	14	1	289	24	316	7e-48	 199
307	gi|163257908|emb|AM901973.1|	76.95	295	37	12	1	289	179	448	7e-48	 199
307	gi|188011187|gb|EU673085.1|	76.16	302	51	10	1	289	179	472	3e-46	 194
307	gi|62126078|gb|AY874384.1|	76.45	310	42	15	1	289	27	326	4e-45	 190
307	gi|62126077|gb|AY874383.1|	76.45	310	42	15	1	289	3	302	4e-45	 190
307	gi|289547153|gb|GU452524.1|	75.34	296	31	12	1	289	91	351	1e-44	 188
307	gi|219813933|gb|FJ554147.1|	75.34	296	31	12	1	289	318	578	1e-44	 188
307	gi|219813889|gb|FJ554103.1|	75.34	296	31	12	1	289	318	578	1e-44	 188
307	gi|219813752|gb|FJ553966.1|	75.34	296	31	12	1	289	318	578	1e-44	 188
307	gi|219812952|gb|FJ553166.1|	75.34	296	31	12	1	289	318	578	1e-44	 188
307	gi|219812938|gb|FJ553152.1|	75.34	296	31	12	1	289	318	578	1e-44	 188
307	gi|219812822|gb|FJ553036.1|	75.34	296	31	12	1	289	318	578	1e-44	 188
307	gi|219812700|gb|FJ552914.1|	75.34	296	31	12	1	289	318	578	1e-44	 188
307	gi|219812576|gb|FJ552790.1|	75.34	296	31	12	1	289	318	578	1e-44	 188
307	gi|219812491|gb|FJ552705.1|	75.34	296	31	12	1	289	318	578	1e-44	 188
307	gi|145453153|gb|EF218741.1|	75.34	296	31	12	1	289	85	345	1e-44	 188
307	gi|56681523|gb|AY838271.1|	75.34	296	31	12	1	289	20	280	1e-44	 188
307	gi|309951453|gb|HM545740.1|	75.39	317	40	15	1	289	14	320	5e-44	 187
307	gi|207080930|gb|FJ188365.1|	75.39	317	40	15	1	289	15	321	5e-44	 187
307	gi|313758723|gb|HM488553.1|	76.08	301	50	12	1	289	24	314	2e-43	 185
307	gi|254351306|gb|GQ267491.1|	76.32	304	46	14	1	289	24	316	2e-43	 185
307	gi|229560447|gb|FJ897229.1|	76.14	306	45	14	1	289	18	312	2e-43	 185
307	gi|219814137|gb|FJ554351.1|	75.00	296	32	12	1	289	318	578	2e-43	 185
307	gi|219812999|gb|FJ553213.1|	75.00	296	32	12	1	289	318	578	2e-43	 185
307	gi|219812748|gb|FJ552962.1|	75.00	296	32	12	1	289	318	578	2e-43	 185
307	gi|219812664|gb|FJ552878.1|	75.00	296	32	12	1	289	318	578	2e-43	 185
307	gi|208970718|gb|FJ210728.1|	75.17	294	31	12	1	289	2	258	2e-43	 185
307	gi|162311510|gb|EU292315.1|	75.00	296	32	12	1	289	2	262	2e-43	 185
307	gi|162311442|gb|EU292247.1|	75.00	296	32	12	1	289	2	262	2e-43	 185
307	gi|76150870|gb|DQ150125.1|	75.82	306	43	14	1	289	19	310	2e-43	 185
307	gi|58702086|gb|AY825525.1|	76.14	306	45	14	1	289	684	390	2e-43	 185
307	gi|342673376|gb|JF300771.1|	76.87	307	42	17	1	289	24	319	6e-43	 183
307	gi|259122602|gb|GQ469531.1|	76.07	305	46	14	1	289	2	295	6e-43	 183
307	gi|54695092|gb|AY634143.1|	76.87	307	42	17	1	289	8	303	6e-43	 183
307	gi|308209160|gb|HQ215891.1|	74.69	320	36	16	1	289	25	330	2e-42	 181
307	gi|219813990|gb|FJ554204.1|	74.68	316	42	14	1	289	317	621	2e-42	 181
307	gi|219813435|gb|FJ553649.1|	74.68	316	42	14	1	289	317	621	2e-42	 181
307	gi|186908929|gb|EU668280.1|	74.68	316	42	14	1	289	13	317	2e-42	 181
307	gi|133753059|gb|EF433965.1|	75.99	304	45	14	1	289	2	292	2e-42	 181
307	gi|342673400|gb|JF300795.1|	76.55	307	43	17	1	289	24	319	7e-42	 179
307	gi|342673396|gb|JF300791.1|	76.55	307	43	17	1	289	24	319	7e-42	 179
307	gi|342673394|gb|JF300789.1|	76.55	307	43	17	1	289	24	319	7e-42	 179
307	gi|342673391|gb|JF300786.1|	76.55	307	43	17	1	289	24	319	7e-42	 179
307	gi|342673390|gb|JF300785.1|	76.55	307	43	17	1	289	24	319	7e-42	 179
307	gi|342673388|gb|JF300783.1|	76.55	307	43	17	1	289	23	318	7e-42	 179
307	gi|342673386|gb|JF300781.1|	76.55	307	43	17	1	289	24	319	7e-42	 179
307	gi|342673384|gb|JF300779.1|	76.55	307	43	17	1	289	24	319	7e-42	 179
307	gi|342673382|gb|JF300777.1|	76.55	307	43	17	1	289	24	319	7e-42	 179
307	gi|342673379|gb|JF300774.1|	76.55	307	43	17	1	289	24	319	7e-42	 179
307	gi|1857503|gb|U83472.1|TSU83472	76.13	310	41	17	1	289	13	310	7e-42	 179
307	gi|317408920|gb|HM536085.1|	75.91	303	37	16	1	289	26	306	2e-41	 178
307	gi|315666524|gb|HQ204732.1|	75.32	308	46	14	1	289	25	321	2e-41	 178
307	gi|1857499|gb|U83468.1|TSU83468	76.30	308	43	17	1	289	13	309	2e-41	 178
307	gi|326681478|gb|HQ336695.1|	75.82	306	42	16	1	289	15	305	8e-41	 176
307	gi|309951432|gb|HM545719.1|	74.66	296	33	13	1	289	26	286	8e-41	 176
307	gi|304263446|gb|HM989941.1|	75.00	304	45	13	1	289	49	336	8e-41	 176
307	gi|302126229|emb|FN610920.1|	74.37	316	44	14	1	289	24	329	8e-41	 176
307	gi|299480217|gb|HM146879.1|	74.37	316	44	14	1	289	13	318	8e-41	 176
307	gi|299480216|gb|HM146878.1|	74.37	316	44	14	1	289	25	330	8e-41	 176
307	gi|295682568|gb|GU998682.1|	74.37	316	44	14	1	289	24	329	8e-41	 176
307	gi|295682483|gb|GU998597.1|	74.37	316	44	14	1	289	21	326	8e-41	 176
307	gi|229577590|gb|FJ378793.1|	75.57	307	44	15	1	289	31	324	8e-41	 176
307	gi|284429037|gb|GU289420.1|	74.37	316	44	14	1	289	2	307	8e-41	 176
307	gi|238805243|emb|FN393162.1|	74.37	316	44	14	1	289	2	307	8e-41	 176
307	gi|238805005|emb|FN393123.1|	74.37	316	44	14	1	289	680	375	8e-41	 176
307	gi|238804989|emb|FN393107.1|	75.57	307	45	15	1	289	665	371	8e-41	 176
307	gi|238804977|emb|FN393095.1|	74.37	316	44	14	1	289	680	375	8e-41	 176
307	gi|229560452|gb|FJ897234.1|	75.08	309	46	14	1	289	6	303	8e-41	 176
307	gi|145308865|gb|EF521243.1|	74.37	316	44	14	1	289	25	330	8e-41	 176
307	gi|145308864|gb|EF521242.1|	74.37	316	44	14	1	289	25	330	8e-41	 176
307	gi|342673399|gb|JF300794.1|	76.22	307	44	17	1	289	24	319	3e-40	 174
307	gi|342673397|gb|JF300792.1|	76.22	307	44	17	1	289	24	319	3e-40	 174
307	gi|342673393|gb|JF300788.1|	76.22	307	44	17	1	289	24	319	3e-40	 174
307	gi|342673392|gb|JF300787.1|	76.22	307	44	17	1	289	24	319	3e-40	 174
307	gi|342673389|gb|JF300784.1|	76.22	307	44	17	1	289	24	319	3e-40	 174
307	gi|342673387|gb|JF300782.1|	76.22	307	44	17	1	289	23	318	3e-40	 174
307	gi|342673385|gb|JF300780.1|	76.22	307	44	17	1	289	24	319	3e-40	 174
307	gi|342673380|gb|JF300775.1|	76.22	307	44	17	1	289	24	319	3e-40	 174
307	gi|186908861|gb|EU668212.1|	75.58	303	47	14	3	289	2	293	3e-40	 174
307	gi|158934582|emb|AM269793.1|	74.17	302	50	10	1	289	3	289	3e-40	 174
307	gi|158934579|emb|AM269790.1|	74.17	302	50	10	1	289	1	287	3e-40	 174
307	gi|158934578|emb|AM269789.1|	74.17	302	50	10	1	289	2	288	3e-40	 174
307	gi|112818500|emb|AM231801.1|	75.90	307	45	16	1	289	2	297	3e-40	 174
307	gi|61657756|emb|AJ633582.1|	74.76	313	48	14	1	289	103	408	3e-40	 174
307	gi|312264456|gb|GU817202.1|	74.68	312	42	15	1	289	17	314	1e-39	 172
307	gi|208970761|gb|FJ210771.1|	75.24	307	44	15	1	289	2	294	1e-39	 172
307	gi|199594098|gb|FJ013083.1|	75.41	305	44	15	5	289	1	294	1e-39	 172
307	gi|158934581|emb|AM269792.1|	74.09	301	50	10	2	289	1	286	1e-39	 172
307	gi|310814045|gb|GU174338.1|	75.24	307	46	15	1	289	24	318	4e-39	 170
307	gi|308209154|gb|HQ215885.1|	74.37	316	44	15	1	289	64	369	4e-39	 170
307	gi|306030519|gb|HM164603.1|	75.41	305	46	15	1	289	2	293	4e-39	 170
307	gi|302126306|emb|FN610997.1|	75.57	307	45	16	1	289	25	319	4e-39	 170
307	gi|302126297|emb|FN610988.1|	75.57	307	45	16	1	289	24	318	4e-39	 170
307	gi|257123940|gb|GQ398249.1|	75.41	305	46	15	1	289	3	294	4e-39	 170
