# BLASTN 2.2.23+
# Query:  295 B25.516_15445
# Database: /home/rohinis/blastdb/blast_nt/nt
# Fields: query id, subject id, % identity, alignment length, mismatches, gap opens, q. start, q. end, s. start, s. end, evalue, bit score
# 101 hits found
295	gi|332106408|gb|GU941444.1|	100.00	236	0	0	8	243	1	236	2e-116	 426
295	gi|262225583|emb|FN562058.1|	98.77	244	2	1	1	243	147	390	3e-115	 423
295	gi|262225583|emb|FN562058.1|	97.44	39	1	0	1	39	414	452	9e-08	66.2
295	gi|117653085|gb|EF060680.1|	98.77	244	2	1	1	243	315	558	3e-115	 423
295	gi|114225503|gb|DQ980578.1|	98.77	244	2	1	1	243	102	345	3e-115	 423
295	gi|53771777|gb|AY729051.1|	98.77	244	2	1	1	243	1	244	3e-115	 423
295	gi|219963319|gb|EU926244.1|	98.74	239	2	1	6	243	1	239	2e-112	 414
295	gi|219963318|gb|EU926243.1|	98.74	239	2	1	6	243	1	239	2e-112	 414
295	gi|219963317|gb|EU926242.1|	98.74	239	2	1	6	243	1	239	2e-112	 414
295	gi|219963316|gb|EU926241.1|	98.74	239	2	1	6	243	1	239	2e-112	 414
295	gi|219963315|gb|EU926240.1|	98.74	239	2	1	6	243	1	239	2e-112	 414
295	gi|219963314|gb|EU926239.1|	98.74	239	2	1	6	243	1	239	2e-112	 414
295	gi|219963313|gb|EU926238.1|	98.74	239	2	1	6	243	1	239	2e-112	 414
295	gi|219963312|gb|EU926237.1|	98.74	239	2	1	6	243	1	239	2e-112	 414
295	gi|219963311|gb|EU926236.1|	98.74	239	2	1	6	243	1	239	2e-112	 414
295	gi|219963310|gb|EU926235.1|	98.74	239	2	1	6	243	1	239	2e-112	 414
295	gi|219963309|gb|EU926234.1|	98.74	239	2	1	6	243	1	239	2e-112	 414
295	gi|219963308|gb|EU926233.1|	98.74	239	2	1	6	243	1	239	2e-112	 414
295	gi|219963307|gb|EU926232.1|	98.74	239	2	1	6	243	1	239	2e-112	 414
295	gi|219963306|gb|EU926231.1|	98.74	239	2	1	6	243	1	239	2e-112	 414
295	gi|219963320|gb|EU926245.1|	98.33	239	3	1	6	243	1	239	2e-111	 410
295	gi|219963325|gb|EU926250.1|	97.91	239	4	1	6	243	1	239	8e-110	 405
295	gi|219963323|gb|EU926248.1|	97.91	239	4	1	6	243	1	239	8e-110	 405
295	gi|219963330|gb|EU926255.1|	97.49	239	5	1	6	243	1	239	1e-108	 401
295	gi|219963329|gb|EU926254.1|	97.49	239	5	1	6	243	1	239	1e-108	 401
295	gi|219963328|gb|EU926253.1|	97.49	239	5	1	6	243	1	239	1e-108	 401
295	gi|219963327|gb|EU926252.1|	97.49	239	5	1	6	243	1	239	1e-108	 401
295	gi|219963326|gb|EU926251.1|	97.49	239	5	1	6	243	1	239	1e-108	 401
295	gi|219963324|gb|EU926249.1|	97.49	239	5	1	6	243	1	239	1e-108	 401
295	gi|219963322|gb|EU926247.1|	97.49	239	5	1	6	243	1	239	1e-108	 401
295	gi|219963321|gb|EU926246.1|	97.49	239	5	1	6	243	1	239	1e-108	 401
295	gi|219963360|gb|EU926285.1|	97.07	239	6	1	6	243	1	239	4e-107	 396
295	gi|219963359|gb|EU926284.1|	97.07	239	6	1	6	243	1	239	4e-107	 396
295	gi|219963358|gb|EU926283.1|	97.07	239	6	1	6	243	1	239	4e-107	 396
295	gi|219963357|gb|EU926282.1|	97.07	239	6	1	6	243	1	239	4e-107	 396
295	gi|219963356|gb|EU926281.1|	97.07	239	6	1	6	243	1	239	4e-107	 396
295	gi|219963355|gb|EU926280.1|	97.07	239	6	1	6	243	1	239	4e-107	 396
295	gi|219963354|gb|EU926279.1|	97.07	239	6	1	6	243	1	239	4e-107	 396
295	gi|219963353|gb|EU926278.1|	97.07	239	6	1	6	243	1	239	4e-107	 396
295	gi|219963352|gb|EU926277.1|	97.07	239	6	1	6	243	1	239	4e-107	 396
295	gi|219963351|gb|EU926276.1|	97.07	239	6	1	6	243	1	239	4e-107	 396
295	gi|219963350|gb|EU926275.1|	97.07	239	6	1	6	243	1	239	4e-107	 396
295	gi|219963349|gb|EU926274.1|	97.07	239	6	1	6	243	1	239	4e-107	 396
295	gi|219963348|gb|EU926273.1|	97.07	239	6	1	6	243	1	239	4e-107	 396
295	gi|219963347|gb|EU926272.1|	97.07	239	6	1	6	243	1	239	4e-107	 396
295	gi|219963346|gb|EU926271.1|	97.07	239	6	1	6	243	1	239	4e-107	 396
295	gi|219963345|gb|EU926270.1|	97.07	239	6	1	6	243	1	239	4e-107	 396
295	gi|219963344|gb|EU926269.1|	97.07	239	6	1	6	243	1	239	4e-107	 396
295	gi|219963343|gb|EU926268.1|	97.07	239	6	1	6	243	1	239	4e-107	 396
295	gi|219963342|gb|EU926267.1|	97.07	239	6	1	6	243	1	239	4e-107	 396
295	gi|219963341|gb|EU926266.1|	97.07	239	6	1	6	243	1	239	4e-107	 396
295	gi|219963340|gb|EU926265.1|	97.07	239	6	1	6	243	1	239	4e-107	 396
295	gi|219963339|gb|EU926264.1|	97.07	239	6	1	6	243	1	239	4e-107	 396
295	gi|219963338|gb|EU926263.1|	97.07	239	6	1	6	243	1	239	4e-107	 396
295	gi|219963337|gb|EU926262.1|	97.07	239	6	1	6	243	1	239	4e-107	 396
295	gi|219963336|gb|EU926261.1|	97.07	239	6	1	6	243	1	239	4e-107	 396
295	gi|219963335|gb|EU926260.1|	97.07	239	6	1	6	243	1	239	4e-107	 396
295	gi|219963334|gb|EU926259.1|	97.07	239	6	1	6	243	1	239	4e-107	 396
295	gi|219963333|gb|EU926258.1|	97.07	239	6	1	6	243	1	239	4e-107	 396
295	gi|219963332|gb|EU926257.1|	97.07	239	6	1	6	243	1	239	4e-107	 396
295	gi|219963331|gb|EU926256.1|	97.07	239	6	1	6	243	1	239	4e-107	 396
295	gi|262225584|emb|FN562059.1|	92.59	243	17	1	1	243	22	263	1e-94	 354
295	gi|148535529|gb|EF568055.1|	98.54	206	2	1	39	243	1	206	1e-94	 354
295	gi|219963305|gb|EU926230.1|	98.54	205	2	1	40	243	1	205	4e-94	 352
295	gi|219963304|gb|EU926229.1|	98.54	205	2	1	40	243	1	205	4e-94	 352
295	gi|219963303|gb|EU926228.1|	98.54	205	2	1	40	243	1	205	4e-94	 352
295	gi|219963302|gb|EU926227.1|	98.54	205	2	1	40	243	1	205	4e-94	 352
295	gi|219963301|gb|EU926226.1|	98.54	205	2	1	40	243	1	205	4e-94	 352
295	gi|219963300|gb|EU926225.1|	98.54	205	2	1	40	243	1	205	4e-94	 352
295	gi|198401883|gb|EU721707.1|	94.59	222	2	2	32	243	1	222	2e-92	 347
295	gi|339739837|gb|HQ897809.1|	91.97	249	8	6	3	243	1	245	2e-91	 343
295	gi|148594079|emb|AM410602.1|	92.65	245	12	5	1	243	138	378	2e-91	 343
295	gi|339739815|gb|HQ897787.1|	92.92	240	11	5	6	243	1	236	3e-90	 340
295	gi|333463392|gb|HQ165931.1|	98.48	198	2	1	47	243	1	198	3e-90	 340
295	gi|333463391|gb|HQ165930.1|	98.48	198	2	1	47	243	1	198	3e-90	 340
295	gi|219963294|gb|EU926219.1|	91.77	243	12	5	6	243	1	240	4e-88	 333
295	gi|343161762|dbj|AB586996.1|	96.55	203	6	1	42	243	1	203	1e-87	 331
295	gi|219963296|gb|EU926221.1|	91.70	241	12	5	8	243	1	238	5e-87	 329
295	gi|219963295|gb|EU926220.1|	91.70	241	12	5	8	243	1	238	5e-87	 329
295	gi|117652828|gb|EF060423.1|	91.16	249	11	7	1	243	310	553	5e-87	 329
295	gi|149798292|gb|EF453189.1|	96.97	198	5	1	47	243	1	198	2e-86	 327
295	gi|256575433|gb|GQ376113.1|	91.94	248	11	9	1	243	4	247	6e-86	 325
295	gi|224381715|gb|FJ645740.1|	90.40	250	13	6	1	243	3	248	6e-86	 325
295	gi|292453702|gb|GU721838.1|	91.09	247	13	7	1	243	23	264	2e-85	 324
295	gi|292453698|gb|GU721834.1|	90.80	250	10	8	1	243	23	266	2e-85	 324
295	gi|292453696|gb|GU721832.1|	91.09	247	13	7	1	243	23	264	2e-85	 324
295	gi|189176046|gb|EU680483.1|	90.80	250	10	8	1	243	11	254	2e-85	 324
295	gi|117652949|gb|EF060544.1|	90.80	250	10	8	1	243	316	559	2e-85	 324
295	gi|17834065|gb|AF310977.1|AF310977	90.76	249	12	7	1	243	316	559	2e-85	 324
295	gi|17834064|gb|AF310976.1|AF310976	90.76	249	12	7	1	243	316	559	2e-85	 324
295	gi|339739858|gb|HQ897830.1|	90.61	245	17	5	3	243	1	243	7e-85	 322
295	gi|312434533|gb|HQ608055.1|	90.69	247	11	7	1	243	9	247	7e-85	 322
295	gi|256575437|gb|GQ376117.1|	90.69	247	15	6	1	243	9	251	7e-85	 322
295	gi|256575428|gb|GQ376108.1|	91.09	247	14	7	1	243	9	251	7e-85	 322
295	gi|228065046|gb|FJ892747.1|	90.73	248	13	7	1	243	260	502	7e-85	 322
295	gi|209915954|gb|FJ378071.1|	90.40	250	12	7	1	243	10	254	7e-85	 322
295	gi|17834070|gb|AF310982.1|AF310982	90.40	250	12	7	1	243	316	560	7e-85	 322
295	gi|256575432|gb|GQ376112.1|	90.73	248	15	7	1	243	9	253	3e-84	 320
295	gi|295924041|gb|GQ280339.1|	90.69	247	15	7	1	243	23	265	9e-84	 318
295	gi|333033985|emb|FR852562.1|	91.09	247	13	8	1	243	10	251	9e-84	 318
295	gi|317383378|gb|HQ631057.1|	90.69	247	14	7	1	243	24	265	9e-84	 318