# BLASTN 2.2.23+
# Query:  42 Chlorophyta
# Database: /home/rohinis/blastdb/blast_nt/nt
# Fields: query id, subject id, % identity, alignment length, mismatches, gap opens, q. start, q. end, s. start, s. end, evalue, bit score
# 100 hits found
42	gi|28864523|gb|AY206425.1|	99.59	244	1	0	1	244	343	586	5e-119	 435
42	gi|28864522|gb|AY206424.1|	99.59	244	1	0	1	244	342	585	5e-119	 435
42	gi|20147523|gb|AF479758.1|	99.18	244	2	0	1	244	343	586	6e-118	 432
42	gi|284468577|gb|GU328524.1|	91.80	244	20	0	1	244	24	267	2e-93	 351
42	gi|305669577|gb|HQ125753.1|	91.36	243	18	3	1	241	24	265	4e-88	 333
42	gi|323361120|gb|HQ184180.1|	97.38	191	0	5	55	244	3	189	2e-79	 304
42	gi|310754401|gb|HQ212291.1|	84.65	254	25	9	1	244	24	273	9e-65	 255
42	gi|284468572|gb|GU328519.1|	83.67	251	23	7	1	244	24	263	3e-64	 253
42	gi|307334607|gb|HM240209.1|	83.02	265	20	11	1	244	24	284	1e-62	 248
42	gi|295682629|gb|GU998743.1|	83.07	254	21	8	1	244	24	265	1e-62	 248
42	gi|163257726|emb|AM901791.1|	84.34	249	28	8	1	244	179	421	1e-62	 248
42	gi|307334627|gb|HM240229.1|	82.89	263	24	10	1	244	24	284	5e-62	 246
42	gi|307334626|gb|HM240228.1|	82.89	263	24	10	1	244	24	284	5e-62	 246
42	gi|307334619|gb|HM240221.1|	82.89	263	24	10	1	244	24	284	5e-62	 246
42	gi|307334598|gb|HM240200.1|	82.89	263	24	10	1	244	24	284	5e-62	 246
42	gi|307334589|gb|HM240191.1|	82.89	263	24	10	1	244	24	284	5e-62	 246
42	gi|307334579|gb|HM240181.1|	82.89	263	24	10	1	244	24	284	5e-62	 246
42	gi|307334570|gb|HM240172.1|	82.89	263	24	10	1	244	24	284	5e-62	 246
42	gi|307334558|gb|HM240160.1|	82.89	263	24	10	1	244	24	284	5e-62	 246
42	gi|307334556|gb|HM240158.1|	82.89	263	24	10	1	244	24	284	5e-62	 246
42	gi|307334553|gb|HM240155.1|	82.89	263	24	10	1	244	24	284	5e-62	 246
42	gi|307334552|gb|HM240154.1|	82.89	263	24	10	1	244	24	284	5e-62	 246
42	gi|307334549|gb|HM240151.1|	82.89	263	24	10	1	244	24	284	5e-62	 246
42	gi|307334548|gb|HM240150.1|	82.89	263	24	10	1	244	24	284	5e-62	 246
42	gi|307334547|gb|HM240149.1|	82.89	263	24	10	1	244	24	284	5e-62	 246
42	gi|307334545|gb|HM240147.1|	82.89	263	24	10	1	244	24	284	5e-62	 246
42	gi|284468574|gb|GU328521.1|	83.47	248	29	6	1	244	24	263	5e-62	 246
42	gi|219968248|emb|FM866393.1|	82.89	263	24	10	1	244	24	284	5e-62	 246
42	gi|307334624|gb|HM240226.1|	82.89	263	24	11	1	244	24	284	2e-60	 241
42	gi|307334566|gb|HM240168.1|	82.51	263	25	10	1	244	24	284	2e-60	 241
42	gi|307334535|gb|HM240137.1|	82.51	263	25	10	1	244	24	284	2e-60	 241
42	gi|219968240|emb|FM866385.1|	82.51	263	25	10	1	244	24	284	2e-60	 241
42	gi|219968189|emb|FM866334.1|	82.51	263	25	10	1	244	24	284	2e-60	 241
42	gi|155089191|gb|EU046038.1|	82.51	263	25	10	1	244	24	284	2e-60	 241
42	gi|45752341|emb|AJ581033.1|	81.89	265	21	10	1	244	10	268	2e-60	 241
42	gi|45752340|emb|AJ581032.1|	81.89	265	21	10	1	244	10	268	2e-60	 241
42	gi|307334629|gb|HM240231.1|	82.51	263	25	11	1	244	24	284	2e-59	 237
42	gi|307334603|gb|HM240205.1|	82.51	263	25	11	1	244	24	284	2e-59	 237
42	gi|284468676|gb|GU328623.1|	81.54	260	31	7	1	244	24	282	2e-59	 237
42	gi|310814106|gb|GU174399.1|	81.99	261	29	9	1	244	24	283	9e-59	 235
42	gi|298357253|emb|FN908210.1|	81.61	261	30	8	1	244	25	284	9e-59	 235
42	gi|310814012|gb|GU174305.1|	81.92	260	29	9	1	244	24	281	3e-58	 233
42	gi|284468625|gb|GU328572.1|	81.92	260	29	9	1	244	24	281	3e-58	 233
42	gi|305669184|gb|HQ125360.1|	82.80	250	31	8	1	241	24	270	1e-57	 232
42	gi|219813654|gb|FJ553868.1|	80.61	263	30	8	1	244	317	577	1e-56	 228
42	gi|188496662|emb|AM999659.1|	87.70	187	19	2	60	244	17	201	1e-56	 228
42	gi|295807742|emb|FN390813.1|	82.07	251	24	10	1	232	23	271	2e-55	 224
42	gi|284468566|gb|GU328513.1|	83.00	253	30	11	1	244	25	273	2e-55	 224
42	gi|7262503|dbj|AB032683.1|	82.07	251	24	10	13	244	1	249	2e-55	 224
42	gi|7262502|dbj|AB032682.1|	82.07	251	24	10	13	244	1	249	2e-55	 224
42	gi|7262501|dbj|AB032681.1|	82.07	251	24	10	13	244	1	249	2e-55	 224
42	gi|20378443|gb|AF444382.1|	83.33	234	28	8	16	244	1	228	2e-54	 221
42	gi|20378442|gb|AF444381.1|	83.33	234	28	8	16	244	1	228	2e-54	 221
42	gi|20378396|gb|AF444335.1|	83.33	234	28	8	16	244	1	228	2e-54	 221
42	gi|305669320|gb|HQ125496.1|	81.85	248	24	10	4	232	29	274	7e-54	 219
42	gi|305854997|dbj|AB520593.1|	81.85	248	24	10	16	244	1	246	7e-54	 219
42	gi|188531725|gb|EU675985.1|	81.85	248	24	10	16	244	1	246	7e-54	 219
42	gi|188531718|gb|EU675979.1|	81.85	248	24	10	16	244	1	246	7e-54	 219
42	gi|49618716|gb|AY591343.1|	81.85	248	24	10	16	244	1	246	7e-54	 219
42	gi|20257233|gb|AF410471.1|	81.85	248	24	10	16	244	1	246	7e-54	 219
42	gi|7262469|dbj|AB032675.1|	81.35	252	24	10	13	244	1	249	7e-54	 219
42	gi|6164659|gb|AF145318.1|AF145318	81.85	248	24	10	16	244	1	246	7e-54	 219
42	gi|20378428|gb|AF444367.1|	81.85	248	24	10	16	244	1	246	7e-54	 219
42	gi|20378426|gb|AF444365.1|	81.85	248	24	10	16	244	1	246	7e-54	 219
42	gi|20378412|gb|AF444351.1|	81.85	248	24	10	16	244	1	246	7e-54	 219
42	gi|20378380|gb|AF444319.1|	81.85	248	24	10	16	244	1	246	7e-54	 219
42	gi|84452408|emb|AJ876494.1|	80.08	261	34	8	1	244	10	269	2e-53	 217
42	gi|305668861|gb|HQ125037.1|	81.78	247	20	11	1	227	24	265	8e-53	 215
42	gi|284468677|gb|GU328624.1|	80.54	257	36	8	1	244	24	279	8e-53	 215
42	gi|6164660|gb|AF145319.1|AF145319	81.12	249	24	10	16	244	1	246	3e-52	 214
42	gi|20378430|gb|AF444369.1|	82.13	235	30	7	16	244	1	229	3e-52	 214
42	gi|313192544|emb|FR727725.1|	81.56	244	24	10	1	225	2	243	1e-51	 212
42	gi|20378427|gb|AF444366.1|	81.53	249	24	11	16	244	1	247	1e-51	 212
42	gi|284468687|gb|GU328634.1|	77.39	283	24	12	1	244	24	305	1e-49	 205
42	gi|161172107|gb|EU252548.1|	81.07	243	25	11	21	244	87	327	2e-48	 201
42	gi|20378395|gb|AF444334.1|	80.60	232	26	7	16	244	1	216	2e-48	 201
42	gi|284468592|gb|GU328539.1|	76.84	285	24	13	1	244	24	307	7e-47	 196
42	gi|284468575|gb|GU328522.1|	79.05	253	33	9	1	244	24	265	7e-47	 196
42	gi|161339326|gb|EU266561.1|	80.17	242	25	10	23	244	1	239	7e-47	 196
42	gi|310754355|gb|HQ212245.1|	78.49	265	28	12	1	244	24	280	3e-46	 194
42	gi|310754069|gb|HQ211959.1|	78.49	265	28	12	1	244	24	280	3e-46	 194
42	gi|310753644|gb|HQ211534.1|	78.49	265	28	12	1	244	24	280	3e-46	 194
42	gi|307334633|gb|HM240235.1|	78.49	265	28	12	1	244	24	280	3e-46	 194
42	gi|307334630|gb|HM240232.1|	78.49	265	28	12	1	244	24	280	3e-46	 194
42	gi|307334625|gb|HM240227.1|	78.49	265	28	12	1	244	24	280	3e-46	 194
42	gi|307334612|gb|HM240214.1|	78.49	265	28	12	1	244	24	280	3e-46	 194
42	gi|302126313|emb|FN611004.1|	78.49	265	28	12	1	244	24	280	3e-46	 194
42	gi|299778190|gb|HM069422.1|	78.49	265	28	12	1	244	178	434	3e-46	 194
42	gi|299778164|gb|HM069396.1|	78.20	266	27	12	1	244	180	436	9e-46	 192
42	gi|193850657|gb|EU754985.1|	80.59	237	24	11	27	244	2	235	3e-45	 190
42	gi|94383983|emb|AM260879.1|	79.38	257	36	11	1	244	24	276	3e-45	 190
42	gi|342673318|gb|JF300713.1|	78.11	265	29	12	1	244	23	279	1e-44	 188
42	gi|307334631|gb|HM240233.1|	78.11	265	29	12	1	244	24	280	1e-44	 188
42	gi|307334623|gb|HM240225.1|	78.11	265	29	12	1	244	24	280	1e-44	 188
42	gi|307334622|gb|HM240224.1|	78.11	265	29	12	1	244	24	280	1e-44	 188
42	gi|284814012|gb|GU366732.1|	78.11	265	29	12	1	244	24	280	1e-44	 188
42	gi|225634553|emb|FN295172.1|	80.52	231	24	10	14	225	1	229	1e-44	 188
42	gi|225634552|emb|FN295171.1|	80.52	231	24	10	14	225	1	229	1e-44	 188
42	gi|225634551|emb|FN295170.1|	80.52	231	24	10	14	225	1	229	1e-44	 188
42	gi|225634550|emb|FN295169.1|	80.52	231	24	10	14	225	1	229	1e-44	 188
# BLASTN 2.2.23+
# Query:  455 Sinapis alba
# Database: /home/rohinis/blastdb/blast_nt/nt
# Fields: query id, subject id, % identity, alignment length, mismatches, gap opens, q. start, q. end, s. start, s. end, evalue, bit score
# 100 hits found
455	gi|223036842|gb|FJ609733.1|	100.00	354	0	0	4	357	1	354	3e-180	 639
455	gi|21158|emb|X15915.1|	98.88	358	1	3	1	357	184	539	1e-173	 618
455	gi|21157|emb|X66325.1|	98.88	358	1	3	1	357	2054	2409	1e-173	 618
455	gi|6752435|gb|AF128106.1|AF128106	99.04	312	3	0	46	357	1	312	5e-153	 549
455	gi|260548761|gb|GQ891879.1|	90.76	357	25	2	1	357	10	358	3e-136	 493
455	gi|260548758|gb|GQ891876.1|	90.76	357	25	2	1	357	10	358	3e-136	 493
455	gi|260548752|gb|GQ891870.1|	90.48	357	26	2	1	357	10	358	4e-135	 489
455	gi|260548763|gb|GQ891881.1|	90.20	357	27	2	1	357	10	358	2e-133	 484
455	gi|260548762|gb|GQ891880.1|	90.20	357	27	2	1	357	10	358	2e-133	 484
455	gi|260548754|gb|GQ891872.1|	90.20	357	27	2	1	357	10	358	2e-133	 484
455	gi|260548753|gb|GQ891871.1|	90.20	357	27	2	1	357	10	358	2e-133	 484
455	gi|242347930|gb|GQ202252.1|	90.20	357	27	2	1	357	14	362	2e-133	 484
455	gi|242347925|gb|GQ202247.1|	90.20	357	27	2	1	357	12	360	2e-133	 484
455	gi|260548760|gb|GQ891878.1|	90.14	355	27	2	3	357	12	358	2e-132	 480
455	gi|242347929|gb|GQ202251.1|	90.14	355	27	2	3	357	19	365	2e-132	 480
455	gi|242347928|gb|GQ202250.1|	90.14	355	27	2	3	357	16	362	2e-132	 480
455	gi|242347927|gb|GQ202249.1|	90.14	355	27	2	3	357	17	363	2e-132	 480
455	gi|242347926|gb|GQ202248.1|	90.14	355	27	2	3	357	14	360	2e-132	 480
455	gi|242347924|gb|GQ202246.1|	89.86	355	28	2	3	357	18	364	2e-131	 477
455	gi|238696016|gb|FJ980406.1|	89.64	357	28	3	1	357	2	349	3e-130	 473
455	gi|57638945|gb|AY722486.1|	98.89	270	3	0	88	357	1	270	3e-130	 473
455	gi|50364073|gb|AY662291.1|	98.89	270	3	0	88	357	1	270	3e-130	 473
455	gi|260548751|gb|GQ891869.1|	89.69	359	27	4	1	357	10	360	1e-129	 471
455	gi|31442773|gb|AY254536.1|	90.03	341	33	1	17	357	1	340	6e-126	 459
455	gi|171850904|emb|AM905721.1|	89.57	345	34	2	14	357	1	344	3e-124	 453
455	gi|53680538|gb|AY746462.1|	88.02	359	41	2	1	357	4	362	4e-122	 446
455	gi|53680537|gb|AY746461.1|	88.02	359	41	2	1	357	4	362	4e-122	 446
455	gi|110826416|gb|DQ813301.1|	88.12	362	36	5	1	357	76	435	5e-121	 443
455	gi|334904603|gb|JF827197.1|	87.64	356	43	1	3	357	1	356	2e-120	 441
455	gi|334904609|gb|JF827203.1|	87.96	357	40	3	3	357	1	356	6e-120	 439
455	gi|334904586|gb|JF827180.1|	87.96	357	40	3	3	357	1	356	6e-120	 439
455	gi|260548759|gb|GQ891877.1|	88.06	360	31	6	1	357	10	360	6e-120	 439
455	gi|334904565|gb|JF827159.1|	87.92	356	40	3	4	357	1	355	2e-119	 437
455	gi|222139385|gb|FJ593182.1|	88.02	359	36	5	4	357	1	357	2e-119	 437
455	gi|157816220|gb|EF601910.1|	91.40	314	25	2	46	357	1	314	2e-119	 437
455	gi|334904599|gb|JF827193.1|	87.36	356	44	1	3	357	1	356	7e-119	 435
455	gi|334904594|gb|JF827188.1|	87.68	357	41	3	3	357	1	356	7e-119	 435
455	gi|334904583|gb|JF827177.1|	87.36	356	44	1	3	357	1	356	7e-119	 435
455	gi|334904581|gb|JF827175.1|	87.36	356	44	1	3	357	1	356	7e-119	 435
455	gi|283825682|gb|GU246156.1|	88.12	345	40	1	13	357	1	344	7e-119	 435
455	gi|283825680|gb|GU246154.1|	88.12	345	40	1	13	357	1	344	7e-119	 435
455	gi|283825681|gb|GU246155.1|	88.12	345	40	1	13	357	1	344	7e-119	 435
455	gi|119352068|gb|EF114671.1|	87.78	360	37	5	3	357	52	409	7e-119	 435
455	gi|334904590|gb|JF827184.1|	87.64	356	41	3	4	357	1	355	3e-118	 434
455	gi|334904563|gb|JF827157.1|	87.32	355	44	1	4	357	2	356	3e-118	 434
455	gi|334904561|gb|JF827155.1|	87.32	355	44	1	4	357	2	356	3e-118	 434
455	gi|334904560|gb|JF827154.1|	87.32	355	44	1	4	357	2	356	3e-118	 434
455	gi|157816212|gb|EF601902.1|	91.40	314	19	4	46	357	1	308	3e-118	 434
455	gi|334904584|gb|JF827178.1|	87.39	357	41	4	3	357	1	355	1e-116	 428
455	gi|334904578|gb|JF827172.1|	86.80	356	46	1	3	357	1	356	1e-116	 428
455	gi|57638930|gb|AY722471.1|	95.19	270	13	0	88	357	1	270	1e-116	 428
455	gi|9789507|gb|AF263396.1|AF263396	88.07	352	37	5	7	357	1	348	1e-116	 428
455	gi|334904621|gb|JF827215.1|	87.83	345	40	2	14	357	1	344	4e-116	 426
455	gi|334904619|gb|JF827213.1|	87.83	345	40	2	14	357	1	344	4e-116	 426
455	gi|157816216|gb|EF601906.1|	90.25	318	25	3	46	357	1	318	4e-116	 426
455	gi|157816214|gb|EF601904.1|	90.42	313	29	1	46	357	1	313	4e-116	 426
455	gi|157816213|gb|EF601903.1|	90.06	312	31	0	46	357	1	312	1e-115	 425
455	gi|14573455|gb|AF384105.1|AF384105	88.07	352	35	6	11	357	1	350	1e-115	 425
455	gi|14573454|gb|AF384104.1|AF384104	87.78	352	36	5	11	357	1	350	1e-115	 425
455	gi|334904562|gb|JF827156.1|	87.28	346	43	1	13	357	1	346	5e-115	 423
455	gi|323574425|gb|HQ875454.1|	89.16	323	27	2	35	357	1	315	5e-115	 423
455	gi|323574421|gb|HQ875450.1|	89.16	323	27	2	35	357	1	315	5e-115	 423
455	gi|323574417|gb|HQ875446.1|	89.16	323	27	2	35	357	1	315	5e-115	 423
455	gi|323574411|gb|HQ875440.1|	89.16	323	27	2	35	357	1	315	5e-115	 423
455	gi|323574382|gb|HQ875411.1|	89.16	323	27	2	35	357	1	315	5e-115	 423
455	gi|323574377|gb|HQ875406.1|	89.16	323	27	2	35	357	1	315	5e-115	 423
455	gi|323574370|gb|HQ875399.1|	89.16	323	27	2	35	357	1	315	5e-115	 423
455	gi|9789512|gb|AF263401.1|AF263401	87.11	357	42	4	1	357	10	362	5e-115	 423
455	gi|334904620|gb|JF827214.1|	87.54	345	41	2	14	357	1	344	2e-114	 421
455	gi|334904617|gb|JF827211.1|	87.54	345	41	2	14	357	1	344	2e-114	 421
455	gi|334904587|gb|JF827181.1|	87.25	345	43	1	14	357	1	345	2e-114	 421
455	gi|334904576|gb|JF827170.1|	87.25	345	43	1	14	357	2	346	2e-114	 421
455	gi|254968264|gb|GQ268078.1|	90.13	314	28	2	46	357	1	313	2e-114	 421
455	gi|238696017|gb|FJ980407.1|	86.35	359	35	4	1	357	2	348	2e-114	 421
455	gi|226968413|gb|FJ860088.1|	86.35	359	35	4	1	357	10	356	2e-114	 421
455	gi|157816211|gb|EF601901.1|	90.19	316	27	3	46	357	1	316	2e-114	 421
455	gi|82791937|gb|DQ249821.1|	89.74	312	31	1	46	357	1	311	2e-114	 421
455	gi|334904613|gb|JF827207.1|	87.57	346	40	3	14	357	1	345	6e-114	 419
455	gi|334904612|gb|JF827206.1|	87.57	346	40	3	14	357	1	345	6e-114	 419
455	gi|334904608|gb|JF827202.1|	87.57	346	40	3	14	357	1	345	6e-114	 419
455	gi|334904605|gb|JF827199.1|	86.44	354	46	2	6	357	4	357	6e-114	 419
455	gi|334904592|gb|JF827186.1|	87.57	346	40	3	14	357	1	345	6e-114	 419
455	gi|334904574|gb|JF827168.1|	87.57	346	40	3	14	357	1	345	6e-114	 419
455	gi|334904572|gb|JF827166.1|	87.57	346	40	3	14	357	1	345	6e-114	 419
455	gi|323574424|gb|HQ875453.1|	88.85	323	28	2	35	357	1	315	6e-114	 419
455	gi|323574412|gb|HQ875441.1|	88.85	323	28	2	35	357	1	315	6e-114	 419
455	gi|9789509|gb|AF263398.1|AF263398	87.50	352	39	5	7	357	9	356	6e-114	 419
455	gi|334904611|gb|JF827205.1|	87.28	346	41	3	14	357	1	345	2e-113	 417
455	gi|334904570|gb|JF827164.1|	86.99	346	44	1	13	357	1	346	2e-113	 417
455	gi|260548750|gb|GQ891868.1|	89.13	322	26	3	36	357	20	332	2e-113	 417
455	gi|53680539|gb|AY746463.1|	86.07	359	36	4	1	357	4	350	2e-113	 417
455	gi|334904596|gb|JF827190.1|	86.96	345	44	1	14	357	1	345	7e-113	 416
455	gi|334904582|gb|JF827176.1|	86.96	345	44	1	14	357	1	345	7e-113	 416
455	gi|334904580|gb|JF827174.1|	86.96	345	44	1	14	357	1	345	7e-113	 416
455	gi|334904566|gb|JF827160.1|	86.96	345	44	1	14	357	1	345	7e-113	 416
455	gi|334904564|gb|JF827158.1|	86.96	345	44	1	14	357	1	345	7e-113	 416
455	gi|260548749|gb|GQ891867.1|	89.24	316	26	2	42	357	1	308	7e-113	 416
455	gi|334904614|gb|JF827208.1|	86.99	346	43	2	13	357	6	350	2e-112	 414
455	gi|323574385|gb|HQ875414.1|	88.54	323	29	2	35	357	1	315	2e-112	 414
455	gi|323574383|gb|HQ875412.1|	88.54	323	29	2	35	357	1	315	2e-112	 414
# BLASTN 2.2.23+
# Query:  18 Cucurbita
# Database: /home/rohinis/blastdb/blast_nt/nt
# Fields: query id, subject id, % identity, alignment length, mismatches, gap opens, q. start, q. end, s. start, s. end, evalue, bit score
# 100 hits found
18	gi|238836197|gb|FJ915101.2|	96.67	240	8	0	46	285	1	240	1e-107	 398
18	gi|225698854|emb|AM981172.1|	96.68	241	7	1	46	285	1	241	5e-107	 396
18	gi|238877859|gb|FJ915111.3|	96.28	242	7	2	46	285	1	242	7e-105	 389
18	gi|238836202|gb|FJ915106.2|	95.83	240	10	0	46	285	1	240	7e-105	 389
18	gi|238836207|gb|FJ915112.2|	95.85	241	8	2	46	285	1	240	3e-103	 383
18	gi|323574396|gb|HQ875425.1|	93.65	252	15	1	35	285	1	252	4e-102	 379
18	gi|297660962|gb|HM057423.1|	89.62	289	25	3	1	285	96	383	1e-101	 378
18	gi|297660961|gb|HM057422.1|	89.62	289	25	3	1	285	92	379	1e-101	 378
18	gi|238836208|gb|FJ915113.2|	95.44	241	9	2	46	285	1	240	1e-101	 378
18	gi|238836201|gb|FJ915105.2|	95.02	241	11	1	46	285	1	241	1e-101	 378
18	gi|238836200|gb|FJ915104.2|	95.02	241	11	1	46	285	1	241	1e-101	 378
18	gi|297660941|gb|HM057402.1|	89.66	290	24	4	1	285	100	388	5e-101	 376
18	gi|225698852|emb|AM981170.1|	95.02	241	10	2	46	285	1	240	2e-100	 374
18	gi|298162462|gb|HM104679.1|	89.31	290	25	4	1	285	86	374	2e-99	 370
18	gi|238836203|gb|FJ915107.2|	94.17	240	14	0	46	285	1	240	2e-99	 370
18	gi|225698851|emb|AM981169.1|	94.19	241	13	1	46	285	1	241	2e-99	 370
18	gi|297660960|gb|HM057421.1|	88.97	290	26	4	1	285	78	366	7e-99	 369
18	gi|285310438|emb|FN666025.1|	93.85	244	14	1	14	256	244	1	7e-99	 369
18	gi|285310483|emb|FN666070.1|	94.17	240	13	1	14	252	240	1	2e-98	 367
18	gi|297660963|gb|HM057424.1|	89.00	291	25	5	1	285	100	389	8e-98	 365
18	gi|297660946|gb|HM057407.1|	89.00	291	25	5	1	285	102	391	8e-98	 365
18	gi|285310484|emb|FN666071.1|	93.80	242	14	1	14	254	242	1	8e-98	 365
18	gi|238836210|gb|FJ915115.2|	94.65	243	9	4	46	285	1	242	8e-98	 365
18	gi|238836209|gb|FJ915114.2|	93.78	241	14	1	46	285	1	241	3e-97	 363
18	gi|238836198|gb|FJ915102.2|	93.78	241	14	1	46	285	1	241	3e-97	 363
18	gi|146743485|gb|EF595858.1|	93.78	241	14	1	46	285	1	241	3e-97	 363
18	gi|27525936|emb|AJ488214.1|	93.78	241	14	1	46	285	1	241	3e-97	 363
18	gi|297660952|gb|HM057413.1|	88.40	293	25	5	1	285	100	391	1e-96	 361
18	gi|297660945|gb|HM057406.1|	88.62	290	27	4	1	285	97	385	1e-96	 361
18	gi|285310442|emb|FN666029.1|	93.39	242	15	1	14	254	242	1	1e-96	 361
18	gi|261862431|gb|GU059528.1|	88.58	289	29	4	1	285	11	299	1e-95	 358
18	gi|297660964|gb|HM057425.1|	88.32	291	27	5	1	285	91	380	4e-95	 356
18	gi|285310464|emb|FN666051.1|	93.67	237	14	1	14	249	237	1	4e-95	 356
18	gi|285310447|emb|FN666034.1|	93.67	237	14	1	14	249	237	1	4e-95	 356
18	gi|297660936|gb|HM057397.1|	88.36	292	26	6	1	285	99	389	2e-94	 354
18	gi|68144209|gb|DQ021884.1|	88.36	292	26	6	1	285	7	297	2e-94	 354
18	gi|297660943|gb|HM057404.1|	88.14	295	24	7	1	285	96	389	5e-94	 352
18	gi|297660940|gb|HM057401.1|	88.14	295	24	7	1	285	91	384	5e-94	 352
18	gi|225698850|emb|AM981168.1|	92.53	241	17	1	46	285	1	241	5e-94	 352
18	gi|238836199|gb|FJ915103.2|	92.95	241	15	2	46	285	1	240	2e-93	 351
18	gi|297660939|gb|HM057400.1|	87.54	297	24	7	1	285	91	386	6e-93	 349
18	gi|297660954|gb|HM057415.1|	87.50	296	25	7	1	285	101	395	2e-92	 347
18	gi|297660949|gb|HM057410.1|	87.63	291	29	5	1	285	100	389	2e-92	 347
18	gi|238877857|gb|FJ915108.3|	92.47	239	17	1	48	285	3	241	2e-92	 347
18	gi|297660955|gb|HM057416.1|	87.21	297	25	7	1	285	91	386	8e-92	 345
18	gi|297660953|gb|HM057414.1|	87.21	297	25	7	1	285	100	395	8e-92	 345
18	gi|297660950|gb|HM057411.1|	87.21	297	25	7	1	285	102	397	8e-92	 345
18	gi|297660951|gb|HM057412.1|	86.91	298	25	7	1	285	96	392	3e-91	 343
18	gi|297660944|gb|HM057405.1|	86.91	298	25	7	1	285	98	394	3e-91	 343
18	gi|297660942|gb|HM057403.1|	87.93	290	24	7	1	280	98	386	3e-91	 343
18	gi|261862430|gb|GU059527.1|	87.24	290	32	4	1	285	11	300	3e-91	 343
18	gi|261862427|gb|GU059524.1|	87.12	295	28	6	1	285	11	305	3e-91	 343
18	gi|261862433|gb|GU059530.1|	87.16	296	27	7	1	285	12	307	9e-91	 342
18	gi|261862432|gb|GU059529.1|	87.16	296	27	7	1	285	11	306	9e-91	 342
18	gi|261862425|gb|GU059522.1|	86.82	296	28	6	1	285	11	306	9e-91	 342
18	gi|259490987|gb|GQ995680.1|	86.82	296	28	6	1	285	11	306	9e-91	 342
18	gi|238877858|gb|FJ915110.3|	92.05	239	18	1	48	285	3	241	9e-91	 342
18	gi|259490988|gb|GQ995681.1|	86.53	297	28	6	1	285	11	307	3e-90	 340
18	gi|297660948|gb|HM057409.1|	86.05	301	25	7	1	285	97	396	1e-89	 338
18	gi|297660947|gb|HM057408.1|	86.82	296	27	7	1	285	98	392	1e-89	 338
18	gi|297660938|gb|HM057399.1|	87.33	292	26	7	1	285	100	387	1e-89	 338
18	gi|297660937|gb|HM057398.1|	87.33	292	26	7	1	285	100	387	1e-89	 338
18	gi|285310435|emb|FN666022.1|	93.01	229	15	1	14	241	229	1	1e-89	 338
18	gi|261862436|gb|GU059533.1|	86.90	290	33	4	1	285	11	300	1e-89	 338
18	gi|261862428|gb|GU059525.1|	85.95	299	28	6	1	285	11	309	4e-89	 336
18	gi|261862423|gb|GU059520.1|	86.53	297	28	7	1	285	11	307	1e-88	 334
18	gi|261862424|gb|GU059521.1|	86.15	296	30	6	1	285	11	306	5e-88	 333
18	gi|237899591|gb|FJ951162.1|	90.65	246	17	3	46	285	1	246	5e-88	 333
18	gi|225698853|emb|AM981171.1|	90.65	246	17	3	46	285	1	246	5e-88	 333
18	gi|313758405|gb|HQ201991.1|	91.06	246	17	4	45	285	1	246	2e-87	 331
18	gi|261862429|gb|GU059526.1|	85.62	299	29	6	1	285	11	309	2e-87	 331
18	gi|261862434|gb|GU059531.1|	85.23	298	31	5	1	285	10	307	6e-87	 329
18	gi|238695914|gb|FJ980304.1|	86.24	298	28	8	1	285	2	299	6e-87	 329
18	gi|3220041|gb|AF006774.1|AF006774	98.93	187	2	0	46	232	1	187	6e-87	 329
18	gi|313758385|gb|HQ201971.1|	90.91	242	18	3	45	285	1	239	2e-86	 327
18	gi|297660935|gb|HM057396.1|	85.91	298	27	8	1	285	91	386	2e-86	 327
18	gi|261862426|gb|GU059523.1|	85.81	296	30	7	1	285	11	305	3e-85	 324
18	gi|259221470|gb|GQ845146.1|	86.57	283	27	6	14	285	1	283	9e-85	 322
18	gi|259221464|gb|GQ845140.1|	86.57	283	27	6	14	285	1	283	9e-85	 322
18	gi|156767461|gb|EU102711.1|	86.11	288	25	7	1	285	85	360	9e-85	 322
18	gi|156767445|gb|EU102695.1|	86.11	288	25	7	1	285	85	360	9e-85	 322
18	gi|156767441|gb|EU102691.1|	86.11	288	25	7	1	285	85	360	9e-85	 322
18	gi|237899571|gb|FJ951142.1|	89.96	239	23	1	48	285	3	241	3e-84	 320
18	gi|237783657|gb|FJ915109.1|	89.96	239	23	1	48	285	3	241	3e-84	 320
18	gi|156767495|gb|EU102745.1|	85.76	288	32	5	1	285	85	366	3e-84	 320
18	gi|156767494|gb|EU102744.1|	85.76	288	32	5	1	285	85	366	3e-84	 320
18	gi|156767474|gb|EU102724.1|	86.06	287	25	7	1	285	85	358	3e-84	 320
18	gi|3220049|gb|AF006782.1|AF006782	97.86	187	4	0	46	232	1	187	3e-84	 320
18	gi|156767471|gb|EU102721.1|	86.11	288	24	8	1	285	85	359	1e-83	 318
18	gi|156767488|gb|EU102738.1|	85.76	288	26	7	1	285	38	313	4e-83	 316
18	gi|156767485|gb|EU102735.1|	85.76	288	26	7	1	285	85	360	4e-83	 316
18	gi|156767467|gb|EU102717.1|	85.76	288	26	7	1	285	85	360	4e-83	 316
18	gi|156767466|gb|EU102716.1|	85.76	288	26	7	1	285	85	360	4e-83	 316
18	gi|156767464|gb|EU102714.1|	85.76	288	26	7	1	285	85	360	4e-83	 316
18	gi|156767460|gb|EU102710.1|	85.76	288	26	7	1	285	85	360	4e-83	 316
18	gi|156767459|gb|EU102709.1|	85.76	288	26	7	1	285	85	360	4e-83	 316
18	gi|156767457|gb|EU102707.1|	85.76	288	26	7	1	285	85	360	4e-83	 316
18	gi|156767453|gb|EU102703.1|	85.76	288	26	7	1	285	85	360	4e-83	 316
18	gi|156767451|gb|EU102701.1|	85.76	288	26	7	1	285	85	360	4e-83	 316
18	gi|156767447|gb|EU102697.1|	85.76	288	26	7	1	285	85	360	4e-83	 316
# BLASTN 2.2.23+
# Query:  317 Glycine max
# Database: /home/rohinis/blastdb/blast_nt/nt
# Fields: query id, subject id, % identity, alignment length, mismatches, gap opens, q. start, q. end, s. start, s. end, evalue, bit score
# 100 hits found
317	gi|159161713|gb|EU118312.1|	99.69	318	1	0	1	318	31	348	4e-159	 569
317	gi|159161714|gb|EU118313.1|	99.37	318	2	0	1	318	31	348	5e-158	 565
317	gi|223036843|gb|FJ609734.1|	99.68	314	1	0	5	318	1	314	6e-157	 562
317	gi|5532501|gb|AF144654.1|AF144654	99.34	304	1	1	15	318	1	303	3e-149	 536
317	gi|5532499|gb|AF144652.1|AF144652	99.02	305	1	2	15	318	1	304	4e-147	 529
317	gi|5532498|gb|AF144651.1|AF144651	99.02	305	1	2	15	318	1	304	4e-147	 529
317	gi|238696052|gb|FJ980442.1|	99.33	299	1	1	20	318	1	298	1e-146	 527
317	gi|1208892|gb|L36612.1|SOYITS	99.32	295	1	1	24	318	1	294	2e-144	 520
317	gi|4456160|emb|AJ224109.1|	99.65	288	1	0	31	318	1	288	8e-143	 515
317	gi|1885374|gb|U60550.1|GSU60550	99.65	288	1	0	31	318	1	288	8e-143	 515
317	gi|1885372|gb|U60551.1|GMU60551	99.65	288	1	0	31	318	1	288	8e-143	 515
317	gi|5596681|emb|AJ009787.1|	99.31	288	2	0	31	318	1	288	1e-141	 511
317	gi|5596684|emb|AJ009790.1|	98.96	288	3	0	31	318	1	288	4e-140	 506
317	gi|5912443|emb|AJ011337.1|	98.96	288	1	1	31	318	1	286	1e-139	 504
317	gi|285310481|emb|FN666068.1|	100.00	278	0	0	15	292	278	1	5e-139	 502
317	gi|155733470|gb|EF517917.1|	99.64	281	1	0	38	318	1	281	5e-139	 502
317	gi|5596685|emb|AJ009791.1|	98.26	288	5	0	31	318	1	288	2e-137	 497
317	gi|285310488|emb|FN666075.1|	99.64	277	1	0	15	291	277	1	8e-137	 495
317	gi|285310469|emb|FN666056.1|	100.00	271	0	0	15	285	271	1	3e-135	 489
317	gi|285310453|emb|FN666040.1|	100.00	271	0	0	15	285	271	1	3e-135	 489
317	gi|1885371|gb|U60537.1|GMU60537	92.57	296	13	3	31	318	1	295	3e-117	 430
317	gi|26225014|gb|AY168326.1|	91.67	300	12	4	31	318	1	299	4e-115	 423
317	gi|155733471|gb|EF517918.1|	92.73	289	12	3	38	318	1	288	1e-114	 421
317	gi|38098612|gb|AY433934.1|	92.23	296	14	4	31	318	1	295	1e-114	 421
317	gi|38098567|gb|AY433889.1|	91.89	296	15	3	31	318	1	295	1e-114	 421
317	gi|38098566|gb|AY433888.1|	91.89	296	15	3	31	318	1	295	1e-114	 421
317	gi|38098565|gb|AY433887.1|	91.89	296	15	3	31	318	1	295	1e-114	 421
317	gi|38098564|gb|AY433886.1|	91.89	296	15	3	31	318	1	295	1e-114	 421
317	gi|38098563|gb|AY433885.1|	91.89	296	15	3	31	318	1	295	1e-114	 421
317	gi|26225013|gb|AY168325.1|	91.89	296	15	3	31	318	1	295	1e-114	 421
317	gi|26225012|gb|AY168324.1|	91.89	296	15	3	31	318	1	295	1e-114	 421
317	gi|26225011|gb|AY168323.1|	91.89	296	15	3	31	318	1	295	1e-114	 421
317	gi|5912446|emb|AJ011340.1|	91.89	296	15	3	31	318	1	295	1e-114	 421
317	gi|4456134|emb|AJ224110.1|	91.89	296	15	3	31	318	1	295	1e-114	 421
317	gi|4103477|gb|AF023446.1|AF023446	91.89	296	15	3	31	318	1	295	1e-114	 421
317	gi|38098562|gb|AY433884.1|	91.86	295	16	3	31	318	1	294	2e-113	 417
317	gi|38098561|gb|AY433883.1|	91.33	300	13	4	31	318	1	299	2e-113	 417
317	gi|26225010|gb|AY168322.1|	91.86	295	16	3	31	318	1	294	2e-113	 417
317	gi|1885362|gb|U60533.1|GCU60533	91.33	300	13	4	31	318	1	299	2e-113	 417
317	gi|38098559|gb|AY433881.1|	91.30	299	14	4	31	318	1	298	6e-113	 416
317	gi|5912453|emb|AJ011347.1|	91.55	296	16	3	31	318	1	295	6e-113	 416
317	gi|5596683|emb|AJ009789.1|	91.55	296	16	3	31	318	1	295	6e-113	 416
317	gi|1885359|gb|U60535.1|GAU60535	91.00	300	14	4	31	318	1	299	2e-112	 414
317	gi|5912445|emb|AJ011339.1|	91.22	296	17	3	31	318	1	295	7e-112	 412
317	gi|5596682|emb|AJ009788.1|	91.22	296	17	3	31	318	1	295	7e-112	 412
317	gi|4456161|emb|AJ224111.1|	91.22	296	17	3	31	318	1	295	7e-112	 412
317	gi|4103475|gb|AF023444.1|AF023444	90.70	301	14	4	31	318	1	300	7e-112	 412
317	gi|1885363|gb|U60534.1|GCU60534	90.37	301	15	3	31	318	1	300	7e-112	 412
317	gi|5912451|emb|AJ011345.1|	91.25	297	16	4	31	318	1	296	3e-111	 410
317	gi|1885368|gb|U60536.1|GLU60536	90.91	297	17	3	31	318	1	296	3e-111	 410
317	gi|38098611|gb|AY433933.1|	90.94	298	16	4	31	318	1	297	9e-111	 408
317	gi|38098560|gb|AY433882.1|	90.67	300	15	4	31	318	1	299	9e-111	 408
317	gi|38098512|gb|AY433834.1|	90.94	298	16	4	31	318	1	297	9e-111	 408
317	gi|26224996|gb|AY168308.1|	90.94	298	16	4	31	318	1	297	9e-111	 408
317	gi|5912454|emb|AJ011348.1|	90.67	300	15	4	31	318	1	299	9e-111	 408
317	gi|5912452|emb|AJ011346.1|	91.44	292	16	3	31	314	1	291	9e-111	 408
317	gi|1885373|gb|U60546.1|GPU60546	90.94	298	16	4	31	318	1	297	9e-111	 408
317	gi|38098545|gb|AY433867.1|	90.91	297	17	4	31	318	1	296	1e-109	 405
317	gi|38098544|gb|AY433866.1|	90.91	297	17	4	31	318	1	296	1e-109	 405
317	gi|38098543|gb|AY433865.1|	90.91	297	17	4	31	318	1	296	1e-109	 405
317	gi|38098542|gb|AY433864.1|	90.91	297	17	4	31	318	1	296	1e-109	 405
317	gi|38098541|gb|AY433863.1|	90.91	297	17	4	31	318	1	296	1e-109	 405
317	gi|38098540|gb|AY433862.1|	90.91	297	17	4	31	318	1	296	1e-109	 405
317	gi|38098539|gb|AY433861.1|	90.91	297	17	4	31	318	1	296	1e-109	 405
317	gi|38098534|gb|AY433856.1|	90.91	297	17	4	31	318	1	296	1e-109	 405
317	gi|38098533|gb|AY433855.1|	90.91	297	17	4	31	318	1	296	1e-109	 405
317	gi|38098532|gb|AY433854.1|	90.91	297	17	4	31	318	1	296	1e-109	 405
317	gi|38098531|gb|AY433853.1|	90.91	297	17	4	31	318	1	296	1e-109	 405
317	gi|38098530|gb|AY433852.1|	90.91	297	17	4	31	318	1	296	1e-109	 405
317	gi|38098529|gb|AY433851.1|	90.91	297	17	4	31	318	1	296	1e-109	 405
317	gi|38098527|gb|AY433849.1|	90.91	297	17	4	31	318	1	296	1e-109	 405
317	gi|38098526|gb|AY433848.1|	90.91	297	17	4	31	318	1	296	1e-109	 405
317	gi|38098525|gb|AY433847.1|	90.91	297	17	4	31	318	1	296	1e-109	 405
317	gi|38098524|gb|AY433846.1|	90.91	297	17	4	31	318	1	296	1e-109	 405
317	gi|38098523|gb|AY433845.1|	90.91	297	17	4	31	318	1	296	1e-109	 405
317	gi|26225006|gb|AY168318.1|	90.91	297	17	4	31	318	1	296	1e-109	 405
317	gi|26225005|gb|AY168317.1|	90.91	297	17	4	31	318	1	296	1e-109	 405
317	gi|26225004|gb|AY168316.1|	90.91	297	17	4	31	318	1	296	1e-109	 405
317	gi|5912448|emb|AJ011342.1|	90.91	297	17	4	31	318	1	296	1e-109	 405
317	gi|1885376|gb|U60542.1|GTU60542	90.91	297	17	4	31	318	1	296	1e-109	 405
317	gi|38098590|gb|AY433912.1|	90.60	298	17	4	31	318	1	297	4e-109	 403
317	gi|38098589|gb|AY433911.1|	90.60	298	17	4	31	318	1	297	4e-109	 403
317	gi|38098588|gb|AY433910.1|	90.60	298	17	4	31	318	1	297	4e-109	 403
317	gi|38098571|gb|AY433893.1|	90.57	297	18	4	31	318	1	296	4e-109	 403
317	gi|38098515|gb|AY433837.1|	90.60	298	17	4	31	318	1	297	4e-109	 403
317	gi|38098514|gb|AY433836.1|	90.60	298	17	4	31	318	1	297	4e-109	 403
317	gi|38098513|gb|AY433835.1|	90.60	298	17	4	31	318	1	297	4e-109	 403
317	gi|1885377|gb|U60544.1|GTU60544	90.60	298	17	4	31	318	1	297	4e-109	 403
317	gi|1885361|gb|U60543.1|GAU60543	90.60	298	17	4	31	318	1	297	4e-109	 403
317	gi|38098569|gb|AY433891.1|	90.57	297	18	4	31	318	1	296	1e-108	 401
317	gi|38098568|gb|AY433890.1|	90.57	297	18	4	31	318	1	296	1e-108	 401
317	gi|38098551|gb|AY433873.1|	90.57	297	18	4	31	318	1	296	1e-108	 401
317	gi|38098550|gb|AY433872.1|	90.57	297	18	4	31	318	1	296	1e-108	 401
317	gi|38098549|gb|AY433871.1|	90.57	297	18	4	31	318	1	296	1e-108	 401
317	gi|38098548|gb|AY433870.1|	90.57	297	18	4	31	318	1	296	1e-108	 401
317	gi|38098547|gb|AY433869.1|	90.57	297	18	4	31	318	1	296	1e-108	 401
317	gi|38098546|gb|AY433868.1|	90.57	297	18	4	31	318	1	296	1e-108	 401
317	gi|26225003|gb|AY168315.1|	90.57	297	18	4	31	318	1	296	1e-108	 401
317	gi|5912447|emb|AJ011341.1|	90.57	297	18	4	31	318	1	296	1e-108	 401
317	gi|38098610|gb|AY433932.1|	90.27	298	18	4	31	318	1	297	5e-108	 399
# BLASTN 2.2.23+
# Query:  341 Pueraria montana
# Database: /home/rohinis/blastdb/blast_nt/nt
# Fields: query id, subject id, % identity, alignment length, mismatches, gap opens, q. start, q. end, s. start, s. end, evalue, bit score
# 100 hits found
341	gi|332106349|gb|GU941383.1|	100.00	247	0	0	1	247	1	247	3e-122	 446
341	gi|332106347|gb|GU941381.1|	100.00	247	0	0	1	247	5	251	3e-122	 446
341	gi|332106343|gb|GU941377.1|	100.00	247	0	0	1	247	3	249	3e-122	 446
341	gi|226926406|gb|FJ776813.1|	100.00	247	0	0	1	247	16	262	3e-122	 446
341	gi|226349055|gb|FJ820678.1|	100.00	247	0	0	1	247	7	253	3e-122	 446
341	gi|126742145|gb|EF432796.1|	100.00	247	0	0	1	247	4	250	3e-122	 446
341	gi|300078023|gb|GU053946.1|	99.60	247	1	0	1	247	7	253	1e-120	 441
341	gi|126742144|gb|EF432795.1|	99.60	247	1	0	1	247	4	250	1e-120	 441
341	gi|12862874|dbj|AB054053.1|	100.00	240	0	0	5	244	1	240	2e-118	 434
341	gi|226925796|gb|FJ776203.1|	98.38	247	2	1	1	247	16	260	9e-116	 425
341	gi|330339115|gb|HQ267073.1|	100.00	234	0	0	14	247	1	234	3e-115	 423
341	gi|330339114|gb|HQ267072.1|	100.00	234	0	0	14	247	1	234	3e-115	 423
341	gi|305854819|dbj|AB520415.1|	100.00	232	0	0	16	247	1	232	4e-114	 419
341	gi|171855151|gb|EU409881.1|	100.00	232	0	0	16	247	1	232	4e-114	 419
341	gi|20378479|gb|AF444418.1|	100.00	232	0	0	16	247	1	232	4e-114	 419
341	gi|20378478|gb|AF444417.1|	100.00	232	0	0	16	247	1	232	4e-114	 419
341	gi|330339113|gb|HQ267071.1|	99.57	234	1	0	14	247	1	234	1e-113	 417
341	gi|289718741|gb|GU461388.1|	99.57	232	1	0	16	247	1	232	2e-112	 414
341	gi|330339116|gb|HQ267074.1|	99.15	236	0	2	14	247	1	236	2e-111	 410
341	gi|226928967|gb|FJ779374.1|	97.13	244	4	2	4	247	20	260	3e-109	 403
341	gi|300078025|gb|GU053948.1|	99.55	224	1	0	1	224	7	230	3e-108	 399
341	gi|154756860|gb|EU030403.1|	98.28	232	1	1	16	247	1	229	3e-108	 399
341	gi|154756851|gb|EU030394.1|	98.28	232	1	1	16	247	1	229	3e-108	 399
341	gi|154756848|gb|EU030391.1|	98.28	232	1	1	16	247	1	229	3e-108	 399
341	gi|154756857|gb|EU030400.1|	98.28	232	1	2	16	247	1	229	1e-106	 394
341	gi|261871850|gb|GU055604.1|	100.00	213	0	0	35	247	1	213	8e-104	 385
341	gi|154756858|gb|EU030401.1|	97.41	232	3	2	16	247	1	229	8e-104	 385
341	gi|304375372|dbj|AB580854.1|	99.04	209	2	0	21	229	1	209	6e-99	 369
341	gi|188496675|emb|AM999672.1|	100.00	202	0	0	46	247	1	202	7e-98	 365
341	gi|5832622|dbj|AB018034.1|	100.00	202	0	0	46	247	1	202	7e-98	 365
341	gi|337730506|gb|HQ688627.1|	100.00	194	0	0	35	228	1	194	2e-93	 351
341	gi|304376037|dbj|AB581519.1|	97.61	209	2	2	21	229	1	206	5e-93	 349
341	gi|304376022|dbj|AB581504.1|	97.61	209	2	2	21	229	1	206	5e-93	 349
341	gi|304376012|dbj|AB581494.1|	97.61	209	2	2	21	229	1	206	5e-93	 349
341	gi|304376008|dbj|AB581490.1|	97.61	209	2	2	21	229	1	206	5e-93	 349
341	gi|304376007|dbj|AB581489.1|	97.61	209	2	2	21	229	1	206	5e-93	 349
341	gi|304376004|dbj|AB581486.1|	97.61	209	2	2	21	229	1	206	5e-93	 349
341	gi|304376001|dbj|AB581483.1|	97.61	209	2	2	21	229	1	206	5e-93	 349
341	gi|304375997|dbj|AB581479.1|	97.61	209	2	2	21	229	1	206	5e-93	 349
341	gi|304375985|dbj|AB581467.1|	97.61	209	2	2	21	229	1	206	5e-93	 349
341	gi|304375915|dbj|AB581397.1|	97.61	209	2	2	21	229	1	206	5e-93	 349
341	gi|304375697|dbj|AB581179.1|	97.61	209	2	2	21	229	1	206	5e-93	 349
341	gi|304375670|dbj|AB581152.1|	97.61	209	2	2	21	229	1	206	5e-93	 349
341	gi|304375900|dbj|AB581382.1|	97.58	207	2	2	23	229	3	206	7e-92	 345
341	gi|256557770|gb|GQ388265.1|	100.00	182	0	0	1	182	25	206	5e-87	 329
341	gi|256557772|gb|GQ388267.1|	100.00	180	0	0	1	180	26	205	6e-86	 325
341	gi|224459482|gb|FJ197913.1|	99.46	184	0	1	65	247	1	184	2e-85	 324
341	gi|189095208|dbj|AB438050.1|	97.92	192	1	2	37	228	1	189	8e-85	 322
341	gi|310753889|gb|HQ211779.1|	85.60	257	24	7	1	247	24	277	3e-71	 277
341	gi|163257691|emb|AM901756.1|	85.60	257	24	7	1	247	179	432	3e-71	 277
341	gi|310754447|gb|HQ212337.1|	85.21	257	25	7	1	247	24	277	3e-70	 273
341	gi|295646659|gb|GU931743.1|	85.21	257	25	7	1	247	21	274	3e-70	 273
341	gi|218473037|emb|FM177664.1|	85.21	257	25	7	1	247	178	431	3e-70	 273
341	gi|163257796|emb|AM901861.1|	85.21	257	25	7	1	247	179	432	3e-70	 273
341	gi|337730507|gb|HQ688628.1|	96.00	175	2	4	54	228	1	170	1e-69	 271
341	gi|300078021|gb|GU053944.1|	98.74	159	0	2	91	247	1	159	1e-69	 271
341	gi|163257727|emb|AM901792.1|	84.88	258	24	7	1	247	179	432	1e-69	 271
341	gi|310754330|gb|HQ212220.1|	84.82	257	26	7	1	247	24	277	1e-68	 268
341	gi|295646668|gb|GU931752.1|	84.82	257	26	7	1	247	22	275	1e-68	 268
341	gi|163257912|emb|AM901979.1|	84.82	257	26	7	1	247	179	432	1e-68	 268
341	gi|163257682|emb|AM901747.1|	84.44	257	27	7	1	247	179	432	2e-67	 264
341	gi|295393687|gb|HM008239.1|	99.32	148	1	0	81	228	1	148	6e-67	 262
341	gi|163257673|emb|AM901738.1|	82.51	263	26	7	1	247	179	437	3e-64	 253
341	gi|330339127|gb|HQ267085.1|	84.43	244	25	7	14	247	1	241	4e-63	 250
341	gi|330339126|gb|HQ267084.1|	84.43	244	25	7	14	247	1	241	4e-63	 250
341	gi|330339125|gb|HQ267083.1|	84.43	244	25	7	14	247	1	241	4e-63	 250
341	gi|14571573|gb|AY038831.1|	84.71	242	24	7	16	247	1	239	4e-63	 250
341	gi|14571572|gb|AY038830.1|	84.71	242	24	7	16	247	1	239	4e-63	 250
341	gi|6164657|gb|AF144486.1|AF144486	84.71	242	24	7	16	247	1	239	4e-63	 250
341	gi|6164656|gb|AF144485.1|AF144485	84.71	242	24	7	16	247	1	239	4e-63	 250
341	gi|330339122|gb|HQ267080.1|	84.02	244	26	7	14	247	1	241	5e-62	 246
341	gi|330339120|gb|HQ267078.1|	84.43	244	24	8	14	247	1	240	5e-62	 246
341	gi|14571578|gb|AY038836.1|	84.30	242	25	7	16	247	1	239	5e-62	 246
341	gi|14571577|gb|AY038835.1|	84.30	242	25	7	16	247	1	239	5e-62	 246
341	gi|14571576|gb|AY038834.1|	84.30	242	25	7	16	247	1	239	5e-62	 246
341	gi|14571575|gb|AY038833.1|	84.30	242	25	7	16	247	1	239	5e-62	 246
341	gi|14571574|gb|AY038832.1|	84.30	242	25	7	16	247	1	239	5e-62	 246
341	gi|14571571|gb|AY038829.1|	83.47	242	27	5	16	247	1	239	5e-62	 246
341	gi|14571570|gb|AY038828.1|	84.30	242	25	7	16	247	1	239	5e-62	 246
341	gi|14571569|gb|AY038827.1|	84.30	242	25	7	16	247	1	239	5e-62	 246
341	gi|163257655|emb|AM901720.1|	81.58	266	26	8	1	247	179	440	2e-61	 244
341	gi|6164655|gb|AF144484.1|AF144484	83.95	243	25	7	16	247	1	240	2e-61	 244
341	gi|6164654|gb|AF144483.1|AF144483	83.95	243	25	7	16	247	1	240	2e-61	 244
341	gi|6164653|gb|AF144482.1|AF144482	83.95	243	25	7	16	247	1	240	2e-61	 244
341	gi|330339123|gb|HQ267081.1|	83.20	244	28	6	14	247	1	241	6e-61	 242
341	gi|56311388|emb|AJ866977.1|	83.61	244	25	7	15	247	1	240	6e-61	 242
341	gi|330339119|gb|HQ267077.1|	83.61	244	26	7	14	247	1	240	2e-60	 241
341	gi|330339121|gb|HQ267079.1|	83.61	244	26	7	14	247	1	240	2e-60	 241
341	gi|316926054|gb|HQ446061.1|	83.47	242	27	6	16	247	1	239	2e-60	 241
341	gi|300078378|gb|GU054301.1|	83.07	254	29	8	1	247	7	253	2e-60	 241
341	gi|300078374|gb|GU054297.1|	83.07	254	29	8	1	247	7	253	2e-60	 241
341	gi|300078338|gb|GU054261.1|	83.07	254	29	8	1	247	7	253	2e-60	 241
341	gi|300078286|gb|GU054209.1|	83.07	254	29	8	1	247	7	253	2e-60	 241
341	gi|300078269|gb|GU054192.1|	83.07	254	29	8	1	247	7	253	2e-60	 241
341	gi|300078265|gb|GU054188.1|	83.07	254	29	8	1	247	7	253	2e-60	 241
341	gi|300078264|gb|GU054187.1|	83.07	254	29	8	1	247	7	253	2e-60	 241
341	gi|299767745|gb|GQ999337.1|	83.07	254	29	8	1	247	7	253	2e-60	 241
341	gi|163257906|emb|AM901971.1|	83.07	254	29	8	1	247	179	425	2e-60	 241
341	gi|14571568|gb|AY038826.1|	83.88	242	26	7	16	247	1	239	2e-60	 241
341	gi|330339124|gb|HQ267082.1|	83.20	244	27	7	14	247	1	240	2e-59	 237
# BLASTN 2.2.23+
# Query:  249 Oryza
# Database: /home/rohinis/blastdb/blast_nt/nt
# Fields: query id, subject id, % identity, alignment length, mismatches, gap opens, q. start, q. end, s. start, s. end, evalue, bit score
# 100 hits found
249	gi|226931951|gb|FJ782358.1|	99.22	255	1	1	4	258	3	256	8e-123	 448
249	gi|182375613|gb|DQ143124.2|	97.67	258	6	0	1	258	10	267	4e-120	 439
249	gi|182375611|gb|DQ143120.2|	97.67	258	6	0	1	258	10	267	4e-120	 439
249	gi|182375612|gb|DQ143123.2|	96.12	258	10	0	1	258	10	267	1e-114	 421
249	gi|72537238|gb|DQ143119.1|	96.12	258	10	0	1	258	10	267	1e-114	 421
249	gi|299777273|gb|GQ921826.1|	89.92	258	18	2	1	258	2	251	2e-92	 347
249	gi|300077997|gb|GU053920.1|	90.70	258	16	4	1	258	7	256	2e-92	 347
249	gi|237641546|gb|FJ903327.1|	88.42	259	21	6	3	258	1	253	4e-82	 313
249	gi|116687758|gb|DQ873641.1|	86.97	261	24	7	1	258	14	267	3e-77	 297
249	gi|116295235|gb|EF011124.1|	87.80	246	22	5	16	258	1	241	4e-76	 293
249	gi|116295234|gb|EF011123.1|	87.80	246	22	5	16	258	1	241	4e-76	 293
249	gi|116295233|gb|EF011122.1|	87.80	246	22	5	16	258	1	241	4e-76	 293
249	gi|226348970|gb|FJ820593.1|	87.40	262	20	10	1	258	7	259	1e-75	 291
249	gi|116295232|gb|EF011121.1|	87.10	248	17	10	16	258	1	238	1e-69	 271
249	gi|334855495|gb|JF894098.1|	87.07	232	22	5	30	258	1	227	2e-68	 268
249	gi|223953498|gb|FJ644282.1|	87.04	247	19	10	16	258	1	238	2e-68	 268
249	gi|223953497|gb|FJ644281.1|	87.04	247	19	10	16	258	1	238	2e-68	 268
249	gi|222822614|gb|FJ609292.1|	86.96	230	21	6	32	258	1	224	2e-66	 260
249	gi|55820082|gb|AY593868.1|	83.21	274	25	12	1	258	6	274	1e-63	 251
249	gi|300077916|gb|GU053839.1|	82.31	277	30	12	1	258	7	283	6e-61	 242
249	gi|300077908|gb|GU053831.1|	82.31	277	30	12	1	258	7	283	6e-61	 242
249	gi|300077899|gb|GU053822.1|	82.44	279	27	14	1	258	7	284	7e-60	 239
249	gi|300078234|gb|GU054157.1|	81.59	277	32	12	1	258	7	283	3e-58	 233
249	gi|300078000|gb|GU053923.1|	91.52	165	13	1	94	258	6	169	1e-57	 232
249	gi|298357240|emb|FN907910.1|	86.60	209	17	8	54	258	8	209	2e-55	 224
249	gi|313756947|gb|HQ400709.1|	80.97	268	28	12	14	258	1	268	2e-54	 221
249	gi|313756946|gb|HQ400708.1|	80.97	268	28	12	14	258	1	268	2e-54	 221
249	gi|313756945|gb|HQ400707.1|	80.97	268	28	12	14	258	1	268	2e-54	 221
249	gi|313756944|gb|HQ400706.1|	80.97	268	28	12	14	258	1	268	2e-54	 221
249	gi|88854012|gb|DQ384575.1|	81.30	230	31	7	37	258	1	226	2e-48	 201
249	gi|315270691|gb|HQ604701.1|	76.69	266	43	11	1	258	13	267	1e-38	 168
249	gi|57869240|gb|AY669658.1|	76.69	266	43	11	1	258	16	270	1e-38	 168
249	gi|315666444|gb|HQ204652.1|	76.49	268	42	12	1	258	26	282	1e-37	 165
249	gi|269148096|gb|FJ803951.1|	76.87	268	41	13	1	258	24	280	1e-37	 165
249	gi|302595113|gb|HM046878.1|	76.05	263	41	10	1	258	9	254	1e-37	 165
249	gi|295682396|gb|GU998510.1|	76.60	265	45	11	1	258	22	276	1e-37	 165
249	gi|295682070|gb|GU998184.1|	76.87	268	40	14	1	258	24	279	2e-36	 161
249	gi|295682006|gb|GU998120.1|	76.87	268	40	14	1	258	24	279	2e-36	 161
249	gi|295681985|gb|GU998099.1|	76.87	268	40	14	1	258	24	279	2e-36	 161
249	gi|219813980|gb|FJ554194.1|	76.78	267	42	13	1	258	318	573	2e-36	 161
249	gi|218664645|gb|FJ481052.1|	75.67	263	42	10	1	258	10	255	2e-36	 161
249	gi|146411648|gb|EF101775.1|	76.87	268	40	14	1	258	24	279	2e-36	 161
249	gi|99867324|gb|DQ499464.1|	76.40	267	43	12	1	258	6	261	2e-36	 161
249	gi|99867322|gb|DQ499462.1|	76.40	267	43	12	1	258	6	261	2e-36	 161
249	gi|99867321|gb|DQ499461.1|	76.40	267	43	12	1	258	10	265	2e-36	 161
249	gi|99867320|gb|DQ499460.1|	76.40	267	43	12	1	258	12	267	2e-36	 161
249	gi|57869249|gb|AY669667.1|	76.40	267	43	12	1	258	16	271	2e-36	 161
249	gi|310753899|gb|HQ211789.1|	76.32	266	44	12	1	258	24	278	6e-36	 159
249	gi|295682408|gb|GU998522.1|	76.32	266	44	12	1	258	24	278	6e-36	 159
249	gi|295682387|gb|GU998501.1|	76.32	266	44	12	1	258	24	278	6e-36	 159
249	gi|295682347|gb|GU998461.1|	76.32	266	44	12	1	258	24	278	6e-36	 159
249	gi|295682345|gb|GU998459.1|	76.32	266	44	12	1	258	24	278	6e-36	 159
249	gi|295682327|gb|GU998441.1|	76.32	266	44	12	1	258	24	278	6e-36	 159
249	gi|295682321|gb|GU998435.1|	76.32	266	44	12	1	258	24	278	6e-36	 159
249	gi|295682303|gb|GU998417.1|	76.32	266	44	12	1	258	24	278	6e-36	 159
249	gi|295682285|gb|GU998399.1|	76.32	266	44	12	1	258	24	278	6e-36	 159
249	gi|295682274|gb|GU998388.1|	76.32	266	44	12	1	258	24	278	6e-36	 159
249	gi|295682271|gb|GU998385.1|	76.32	266	44	12	1	258	24	278	6e-36	 159
249	gi|295682269|gb|GU998383.1|	76.32	266	44	12	1	258	24	278	6e-36	 159
249	gi|295682194|gb|GU998308.1|	76.32	266	44	12	1	258	24	278	6e-36	 159
249	gi|295682170|gb|GU998284.1|	76.32	266	44	12	1	258	24	278	6e-36	 159
249	gi|295682155|gb|GU998269.1|	76.32	266	44	12	1	258	24	278	6e-36	 159
249	gi|295682153|gb|GU998267.1|	76.32	266	44	12	1	258	24	278	6e-36	 159
249	gi|295682146|gb|GU998260.1|	76.32	266	44	12	1	258	24	278	6e-36	 159
249	gi|295682121|gb|GU998235.1|	76.32	266	44	12	1	258	24	278	6e-36	 159
249	gi|295682115|gb|GU998229.1|	76.32	266	44	12	1	258	24	278	6e-36	 159
249	gi|219813002|gb|FJ553216.1|	76.12	268	43	12	1	258	318	574	6e-36	 159
249	gi|194304337|gb|EU819499.1|	76.49	268	42	13	1	258	24	280	6e-36	 159
249	gi|169145571|emb|AJ236073.2|	76.12	268	43	12	1	258	4	260	6e-36	 159
249	gi|162311520|gb|EU292325.1|	75.75	268	44	11	1	258	2	258	6e-36	 159
249	gi|87115940|gb|DQ367900.1|	76.12	268	43	12	1	258	26	282	6e-36	 159
249	gi|269148082|gb|FJ803937.1|	76.67	270	39	15	1	258	25	282	2e-35	 158
249	gi|295682400|gb|GU998514.1|	76.23	265	44	12	2	258	25	278	2e-35	 158
249	gi|282801778|gb|GU246988.1|	76.03	267	44	12	1	258	26	281	2e-35	 158
249	gi|99867326|gb|DQ499466.1|	76.21	269	42	13	1	258	4	261	2e-35	 158
249	gi|99867316|gb|DQ497191.1|	75.84	269	43	12	1	258	10	267	2e-35	 158
249	gi|99867315|gb|DQ497190.1|	75.84	269	43	12	1	258	10	267	2e-35	 158
249	gi|300078346|gb|GU054269.1|	75.29	263	43	10	1	258	7	252	7e-35	 156
249	gi|300078342|gb|GU054265.1|	75.29	263	43	10	1	258	7	252	7e-35	 156
249	gi|300078340|gb|GU054263.1|	75.29	263	43	10	1	258	7	252	7e-35	 156
249	gi|300078337|gb|GU054260.1|	75.29	263	43	10	1	258	7	252	7e-35	 156
249	gi|295682126|gb|GU998240.1|	75.85	265	46	11	1	258	24	277	7e-35	 156
249	gi|295681910|gb|GU998024.1|	76.49	268	41	14	1	258	24	279	7e-35	 156
249	gi|218664614|gb|FJ481021.1|	75.29	263	43	10	1	258	10	255	7e-35	 156
249	gi|99867325|gb|DQ499465.1|	75.75	268	44	12	1	258	12	268	7e-35	 156
249	gi|295682415|gb|GU998529.1|	75.94	266	45	12	1	258	24	278	2e-34	 154
249	gi|295682414|gb|GU998528.1|	75.94	266	45	12	1	258	24	278	2e-34	 154
249	gi|295682409|gb|GU998523.1|	75.94	266	45	12	1	258	24	278	2e-34	 154
249	gi|295682249|gb|GU998363.1|	75.94	266	45	12	1	258	24	278	2e-34	 154
249	gi|295682181|gb|GU998295.1|	75.94	266	45	12	1	258	24	278	2e-34	 154
249	gi|295682158|gb|GU998272.1|	75.94	266	45	12	1	258	24	278	2e-34	 154
249	gi|219814104|gb|FJ554318.1|	75.46	269	44	12	1	258	318	575	2e-34	 154
249	gi|282801777|gb|GU246987.1|	75.66	267	45	12	1	258	24	279	9e-34	 152
249	gi|58702073|gb|AY825512.1|	75.28	267	46	11	1	258	25	280	9e-34	 152
249	gi|194400820|gb|EU668915.1|	75.37	268	46	12	1	258	10	267	3e-33	 150
249	gi|171188449|gb|EU525964.1|	74.24	264	46	10	6	258	1	253	1e-31	 145
249	gi|111608686|gb|DQ822800.1|	75.49	257	43	12	11	258	7	252	4e-31	 143
249	gi|99867323|gb|DQ499463.1|	75.29	255	43	12	13	258	1	244	5e-30	 140
249	gi|302595130|gb|HM046895.1|	74.60	248	41	10	16	258	17	247	2e-29	 138
249	gi|299767743|gb|GQ999335.1|	72.11	294	33	15	1	258	7	287	2e-29	 138
# BLASTN 2.2.23+
# Query:  315 Pteris tremula
# Database: /home/rohinis/blastdb/blast_nt/nt
# Fields: query id, subject id, % identity, alignment length, mismatches, gap opens, q. start, q. end, s. start, s. end, evalue, bit score
# 101 hits found
315	gi|262035025|gb|GU062291.1|	98.91	276	0	3	1	276	9	281	2e-130	 473
315	gi|224970533|gb|FJ758079.1|	98.91	276	0	3	1	276	17	289	2e-130	 473
315	gi|299767930|gb|GQ999522.1|	98.55	276	1	3	1	276	6	278	3e-129	 470
315	gi|299767929|gb|GQ999521.1|	98.55	276	1	3	1	276	6	278	3e-129	 470
315	gi|299767880|gb|GQ999472.1|	98.55	276	1	3	1	276	6	278	3e-129	 470
315	gi|259105268|gb|GQ508746.1|	98.55	276	1	3	1	276	18	290	3e-129	 470
315	gi|259101984|gb|GQ514872.1|	98.55	276	1	3	1	276	15	287	3e-129	 470
315	gi|259098245|gb|GQ520543.1|	98.55	276	1	3	1	276	15	287	3e-129	 470
315	gi|259093075|gb|GQ524781.1|	98.56	277	0	4	1	276	17	290	9e-129	 468
315	gi|334086891|gb|JF734758.1|	98.19	276	2	3	1	276	23	295	1e-127	 464
315	gi|334086890|gb|JF734757.1|	98.19	276	2	3	1	276	23	295	1e-127	 464
315	gi|334086889|gb|JF734756.1|	98.19	276	2	3	1	276	23	295	1e-127	 464
315	gi|334086888|gb|JF734755.1|	98.19	276	2	3	1	276	23	295	1e-127	 464
315	gi|334086887|gb|JF734754.1|	98.19	276	2	3	1	276	23	295	1e-127	 464
315	gi|334086886|gb|JF734753.1|	98.19	276	2	3	1	276	23	295	1e-127	 464
315	gi|334086885|gb|JF734752.1|	98.19	276	2	3	1	276	23	295	1e-127	 464
315	gi|242263597|gb|GQ241293.1|	97.81	274	2	4	4	276	1	271	2e-124	 453
315	gi|259100360|gb|GQ513248.1|	97.11	277	4	4	1	276	18	291	2e-123	 450
315	gi|259091932|gb|GQ523638.1|	96.75	277	5	4	1	276	18	291	1e-121	 444
315	gi|339458622|gb|JF945186.1|	98.05	257	1	4	1	257	1	253	3e-116	 426
315	gi|212276757|gb|FJ025337.1|	98.37	245	0	4	32	276	1	241	2e-111	 410
315	gi|231275063|emb|FN392304.1|	98.32	238	1	3	39	276	1	235	1e-108	 401
315	gi|212276705|gb|FJ025285.1|	98.31	237	0	4	40	276	1	233	5e-107	 396
315	gi|333755449|emb|FR864980.1|	98.26	230	0	4	47	276	1	226	3e-103	 383
315	gi|161725013|emb|AM920398.1|	97.00	233	3	4	45	276	1	230	2e-100	 374
315	gi|20531594|gb|AF502787.1|	96.12	232	5	4	45	276	1	228	7e-99	 369
315	gi|241897518|gb|GQ169023.1|	97.72	219	2	3	58	276	2	217	1e-96	 361
315	gi|259106286|gb|GQ509764.1|	88.81	277	23	7	1	276	15	284	4e-89	 336
315	gi|312284114|gb|GQ461579.1|	95.91	220	1	7	62	276	33	249	5e-88	 333
315	gi|300077871|gb|GU053794.1|	88.45	277	24	7	1	276	6	275	2e-87	 331
315	gi|300077952|gb|GU053875.1|	88.09	277	25	7	1	276	6	275	2e-86	 327
315	gi|300077922|gb|GU053845.1|	88.09	277	25	7	1	276	6	275	2e-86	 327
315	gi|259106072|gb|GQ509550.1|	88.09	277	25	7	1	276	10	279	2e-86	 327
315	gi|259104112|gb|GQ517000.1|	88.09	277	25	7	1	276	15	284	2e-86	 327
315	gi|259098081|gb|GQ520379.1|	87.36	277	28	6	1	276	10	280	9e-85	 322
315	gi|259107985|gb|GQ511463.1|	87.36	277	27	7	1	276	4	273	1e-83	 318
315	gi|259101398|gb|GQ514286.1|	87.73	277	25	8	1	276	10	278	1e-83	 318
315	gi|259100137|gb|GQ513025.1|	87.36	277	27	7	1	276	10	279	1e-83	 318
315	gi|259095325|gb|GQ527031.1|	86.07	280	27	10	1	276	10	281	1e-76	 295
315	gi|262035040|gb|GU062306.1|	84.40	282	25	9	1	276	24	292	2e-74	 288
315	gi|259095193|gb|GQ526899.1|	86.17	282	20	14	1	276	8	276	2e-74	 288
315	gi|259105001|gb|GQ508479.1|	84.42	276	25	11	1	276	18	275	1e-69	 271
315	gi|259093786|gb|GQ525492.1|	84.06	276	25	10	1	276	15	271	1e-69	 271
315	gi|224969607|gb|FJ757153.1|	84.42	276	25	11	1	276	15	272	1e-69	 271
315	gi|226346617|gb|FJ810163.1|	83.57	280	32	9	1	276	9	278	5e-69	 269
315	gi|224974535|gb|FJ762081.1|	84.12	277	24	11	1	276	15	272	5e-69	 269
315	gi|312434499|gb|HQ608021.1|	84.06	276	26	11	1	276	9	266	6e-68	 266
315	gi|259100746|gb|GQ513634.1|	84.06	276	26	11	1	276	15	272	6e-68	 266
315	gi|259091819|gb|GQ523525.1|	84.06	276	26	11	1	276	18	275	6e-68	 266
315	gi|259106737|gb|GQ510215.1|	82.67	277	27	10	1	276	23	279	3e-65	 257
315	gi|300078362|gb|GU054285.1|	82.01	278	27	10	1	276	6	262	1e-63	 251
315	gi|226349107|gb|FJ820730.1|	82.01	278	27	10	1	276	6	262	1e-63	 251
315	gi|226349106|gb|FJ820729.1|	81.65	278	28	9	1	276	6	262	1e-63	 251
315	gi|300078280|gb|GU054203.1|	81.29	278	29	9	1	276	6	262	2e-62	 248
315	gi|339458794|gb|JF945358.1|	82.89	263	25	10	1	257	1	249	2e-61	 244
315	gi|237641560|gb|FJ903341.1|	81.59	277	20	12	1	276	12	258	2e-61	 244
315	gi|90102674|gb|DQ420990.1|	81.59	277	20	12	1	276	23	269	2e-61	 244
315	gi|90102672|gb|DQ420988.1|	81.59	277	20	12	1	276	23	269	2e-61	 244
315	gi|338809109|gb|JF951147.1|	80.56	288	36	10	1	276	113	392	2e-60	 241
315	gi|224971931|gb|FJ759477.1|	81.59	277	23	12	1	276	10	259	2e-60	 241
315	gi|317383349|gb|HQ631028.1|	81.23	277	21	12	1	276	24	270	8e-60	 239
315	gi|259108636|gb|GQ512114.1|	80.80	276	30	9	1	276	21	273	8e-60	 239
315	gi|226927822|gb|FJ778229.1|	80.87	277	22	11	1	276	23	269	8e-60	 239
315	gi|226925801|gb|FJ776208.1|	81.23	277	21	12	1	276	23	269	8e-60	 239
315	gi|325296170|gb|HM439572.1|	88.44	199	16	6	78	276	18	209	1e-58	 235
315	gi|226928489|gb|FJ778896.1|	80.87	277	22	12	1	276	23	269	1e-58	 235
315	gi|183604830|gb|EU445294.1|	82.38	261	32	9	20	276	1	251	1e-58	 235
315	gi|95140270|emb|AM262381.1|	88.44	199	16	6	78	276	34	225	1e-58	 235
315	gi|74197625|emb|AM084448.1|	88.44	199	16	6	78	276	32	223	1e-58	 235
315	gi|74197462|emb|AM084451.1|	88.44	199	16	6	78	276	32	223	1e-58	 235
315	gi|312434459|gb|HQ607981.1|	80.80	276	31	10	1	276	9	262	3e-58	 233
315	gi|312434579|gb|HQ608101.1|	79.35	276	27	8	1	276	9	254	1e-57	 232
315	gi|299767888|gb|GQ999480.1|	79.35	276	27	8	1	276	6	251	1e-57	 232
315	gi|300086434|gb|HM162309.1|	80.14	277	22	11	1	276	23	267	1e-57	 232
315	gi|226925669|gb|FJ776076.1|	80.14	277	22	11	1	276	23	267	1e-57	 232
315	gi|220682923|gb|FJ536209.1|	79.78	277	24	10	1	276	16	261	1e-57	 232
315	gi|220682922|gb|FJ536208.1|	80.14	277	22	11	1	276	20	264	1e-57	 232
315	gi|220682921|gb|FJ536207.1|	80.14	277	22	11	1	276	13	257	1e-57	 232
315	gi|5420317|emb|AJ246159.1|	80.14	277	22	11	1	276	122	366	1e-57	 232
315	gi|5420316|emb|AJ246158.1|	80.14	277	22	11	1	276	96	340	1e-57	 232
315	gi|74197626|emb|AM084449.1|	87.44	199	18	6	78	276	32	223	4e-57	 230
315	gi|300086374|gb|HM162249.1|	79.78	277	23	11	1	276	23	267	1e-56	 228
315	gi|300086382|gb|HM162257.1|	79.78	277	23	11	1	276	23	267	1e-56	 228
315	gi|259108019|gb|GQ511497.1|	80.43	276	30	11	1	276	20	271	5e-56	 226
315	gi|259105351|gb|GQ508829.1|	80.87	277	31	12	1	276	23	278	5e-56	 226
315	gi|259101539|gb|GQ514427.1|	80.43	276	30	11	1	276	22	273	5e-56	 226
315	gi|259094391|gb|GQ526097.1|	80.87	277	31	12	1	276	23	278	5e-56	 226
315	gi|189309510|gb|EU714389.1|	90.29	175	12	4	102	276	40	209	5e-56	 226
315	gi|189309510|gb|EU714389.1|	98.08	52	0	1	225	276	215	265	1e-13	86.0
315	gi|259104219|gb|GQ517107.1|	80.43	276	28	12	1	276	20	269	2e-55	 224
315	gi|259097829|gb|GQ520127.1|	81.00	279	28	14	1	276	23	279	2e-55	 224
315	gi|224972100|gb|FJ759646.1|	79.78	277	22	12	1	276	23	266	2e-55	 224
315	gi|110564277|gb|DQ683977.1|	80.97	268	19	13	12	276	1	239	2e-55	 224
315	gi|300086336|gb|HM162211.1|	79.50	278	26	11	1	276	23	271	6e-55	 223
315	gi|261871904|gb|GU055658.1|	79.42	277	24	11	1	276	1	245	6e-55	 223
315	gi|259105260|gb|GQ508738.1|	80.07	276	30	11	1	276	19	269	6e-55	 223
315	gi|259091311|gb|GQ523017.1|	78.70	277	27	9	1	276	22	267	6e-55	 223
315	gi|226929784|gb|FJ780191.1|	79.42	277	24	11	1	276	23	267	6e-55	 223
315	gi|226926727|gb|FJ777134.1|	78.78	278	24	10	1	276	23	267	6e-55	 223
315	gi|224970189|gb|FJ757735.1|	79.42	277	24	11	1	276	22	266	6e-55	 223
315	gi|90102673|gb|DQ420989.1|	78.78	278	24	10	1	276	23	267	6e-55	 223
# BLASTN 2.2.23+
# Query:  363 Cannabis sativa
# Database: /home/rohinis/blastdb/blast_nt/nt
# Fields: query id, subject id, % identity, alignment length, mismatches, gap opens, q. start, q. end, s. start, s. end, evalue, bit score
# 100 hits found
363	gi|300068275|dbj|AB564722.1|	97.85	326	4	3	1	326	11	333	5e-152	 545
363	gi|221047961|gb|FJ572045.1|	97.83	323	4	3	4	326	1	320	2e-150	 540
363	gi|82547946|gb|DQ267929.1|	97.12	312	6	3	15	326	2	310	1e-141	 511
363	gi|7960173|gb|AF223066.1|AF223066	91.13	327	25	4	1	326	5605	5928	1e-121	 444
363	gi|133854504|gb|EF136401.1|	90.76	314	25	4	14	326	1	311	1e-114	 421
363	gi|72537252|gb|DQ143133.1|	89.30	327	31	4	1	326	10	333	2e-113	 417
363	gi|67078932|gb|DQ005990.1|	89.30	327	31	4	1	326	2	325	2e-113	 417
363	gi|72537251|gb|DQ143132.1|	88.99	327	32	4	1	326	10	333	2e-112	 414
363	gi|238695895|gb|FJ980285.1|	88.99	327	31	5	1	326	2	324	3e-111	 410
363	gi|3758904|emb|Y18150.1|	98.68	228	0	3	46	273	1	225	3e-104	 387
363	gi|3757837|emb|Y18151.1|	89.08	229	21	4	46	273	1	226	7e-74	 286
363	gi|5834222|gb|AF174621.1|AF174621	80.44	317	46	10	15	326	1	306	2e-67	 264
363	gi|55273931|gb|AY635568.1|	80.32	315	45	11	18	326	2	305	1e-64	 255
363	gi|55273930|gb|AY635567.1|	80.32	315	45	11	18	326	3	306	1e-64	 255
363	gi|55273929|gb|AY635566.1|	80.32	315	45	11	18	326	2	305	1e-64	 255
363	gi|55273934|gb|AY635571.1|	79.68	315	46	11	18	326	3	305	7e-62	 246
363	gi|55273933|gb|AY635570.1|	79.68	315	46	11	18	326	3	305	7e-62	 246
363	gi|60417016|emb|AJ622864.1|	79.28	333	38	17	1	326	21	329	3e-60	 241
363	gi|60417015|emb|AJ622863.1|	78.93	337	33	18	1	326	21	330	3e-60	 241
363	gi|60417012|emb|AJ622860.1|	78.64	337	33	18	1	326	21	329	3e-59	 237
363	gi|60417011|emb|AJ622859.1|	78.68	333	40	16	1	326	21	329	3e-59	 237
363	gi|60417010|emb|AJ622858.1|	78.68	333	40	16	1	326	21	329	3e-59	 237
363	gi|60417018|emb|AJ622866.1|	78.87	336	34	19	1	326	21	329	4e-58	 233
363	gi|60417007|emb|AJ622855.1|	78.47	339	40	18	1	326	21	339	1e-57	 232
363	gi|60417006|emb|AJ622854.1|	78.47	339	40	18	1	326	21	339	1e-57	 232
363	gi|60417005|emb|AJ622853.1|	78.47	339	40	18	1	326	21	339	1e-57	 232
363	gi|40286870|gb|AY488731.1|	80.56	288	37	15	46	326	1	276	3e-53	 217
363	gi|60416988|emb|AJ622836.1|	77.81	338	41	19	1	326	21	336	3e-53	 217
363	gi|55273932|gb|AY635569.1|	77.19	320	52	13	18	326	3	312	4e-52	 214
363	gi|98647555|gb|DQ499146.1|	79.79	287	41	13	46	326	1	276	4e-52	 214
363	gi|40286880|gb|AY488741.1|	79.24	289	39	13	46	326	1	276	1e-51	 212
363	gi|40286886|gb|AY488747.1|	78.89	289	40	13	46	326	1	276	2e-50	 208
363	gi|40286885|gb|AY488746.1|	78.75	287	44	11	46	326	1	276	2e-50	 208
363	gi|40286883|gb|AY488744.1|	78.75	287	44	11	46	326	1	276	2e-50	 208
363	gi|40286881|gb|AY488742.1|	78.75	287	44	11	46	326	1	276	2e-50	 208
363	gi|98647557|gb|DQ499148.1|	79.09	287	42	13	46	326	1	275	6e-50	 206
363	gi|40286884|gb|AY488745.1|	78.62	290	40	13	46	326	1	277	2e-49	 205
363	gi|40286867|gb|AY488728.1|	78.45	283	51	9	46	326	1	275	2e-49	 205
363	gi|40286866|gb|AY488727.1|	78.45	283	51	9	46	326	1	275	2e-49	 205
363	gi|98647556|gb|DQ499147.1|	77.97	286	47	10	46	326	1	275	7e-49	 203
363	gi|40286891|gb|AY488752.1|	78.87	284	49	11	46	326	1	276	7e-49	 203
363	gi|40286887|gb|AY488748.1|	78.67	286	40	13	46	323	1	273	7e-49	 203
363	gi|40286882|gb|AY488743.1|	78.87	284	49	11	46	326	1	276	7e-49	 203
363	gi|40286864|gb|AY488725.1|	78.52	284	49	10	46	326	1	275	7e-49	 203
363	gi|40286863|gb|AY488724.1|	78.52	284	49	10	46	326	1	275	7e-49	 203
363	gi|40286895|gb|AY488756.1|	78.40	287	44	12	46	326	1	275	2e-48	 201
363	gi|40286890|gb|AY488751.1|	78.52	284	50	11	46	326	1	276	2e-48	 201
363	gi|40286888|gb|AY488749.1|	78.55	289	42	13	46	326	1	277	2e-48	 201
363	gi|40286868|gb|AY488729.1|	78.17	284	50	10	46	326	1	275	2e-48	 201
363	gi|40286865|gb|AY488726.1|	78.52	284	49	11	46	326	1	275	9e-48	 199
363	gi|40286860|gb|AY488721.1|	77.97	286	49	10	46	326	1	277	9e-48	 199
363	gi|57335183|emb|AJ783645.1|	75.60	336	50	15	1	326	53	366	3e-47	 197
363	gi|57335181|emb|AJ783643.1|	75.60	336	50	15	1	326	76	389	3e-47	 197
363	gi|57335180|emb|AJ783642.1|	75.60	336	50	15	1	326	63	376	3e-47	 197
363	gi|60416986|emb|AJ622834.1|	76.25	341	44	19	1	326	21	339	3e-47	 197
363	gi|40286894|gb|AY488755.1|	77.70	287	46	11	46	326	1	275	1e-46	 196
363	gi|40286889|gb|AY488750.1|	78.28	290	41	14	46	326	1	277	1e-46	 196
363	gi|40286873|gb|AY488734.1|	78.75	287	45	14	46	326	1	277	1e-46	 196
363	gi|40286861|gb|AY488722.1|	77.47	293	40	13	46	326	1	279	1e-46	 196
363	gi|57335179|emb|AJ783641.1|	75.30	336	51	15	1	326	101	414	1e-46	 196
363	gi|82542023|gb|DQ277638.1|	75.37	337	51	15	1	326	43	358	1e-46	 196
363	gi|40286896|gb|AY488757.1|	77.43	288	47	11	46	326	1	277	4e-46	 194
363	gi|40286862|gb|AY488723.1|	77.82	284	51	10	46	326	1	275	4e-46	 194
363	gi|57335182|emb|AJ783644.1|	75.30	336	51	15	1	326	101	414	4e-46	 194
363	gi|40286892|gb|AY488753.1|	77.62	286	48	11	46	326	1	275	1e-45	 192
363	gi|40286858|gb|AY488719.1|	76.49	285	56	7	46	326	1	278	4e-45	 190
363	gi|17065874|emb|AJ251683.1|	75.15	334	51	15	3	326	1	312	4e-45	 190
363	gi|40286872|gb|AY488733.1|	78.47	288	45	16	46	326	1	278	7e-43	 183
363	gi|40286876|gb|AY488737.1|	76.71	292	47	13	46	326	1	282	2e-42	 181
363	gi|40286871|gb|AY488732.1|	78.05	287	46	15	46	326	1	276	2e-42	 181
363	gi|40286869|gb|AY488730.1|	76.47	272	53	8	59	326	14	278	8e-42	 179
363	gi|40286877|gb|AY488738.1|	75.93	295	45	14	46	326	1	283	3e-40	 174
363	gi|284429049|gb|GU269247.1|	73.41	346	53	16	1	326	25	351	1e-39	 172
363	gi|21483661|gb|AY101904.1|	73.96	338	59	15	1	326	69	389	1e-39	 172
363	gi|153865425|gb|EF688901.1|	73.81	336	59	15	1	326	22	338	1e-38	 168
363	gi|153865409|gb|EF688885.1|	74.03	335	60	15	1	326	2	318	1e-38	 168
363	gi|284429050|gb|GU269248.1|	72.99	348	51	17	1	326	25	351	5e-38	 167
363	gi|153865382|gb|EF688858.1|	73.37	338	57	15	1	326	2	318	5e-38	 167
363	gi|153865408|gb|EF688884.1|	73.41	331	64	13	3	326	1	314	2e-37	 165
363	gi|153865407|gb|EF688883.1|	73.65	334	59	15	3	326	1	315	2e-37	 165
363	gi|153865398|gb|EF688874.1|	73.73	335	61	15	1	326	2	318	2e-37	 165
363	gi|153865397|gb|EF688873.1|	73.73	335	61	15	1	326	2	318	2e-37	 165
363	gi|153865388|gb|EF688864.1|	73.73	335	61	15	1	326	9	325	2e-37	 165
363	gi|153865386|gb|EF688862.1|	73.73	335	61	15	1	326	2	318	2e-37	 165
363	gi|40286874|gb|AY488735.1|	74.56	283	61	7	46	326	1	274	2e-37	 165
363	gi|238696001|gb|FJ980391.1|	72.81	342	61	14	1	326	2	327	6e-37	 163
363	gi|153865417|gb|EF688893.1|	73.81	336	59	16	1	326	1	317	6e-37	 163
363	gi|153865415|gb|EF688891.1|	73.27	333	64	14	2	326	1	316	6e-37	 163
363	gi|153865395|gb|EF688871.1|	73.43	335	62	15	1	326	2	318	6e-37	 163
363	gi|153865416|gb|EF688892.1|	73.41	331	62	14	4	326	1	313	2e-36	 161
363	gi|153865414|gb|EF688890.1|	73.57	333	61	15	3	326	1	315	2e-36	 161
363	gi|40286893|gb|AY488754.1|	81.36	177	24	4	153	326	105	275	2e-36	 161
363	gi|13624873|emb|AJ310959.1|	71.99	332	49	13	1	326	7	300	2e-36	 161
363	gi|153865406|gb|EF688882.1|	73.43	335	62	15	1	326	3	319	7e-36	 159
363	gi|153865396|gb|EF688872.1|	73.21	336	61	15	1	326	2	318	7e-36	 159
363	gi|153865389|gb|EF688865.1|	73.43	335	62	15	1	326	2	318	7e-36	 159
363	gi|153865394|gb|EF688870.1|	73.41	331	65	14	3	326	1	315	3e-35	 158
363	gi|119220528|gb|EF108406.1|	71.84	348	54	15	1	326	48	373	3e-35	 158
363	gi|51537433|gb|AY605375.1|	72.09	344	70	12	1	326	21	356	3e-35	 158
363	gi|83744091|gb|DQ314155.1|	72.16	352	60	16	1	326	35	374	9e-35	 156
# BLASTN 2.2.23+
# Query:  7 Solanum tuberosum
# Database: /home/rohinis/blastdb/blast_nt/nt
# Fields: query id, subject id, % identity, alignment length, mismatches, gap opens, q. start, q. end, s. start, s. end, evalue, bit score
# 107 hits found
7	gi|62125480|gb|AY875827.1|	96.45	282	8	1	38	319	1	280	2e-126	 461
7	gi|62125484|gb|AY875831.1|	96.06	279	5	2	38	316	1	273	3e-123	 450
7	gi|62125482|gb|AY875829.1|	95.41	283	6	3	38	319	1	277	1e-121	 444
7	gi|62125478|gb|AY875825.1|	94.68	282	9	2	38	319	1	276	2e-119	 437
7	gi|62125479|gb|AY875826.1|	93.97	282	11	2	38	319	1	276	6e-119	 435
7	gi|62125476|gb|AY875823.1|	92.93	283	7	5	38	316	1	274	7e-112	 412
7	gi|62125481|gb|AY875828.1|	92.23	283	12	3	38	316	1	277	3e-111	 410
7	gi|62125444|gb|AY875791.1|	92.58	283	9	5	38	316	1	275	1e-109	 405
7	gi|62125477|gb|AY875824.1|	92.47	279	10	4	41	319	4	271	1e-108	 401
7	gi|62125475|gb|AY875822.1|	91.99	287	9	7	38	319	1	278	6e-107	 396
7	gi|62125449|gb|AY875796.1|	89.56	297	7	6	38	319	1	288	2e-105	 390
7	gi|62125441|gb|AY875788.1|	89.44	303	6	8	38	319	1	298	2e-105	 390
7	gi|62125483|gb|AY875830.1|	89.56	297	7	7	38	319	1	288	3e-104	 387
7	gi|62125474|gb|AY875821.1|	91.20	284	11	7	38	316	1	275	4e-103	 383
7	gi|62125452|gb|AY875799.1|	88.89	297	9	6	38	319	1	288	1e-102	 381
7	gi|62125468|gb|AY875815.1|	88.89	297	9	7	38	319	1	288	1e-101	 378
7	gi|62125466|gb|AY875813.1|	88.89	297	9	7	38	319	1	288	1e-101	 378
7	gi|62125463|gb|AY875810.1|	88.89	297	9	7	38	319	1	288	1e-101	 378
7	gi|62125460|gb|AY875807.1|	88.55	297	10	6	38	319	1	288	1e-101	 378
7	gi|62125465|gb|AY875812.1|	89.12	294	8	7	38	316	1	285	5e-101	 376
7	gi|62125445|gb|AY875792.1|	88.55	297	11	6	38	319	1	289	5e-101	 376
7	gi|62125491|gb|AY875838.1|	88.55	297	10	7	38	319	1	288	2e-100	 374
7	gi|62125494|gb|AY875841.1|	88.44	294	10	6	38	316	1	285	6e-100	 372
7	gi|62125464|gb|AY875811.1|	88.55	297	10	7	38	319	1	288	6e-100	 372
7	gi|62125462|gb|AY875809.1|	88.22	297	11	6	38	319	1	288	6e-100	 372
7	gi|62125493|gb|AY875840.1|	88.74	293	8	7	39	316	1	283	2e-99	 370
7	gi|62125490|gb|AY875837.1|	88.29	299	9	8	38	319	1	290	2e-99	 370
7	gi|62125485|gb|AY875832.1|	89.36	282	19	4	38	319	1	271	8e-99	 369
7	gi|62125426|gb|AY875773.1|	87.96	299	11	7	38	319	1	291	8e-99	 369
7	gi|62125496|gb|AY875843.1|	87.96	299	10	8	38	319	1	290	3e-98	 367
7	gi|62125488|gb|AY875835.1|	87.92	298	11	7	38	319	1	289	3e-98	 367
7	gi|62125471|gb|AY875818.1|	88.26	298	10	8	38	319	1	289	3e-98	 367
7	gi|62125469|gb|AY875816.1|	88.10	294	11	6	38	316	1	285	3e-98	 367
7	gi|62125473|gb|AY875820.1|	88.47	295	15	7	38	319	1	289	9e-98	 365
7	gi|62125470|gb|AY875817.1|	87.88	297	12	7	38	319	1	288	3e-97	 363
7	gi|62125455|gb|AY875802.1|	88.10	294	17	6	38	319	1	288	3e-97	 363
7	gi|62125453|gb|AY875800.1|	87.76	294	12	6	38	316	1	285	3e-97	 363
7	gi|170763669|gb|AC215459.2|	85.32	327	31	6	1	319	177	494	1e-96	 361
7	gi|170763669|gb|AC215459.2|	85.32	327	31	6	1	319	9235	9552	1e-96	 361
7	gi|45385106|gb|AY552528.1|	85.32	327	31	6	1	319	150	467	1e-96	 361
7	gi|62125489|gb|AY875836.1|	87.58	298	12	7	38	319	1	289	1e-96	 361
7	gi|62125461|gb|AY875808.1|	87.71	293	12	6	38	315	1	284	1e-96	 361
7	gi|62125442|gb|AY875789.1|	87.71	301	9	9	38	319	1	292	1e-96	 361
7	gi|62125438|gb|AY875785.1|	87.17	304	8	9	38	319	1	295	4e-96	 360
7	gi|62125472|gb|AY875819.1|	87.46	295	11	7	38	316	1	285	1e-95	 358
7	gi|62125447|gb|AY875794.1|	87.80	295	14	7	38	316	1	289	1e-95	 358
7	gi|62125497|gb|AY875844.1|	87.21	297	13	7	38	319	1	287	5e-95	 356
7	gi|62125457|gb|AY875804.1|	87.97	291	17	6	38	316	1	285	5e-95	 356
7	gi|62125443|gb|AY875790.1|	86.75	302	12	8	38	319	1	294	5e-95	 356
7	gi|83744093|gb|DQ314157.1|	84.80	329	31	7	1	319	23	342	2e-94	 354
7	gi|62125446|gb|AY875793.1|	86.75	302	11	8	38	319	1	293	2e-94	 354
7	gi|62125440|gb|AY875787.1|	86.75	302	11	8	38	319	1	293	2e-94	 354
7	gi|62125439|gb|AY875786.1|	86.75	302	11	8	38	319	1	293	2e-94	 354
7	gi|62125437|gb|AY875784.1|	86.89	305	8	10	38	319	1	296	2e-94	 354
7	gi|62125492|gb|AY875839.1|	87.37	293	13	7	38	315	1	284	6e-94	 352
7	gi|62125458|gb|AY875805.1|	87.63	291	18	6	38	316	1	285	6e-94	 352
7	gi|62125435|gb|AY875782.1|	87.80	295	20	7	38	319	1	292	6e-94	 352
7	gi|19153|emb|X52265.1|	85.40	322	38	6	1	319	183	498	2e-93	 351
7	gi|62125454|gb|AY875801.1|	87.46	295	18	7	38	319	1	289	2e-93	 351
7	gi|62125450|gb|AY875797.1|	85.95	299	16	7	38	319	1	290	3e-92	 347
7	gi|216409748|dbj|AB373812.1|	85.81	310	35	6	15	319	1	306	1e-90	 342
7	gi|216409747|dbj|AB373811.1|	85.48	310	36	6	15	319	1	306	1e-89	 338
7	gi|216409752|dbj|AB373816.1|	84.66	313	31	6	15	319	1	304	5e-89	 336
7	gi|216409751|dbj|AB373815.1|	84.66	313	31	6	15	319	1	304	5e-89	 336
7	gi|216409750|dbj|AB373814.1|	84.66	313	31	6	15	319	1	304	5e-89	 336
7	gi|216409749|dbj|AB373813.1|	84.66	313	31	6	15	319	1	304	5e-89	 336
7	gi|62125451|gb|AY875798.1|	84.95	299	19	7	38	319	1	290	2e-87	 331
7	gi|62125432|gb|AY875779.1|	85.86	290	18	7	41	319	4	281	2e-86	 327
7	gi|291002705|gb|GQ221564.1|	84.69	294	20	6	42	319	1	285	3e-85	 324
7	gi|62125467|gb|AY875814.1|	86.02	279	15	7	56	319	1	270	4e-84	 320
7	gi|62125448|gb|AY875795.1|	84.12	296	21	7	38	316	1	287	4e-84	 320
7	gi|11191820|emb|AJ300202.1|	84.09	308	31	7	20	319	1	298	4e-84	 320
7	gi|62125495|gb|AY875842.1|	84.30	293	21	7	38	315	1	283	1e-83	 318
7	gi|62125413|gb|AY875760.1|	84.23	298	21	7	38	319	1	288	1e-83	 318
7	gi|62125456|gb|AY875803.1|	84.69	294	27	6	38	319	1	288	4e-83	 316
7	gi|62125434|gb|AY875781.1|	85.62	292	24	9	38	315	1	288	4e-83	 316
7	gi|62125420|gb|AY875767.1|	83.89	298	26	6	38	319	1	292	1e-82	 315
7	gi|11322495|emb|AJ300212.1|	83.28	311	20	9	24	319	1	294	1e-82	 315
7	gi|62125487|gb|AY875834.1|	83.56	298	13	8	38	319	1	278	5e-82	 313
7	gi|62125427|gb|AY875774.1|	85.02	287	23	7	38	319	1	272	2e-81	 311
7	gi|62125421|gb|AY875768.1|	84.19	291	21	7	38	319	1	275	6e-81	 309
7	gi|62125417|gb|AY875764.1|	83.16	297	25	6	38	319	1	287	6e-81	 309
7	gi|62125430|gb|AY875777.1|	85.07	288	25	8	38	316	1	279	2e-80	 307
7	gi|62125411|gb|AY875758.1|	83.33	294	25	6	38	316	1	285	2e-80	 307
7	gi|62125419|gb|AY875766.1|	85.66	279	14	9	54	316	1	269	8e-80	 306
7	gi|62125416|gb|AY875763.1|	83.22	298	24	7	38	319	1	288	8e-80	 306
7	gi|62125459|gb|AY875806.1|	84.59	279	19	6	56	319	1	270	3e-79	 304
7	gi|62125423|gb|AY875770.1|	83.85	291	22	7	38	319	1	275	3e-79	 304
7	gi|62125422|gb|AY875769.1|	84.87	271	21	5	53	319	7	261	3e-78	 300
7	gi|11182339|emb|AJ300201.1|	83.33	306	31	9	23	319	5	299	3e-78	 300
7	gi|294992184|gb|GU815257.1|	83.74	289	30	6	15	295	1	280	1e-77	 298
7	gi|62125429|gb|AY875776.1|	81.94	299	19	7	38	319	1	281	1e-77	 298
7	gi|11182344|emb|AJ300208.1|	83.72	301	38	8	24	319	1	295	4e-77	 297
7	gi|291002707|gb|GQ221566.1|	83.45	290	31	6	38	319	1	281	1e-76	 295
7	gi|62125415|gb|AY875762.1|	81.82	297	29	6	38	319	1	287	6e-75	 289
7	gi|11182338|emb|AJ300200.1|	83.04	289	32	6	39	319	1	280	6e-75	 289
7	gi|11182343|emb|AJ300207.1|	84.34	281	32	7	45	319	1	275	2e-74	 288
7	gi|62125436|gb|AY875783.1|	82.71	295	27	10	38	314	1	289	3e-72	 280
7	gi|7533167|gb|AF244747.1|	82.92	281	31	6	47	319	1	272	1e-71	 279
7	gi|49458086|gb|AY561268.1|	83.04	289	34	8	38	319	1	281	1e-71	 279
7	gi|170763578|gb|AC215351.2|	80.31	320	49	8	1	314	5009	4698	6e-69	 269
7	gi|170763578|gb|AC215351.2|	79.06	320	52	7	1	314	24836	24526	4e-65	 257
7	gi|170763578|gb|AC215351.2|	77.67	318	59	6	1	314	72376	72067	3e-59	 237
7	gi|170763578|gb|AC215351.2|	77.19	320	59	7	1	314	120481	120170	5e-57	 230
7	gi|170763578|gb|AC215351.2|	77.04	318	62	7	1	314	49636	49326	7e-55	 223
7	gi|170763578|gb|AC215351.2|	75.31	320	63	9	1	314	89013	88704	1e-46	 196
7	gi|170763578|gb|AC215351.2|	74.69	320	65	9	1	314	101011	100702	5e-44	 187
