# BLASTN 2.2.23+
# Query:  159
# Database: /home/rohinis/blastdb/blast_nt/nt
# Fields: query id, subject id, % identity, alignment length, mismatches, gap opens, q. start, q. end, s. start, s. end, evalue, bit score
# 100 hits found
159	gi|163257670|emb|AM901735.1|	99.15	354	2	1	1	353	178	531	9e-175	 621
159	gi|163258007|emb|AM902074.1|	97.75	355	6	2	1	353	178	532	1e-167	 598
159	gi|332107329|gb|GU942400.1|	97.20	357	6	3	1	353	7	363	5e-165	 589
159	gi|332107293|gb|GU942364.1|	97.20	357	6	3	1	353	3	359	5e-165	 589
159	gi|332106415|gb|GU941451.1|	96.92	357	7	3	1	353	42	398	6e-164	 585
159	gi|163257649|emb|AM901714.1|	96.93	358	6	4	1	353	178	535	2e-163	 583
159	gi|332107287|gb|GU942358.1|	96.64	357	8	3	1	353	3	359	3e-162	 580
159	gi|332106391|gb|GU941427.1|	96.36	357	9	3	1	353	5	361	9e-162	 578
159	gi|300086446|gb|HM162321.1|	96.36	357	9	3	1	353	24	380	3e-161	 576
159	gi|295656041|gb|HM014471.1|	96.96	329	7	3	28	353	1	329	8e-150	 538
159	gi|299766535|gb|GU327516.1|	96.67	330	7	3	28	353	1	330	3e-149	 536
159	gi|196475590|gb|EU915456.1|	97.19	320	5	3	38	353	1	320	1e-146	 527
159	gi|163257860|emb|AM901925.1|	96.90	323	6	3	35	353	1	323	1e-146	 527
159	gi|299766534|gb|GU327515.1|	96.59	323	7	3	35	353	1	323	2e-145	 524
159	gi|334682904|emb|FR682297.1|	96.56	320	7	3	38	353	1	320	8e-144	 518
159	gi|37575289|gb|AY387145.1|	97.72	307	5	2	49	353	1	307	9e-143	 515
159	gi|345432291|dbj|AB633036.1|	96.78	311	6	3	31	337	1	311	5e-140	 506
159	gi|345432278|dbj|AB633023.1|	96.78	311	6	3	31	337	1	311	5e-140	 506
159	gi|259095306|gb|GQ527012.1|	99.22	257	1	1	98	353	1	257	9e-124	 452
159	gi|259093286|gb|GQ524992.1|	98.07	259	2	2	98	353	1	259	6e-120	 439
159	gi|6177865|dbj|AB019341.1|	97.70	261	4	2	46	304	1	261	2e-119	 437
159	gi|259090925|gb|GQ522631.1|	97.30	259	4	2	98	353	1	259	3e-117	 430
159	gi|259100632|gb|GQ513520.1|	96.12	258	6	3	100	353	1	258	3e-111	 410
159	gi|259103841|gb|GQ516729.1|	96.05	253	7	3	104	353	1	253	1e-108	 401
159	gi|259094697|gb|GQ526403.1|	96.06	254	6	4	104	353	2	255	5e-108	 399
159	gi|259097996|gb|GQ520294.1|	96.41	251	5	4	107	353	1	251	2e-107	 398
159	gi|305669991|gb|HQ126167.1|	96.60	235	5	2	1	232	24	258	1e-102	 381
159	gi|346229380|gb|JF497141.1|	81.92	354	13	8	1	353	25	328	4e-96	 360
159	gi|332107363|gb|GU942434.1|	81.92	354	13	8	1	353	3	306	4e-96	 360
159	gi|332107322|gb|GU942393.1|	81.92	354	13	8	1	353	3	306	4e-96	 360
159	gi|332106399|gb|GU941435.1|	81.92	354	13	8	1	353	5	308	4e-96	 360
159	gi|332106393|gb|GU941429.1|	81.92	354	13	8	1	353	5	308	4e-96	 360
159	gi|332106169|gb|GU941197.1|	81.92	354	13	8	1	353	5	308	4e-96	 360
159	gi|300959460|gb|HM136657.1|	81.92	354	13	8	1	353	12	315	4e-96	 360
159	gi|171466633|gb|EU400587.1|	81.92	354	13	8	1	353	23	326	4e-96	 360
159	gi|163257981|emb|AM902048.1|	81.92	354	13	8	1	353	179	482	4e-96	 360
159	gi|159138951|gb|EU218883.1|	81.92	354	13	8	1	353	2	305	4e-96	 360
159	gi|82704075|gb|DQ279840.1|	81.92	354	13	8	1	353	24	327	4e-96	 360
159	gi|332106413|gb|GU941449.1|	81.64	354	14	8	1	353	5	308	5e-95	 356
159	gi|332106377|gb|GU941412.1|	81.77	351	13	8	4	353	1	301	2e-94	 354
159	gi|165881898|gb|EU192362.1|	80.85	355	17	6	1	353	1494	1799	7e-94	 352
159	gi|163257754|emb|AM901819.1|	80.56	355	16	6	1	353	178	481	2e-93	 351
159	gi|163257732|emb|AM901797.1|	81.59	353	12	9	2	353	179	479	2e-93	 351
159	gi|163257643|emb|AM901708.1|	81.07	354	17	7	1	353	178	482	2e-93	 351
159	gi|94383895|emb|AM260792.1|	80.51	354	18	5	1	353	24	327	2e-93	 351
159	gi|332107234|gb|GU942302.1|	80.62	356	14	7	1	353	5	308	8e-93	 349
159	gi|332106412|gb|GU941448.1|	81.48	351	15	8	4	353	1	302	8e-93	 349
159	gi|289064232|gb|GU370752.1|	80.62	356	14	7	1	353	27	330	8e-93	 349
159	gi|195931601|gb|EU812484.1|	80.62	356	14	7	1	353	10	313	8e-93	 349
159	gi|163257829|emb|AM901894.1|	81.41	355	14	9	1	353	98	402	8e-93	 349
159	gi|332106403|gb|GU941439.1|	80.56	355	14	7	2	353	1	303	3e-92	 347
159	gi|332106375|gb|GU941410.1|	80.34	356	15	7	1	353	4	307	1e-91	 345
159	gi|284158515|gb|GU291270.1|	81.50	346	13	8	9	353	1	296	1e-91	 345
159	gi|163257735|emb|AM901800.1|	80.34	356	15	7	1	353	178	481	1e-91	 345
159	gi|332106173|gb|GU941201.1|	80.91	351	15	9	5	353	1	301	1e-89	 338
159	gi|315321174|gb|HQ436056.1|	81.29	342	13	8	13	353	1	292	1e-89	 338
159	gi|209972660|gb|FJ266731.1|	81.23	341	13	8	14	353	1	291	5e-89	 336
159	gi|28865718|emb|AJ437695.1|	81.23	341	13	8	14	353	1	291	5e-89	 336
159	gi|332106401|gb|GU941437.1|	81.62	359	23	12	1	353	5	326	2e-88	 334
159	gi|315321199|gb|HQ436081.1|	80.99	342	14	8	13	353	1	292	2e-88	 334
159	gi|317171952|gb|HQ436045.1|	80.94	341	14	8	14	353	1	291	6e-88	 333
159	gi|317171949|gb|HQ436042.1|	80.94	341	14	8	14	353	3	293	6e-88	 333
159	gi|28865717|emb|AJ437694.1|	80.94	341	14	8	14	353	1	291	6e-88	 333
159	gi|339459039|gb|JF945603.1|	81.19	335	11	9	1	334	2	285	3e-86	 327
159	gi|194354259|gb|EU825631.1|	80.45	358	15	12	1	353	2	309	9e-86	 325
159	gi|50980493|gb|AY669132.1|	79.82	337	14	6	1	335	2	286	3e-85	 324
159	gi|315321179|gb|HQ436061.1|	80.69	347	24	12	13	353	1	310	7e-81	 309
159	gi|333777212|dbj|AB616888.1|	79.94	329	15	8	26	353	1	279	9e-80	 306
159	gi|333777211|dbj|AB616887.1|	79.94	329	15	8	26	353	1	279	9e-80	 306
159	gi|295027421|emb|FN669406.1|	96.32	190	4	2	46	232	1	190	9e-80	 306
159	gi|332106191|gb|GU941219.1|	80.00	325	14	8	30	353	1	275	3e-79	 304
159	gi|56474924|gb|AY743636.1|	79.81	317	13	8	38	353	1	267	5e-76	 293
159	gi|83638398|gb|DQ291154.1|	79.81	317	13	8	38	353	1	267	5e-76	 293
159	gi|333777214|dbj|AB616890.1|	79.39	330	15	10	26	353	1	279	2e-75	 291
159	gi|259106137|gb|GQ509615.1|	79.23	313	14	6	43	353	1	264	2e-75	 291
159	gi|334682872|emb|FR682265.1|	79.50	317	14	8	38	353	1	267	7e-75	 289
159	gi|332106392|gb|GU941428.1|	79.50	317	14	8	38	353	1	267	7e-75	 289
159	gi|259102722|gb|GQ515610.1|	79.55	313	11	8	43	353	1	262	2e-74	 288
159	gi|259099522|gb|GQ521820.1|	79.43	316	14	8	39	353	1	266	2e-74	 288
159	gi|337216937|gb|HQ687896.1|	79.55	313	13	8	42	353	1	263	8e-74	 286
159	gi|334682770|emb|FR682163.1|	78.30	318	19	5	38	353	1	270	8e-74	 286
159	gi|334682751|emb|FR682144.1|	78.30	318	19	5	38	353	1	270	8e-74	 286
159	gi|343773598|dbj|AB615571.1|	79.30	314	14	8	41	353	1	264	3e-73	 284
159	gi|315321181|gb|HQ436063.1|	82.82	291	43	5	69	353	51	340	3e-73	 284
159	gi|259105188|gb|GQ508666.1|	78.91	313	13	7	43	353	1	262	3e-73	 284
159	gi|259103641|gb|GQ516529.1|	79.49	312	13	8	43	353	1	262	3e-73	 284
159	gi|259102258|gb|GQ515146.1|	79.49	312	13	8	43	353	1	262	3e-73	 284
159	gi|259101968|gb|GQ514856.1|	78.91	313	13	7	43	353	1	262	3e-73	 284
159	gi|259095431|gb|GQ517729.1|	79.49	312	13	8	43	353	1	262	3e-73	 284
159	gi|345431797|dbj|AB632642.1|	79.55	308	12	8	31	337	1	258	1e-72	 282
159	gi|334682886|emb|FR682279.1|	78.37	319	14	7	38	353	1	267	1e-72	 282
159	gi|259103666|gb|GQ516554.1|	79.17	312	14	8	43	353	1	262	3e-72	 280
159	gi|259095634|gb|GQ517932.1|	78.27	313	18	5	43	353	1	265	3e-72	 280
159	gi|259094538|gb|GQ526244.1|	79.17	312	14	8	43	353	1	262	3e-72	 280
159	gi|259094203|gb|GQ525909.1|	79.17	312	14	8	43	353	1	262	3e-72	 280
159	gi|259108967|gb|GQ512445.1|	78.34	314	13	7	43	353	1	262	1e-71	 279
159	gi|259101282|gb|GQ514170.1|	79.23	313	13	9	43	353	1	263	1e-71	 279
159	gi|259097073|gb|GQ519371.1|	79.23	313	13	9	43	353	1	263	1e-71	 279
159	gi|259092081|gb|GQ523787.1|	79.23	313	13	9	43	353	1	263	1e-71	 279
159	gi|88999638|emb|AM181394.1|	79.29	309	13	8	46	353	1	259	1e-71	 279
