# BLASTN 2.2.23+
# Query:  513_fungi
# Database: /home/rohinis/blastdb/blast_nt/nt
# Fields: query id, subject id, % identity, alignment length, mismatches, gap opens, q. start, q. end, s. start, s. end, evalue, bit score
# 604 hits found
513_fungi	gi|157487977|gb|EU131181.1|	96.60	147	2	3	16	160	373	228	1e-60	 241
513_fungi	gi|224969398|gb|FJ754318.1|	92.52	147	8	3	16	160	6	151	1e-50	 207
513_fungi	gi|307748589|gb|AF411060.2|	95.93	123	4	1	39	160	1	123	2e-48	 200
513_fungi	gi|117653001|gb|EF060596.1|	86.67	165	17	5	1	160	308	472	9e-42	 178
513_fungi	gi|74273803|gb|DQ177877.1|	86.67	165	14	8	1	160	11	172	3e-41	 176
513_fungi	gi|6706191|emb|AJ279451.1|	86.75	166	12	9	1	160	25	186	3e-41	 176
513_fungi	gi|256575413|gb|GQ376093.1|	86.23	167	11	12	1	160	9	170	2e-39	 171
513_fungi	gi|114225488|gb|DQ980563.1|	86.31	168	9	13	1	160	102	263	2e-39	 171
513_fungi	gi|6706190|emb|AJ279445.1|	86.23	167	11	12	1	160	21	182	2e-39	 171
513_fungi	gi|295883731|gb|HM037662.1|	86.14	166	12	10	1	160	23	183	5e-39	 169
513_fungi	gi|295883729|gb|HM037660.1|	86.14	166	12	10	1	160	23	183	5e-39	 169
513_fungi	gi|82698018|gb|DQ286062.1|	86.14	166	12	10	1	160	25	185	5e-39	 169
513_fungi	gi|117653099|gb|EF060694.1|	85.71	168	10	14	1	160	315	476	7e-38	 165
513_fungi	gi|76150856|gb|DQ189222.1|	85.71	168	10	14	1	160	11	172	7e-38	 165
513_fungi	gi|319739547|gb|HQ589260.1|	85.89	163	11	12	5	160	391	548	3e-37	 163
513_fungi	gi|319739547|gb|HQ589260.1|	100.00	46	0	0	1	46	251	296	6e-14	86.1
513_fungi	gi|110610019|gb|DQ667968.1|	85.54	166	12	11	1	160	7	166	3e-37	 163
513_fungi	gi|112382189|gb|DQ683114.1|	85.80	162	11	12	6	160	320	476	9e-37	 161
513_fungi	gi|304651479|gb|HQ115737.1|	85.03	167	13	11	1	160	16	177	3e-36	 159
513_fungi	gi|218473051|emb|FM177678.1|	85.03	167	13	12	1	160	177	338	3e-36	 159
513_fungi	gi|195964341|gb|EU826892.1|	85.03	167	13	12	1	160	23	184	3e-36	 159
513_fungi	gi|5081827|gb|AF157596.1|AF157596	84.34	166	16	10	1	160	119	280	4e-35	 156
513_fungi	gi|209171365|gb|FJ176541.1|	84.43	167	14	12	1	160	30	191	2e-34	 154
513_fungi	gi|110613434|gb|DQ680681.1|	85.09	161	12	12	7	160	234	389	2e-34	 154
513_fungi	gi|288804397|gb|GU246252.1|	83.93	168	17	9	1	160	92	257	5e-34	 152
513_fungi	gi|260100924|gb|GQ487292.1|	84.66	163	13	12	5	160	1	158	5e-34	 152
513_fungi	gi|73612122|gb|DQ148946.1|	85.35	157	12	10	10	160	2	153	5e-34	 152
513_fungi	gi|112382187|gb|DQ683112.1|	84.57	162	13	12	6	160	251	407	2e-33	 150
513_fungi	gi|110543411|gb|DQ668351.1|	84.57	162	13	12	6	160	13	169	2e-33	 150
513_fungi	gi|12862869|dbj|AB054048.1|	84.47	161	14	11	6	157	1	159	7e-33	 148
513_fungi	gi|126361598|gb|EF087983.1|	85.23	149	15	6	17	160	1	147	3e-32	 147
513_fungi	gi|49618721|gb|AY591348.1|	85.23	149	14	8	17	160	1	146	3e-32	 147
513_fungi	gi|215981681|gb|FJ499455.1|	84.87	152	11	12	16	160	2	148	3e-31	 143
513_fungi	gi|115291346|gb|DQ907937.1|	84.87	152	12	10	16	160	2	149	3e-31	 143
513_fungi	gi|258547410|gb|GQ373002.1|	84.87	152	9	14	17	160	1	146	1e-30	 141
513_fungi	gi|194307387|gb|EU789402.1|	84.77	151	12	10	16	160	4	149	1e-30	 141
513_fungi	gi|115354040|emb|AM397688.1|	84.56	149	16	6	17	160	1	147	1e-30	 141
513_fungi	gi|115354024|emb|AM397672.1|	84.67	150	14	8	17	160	148	2	1e-30	 141
513_fungi	gi|267822757|gb|GU126456.1|	82.66	173	14	10	1	160	9	178	4e-30	 139
513_fungi	gi|123842867|emb|AJ876893.1|	84.21	152	14	10	15	160	1	148	4e-30	 139
513_fungi	gi|302340945|gb|HM777040.1|	84.21	152	10	13	17	160	1	146	5e-29	 135
513_fungi	gi|288804410|gb|GU246265.1|	82.42	165	19	8	1	160	139	298	5e-29	 135
513_fungi	gi|269784169|gb|GU144663.1|	82.42	165	19	8	1	160	1703	1862	5e-29	 135
513_fungi	gi|259018346|gb|GQ458034.1|	83.97	156	10	14	14	160	2	151	5e-29	 135
513_fungi	gi|223006688|gb|FJ623616.1|	83.87	155	11	10	15	160	1	150	5e-29	 135
513_fungi	gi|218473045|emb|FM177672.1|	82.42	165	19	8	1	160	193	352	5e-29	 135
513_fungi	gi|212725860|gb|FJ227897.1|	84.21	152	10	13	17	160	9	154	5e-29	 135
513_fungi	gi|115354041|emb|AM397689.1|	83.89	149	17	6	17	160	1	147	5e-29	 135
513_fungi	gi|55416612|gb|AY640189.1|	83.87	155	11	10	15	160	1	150	5e-29	 135
513_fungi	gi|296410098|gb|HM047769.1|	83.77	154	11	13	15	160	2	149	2e-28	 134
513_fungi	gi|296142186|gb|HM037986.1|	83.77	154	11	13	15	160	3	150	2e-28	 134
513_fungi	gi|117935021|gb|DQ681363.2|	83.66	153	13	12	15	160	1	148	2e-28	 134
513_fungi	gi|117935018|gb|DQ681360.2|	83.66	153	13	12	15	160	1	148	2e-28	 134
513_fungi	gi|115354027|emb|AM397675.1|	83.78	148	16	7	18	160	1	145	2e-28	 134
513_fungi	gi|309401389|gb|HQ166353.1|	84.25	146	11	12	22	160	1	141	7e-28	 132
513_fungi	gi|223006689|gb|FJ623617.1|	83.33	156	12	13	15	160	1	152	7e-28	 132
513_fungi	gi|215981661|gb|FJ499435.1|	83.77	154	10	14	16	160	4	151	7e-28	 132
513_fungi	gi|55416622|gb|AY640199.1|	83.33	156	12	13	15	160	1	152	7e-28	 132
513_fungi	gi|55416621|gb|AY640198.1|	83.33	156	12	13	15	160	1	152	7e-28	 132
513_fungi	gi|294713410|gb|GU827487.1|	84.17	139	15	6	28	160	2	139	9e-27	 128
513_fungi	gi|267822685|gb|GU126454.1|	81.87	171	13	13	1	160	9	172	9e-27	 128
513_fungi	gi|309401394|gb|HQ166358.1|	83.45	145	14	10	22	160	1	141	3e-26	 126
513_fungi	gi|55416620|gb|AY640197.1|	82.80	157	12	14	15	160	1	153	3e-26	 126
513_fungi	gi|55416619|gb|AY640196.1|	82.80	157	12	14	15	160	1	153	3e-26	 126
513_fungi	gi|55416618|gb|AY640195.1|	82.80	157	12	14	15	160	1	153	3e-26	 126
513_fungi	gi|41817300|gb|AY513953.1|	83.69	141	13	8	26	160	1	137	1e-25	 124
513_fungi	gi|28912452|gb|AY211069.1|	83.57	140	13	8	27	160	1	136	4e-25	 122
513_fungi	gi|299766486|gb|GU327467.1|	82.88	146	13	12	22	160	1	141	2e-24	 121
513_fungi	gi|309401390|gb|HQ166354.1|	82.64	144	17	8	22	160	1	141	2e-24	 121
513_fungi	gi|296785428|gb|HM051079.1|	82.35	153	13	13	16	160	2	148	2e-24	 121
513_fungi	gi|108597937|gb|DQ538336.1|	80.70	171	17	10	1	160	12	177	6e-24	 119
513_fungi	gi|259018334|gb|GQ458022.1|	83.33	138	12	10	29	160	1	133	2e-23	 117
513_fungi	gi|215981687|gb|FJ499461.1|	82.24	152	11	14	16	160	1	143	2e-23	 117
513_fungi	gi|194306802|gb|AY787702.2|	82.31	147	12	13	22	160	4	144	7e-23	 115
513_fungi	gi|317183664|gb|HQ657273.1|	83.21	131	12	9	36	160	1	127	9e-22	 111
513_fungi	gi|196459992|emb|FM173052.1|	83.21	131	12	9	36	160	1	127	9e-22	 111
513_fungi	gi|119960474|gb|EF159152.1|	81.41	156	12	11	17	160	1	151	9e-22	 111
513_fungi	gi|299766484|gb|GU327465.1|	82.48	137	12	11	30	160	1	131	3e-21	 110
513_fungi	gi|239787182|emb|FN376417.1|	85.98	107	7	8	59	160	3	106	1e-20	 108
513_fungi	gi|239787181|emb|FN376416.1|	85.59	111	7	9	56	160	12	119	1e-20	 108
513_fungi	gi|142882756|gb|EF136370.1|	80.92	152	15	9	17	160	1	146	1e-20	 108
513_fungi	gi|65306755|gb|AY939812.1|	80.67	150	19	8	17	160	1	146	1e-20	 108
513_fungi	gi|71066892|gb|DQ069005.1|	92.21	77	5	1	85	160	69	145	1e-20	 108
513_fungi	gi|205319841|gb|FJ158139.1|	85.44	103	13	2	59	160	18	119	4e-20	 106
513_fungi	gi|196460032|emb|FM173092.1|	82.58	132	11	12	36	160	1	127	4e-20	 106
513_fungi	gi|196460022|emb|FM173082.1|	82.58	132	11	12	36	160	1	127	4e-20	 106
513_fungi	gi|187439721|emb|AM711460.1|	82.44	131	13	8	36	160	1	127	4e-20	 106
513_fungi	gi|187439713|emb|AM711452.1|	82.58	132	11	12	36	160	1	127	4e-20	 106
513_fungi	gi|187439673|emb|AM711412.1|	82.58	132	11	12	36	160	1	127	4e-20	 106
513_fungi	gi|187439640|emb|AM711379.1|	82.58	132	11	12	36	160	1	127	4e-20	 106
513_fungi	gi|187439619|emb|AM711358.1|	82.58	132	11	12	36	160	1	127	4e-20	 106
513_fungi	gi|46361592|gb|AY533550.1|	80.54	149	19	8	17	160	1	144	4e-20	 106
513_fungi	gi|40737910|gb|AY500374.1|	80.54	149	19	8	17	160	1	144	4e-20	 106
513_fungi	gi|20502620|gb|AF335927.1|	80.54	149	19	8	17	160	1	144	4e-20	 106
513_fungi	gi|196460026|emb|FM173086.1|	82.44	131	12	10	36	160	1	126	2e-19	 104
513_fungi	gi|187439707|emb|AM711446.1|	82.44	131	12	10	36	160	1	126	2e-19	 104
513_fungi	gi|187439684|emb|AM711423.1|	82.44	131	12	10	36	160	1	126	2e-19	 104
513_fungi	gi|187439641|emb|AM711380.1|	82.44	131	12	10	36	160	1	126	2e-19	 104
513_fungi	gi|315270845|gb|HQ604855.1|	79.14	187	10	17	1	160	12	196	6e-19	 102
513_fungi	gi|296784846|emb|FN597573.1|	84.68	111	8	9	56	160	8	115	6e-19	 102
513_fungi	gi|239787180|emb|FN376415.1|	85.05	107	8	8	59	160	13	116	6e-19	 102
513_fungi	gi|239787179|emb|FN376414.1|	85.05	107	8	8	59	160	14	117	6e-19	 102
513_fungi	gi|239787178|emb|FN376413.1|	85.05	107	8	8	59	160	3	106	6e-19	 102
513_fungi	gi|187439666|emb|AM711405.1|	84.76	105	12	4	59	160	24	127	6e-19	 102
513_fungi	gi|54610019|gb|AY626023.1|	92.00	75	3	3	88	160	203	276	6e-19	 102
513_fungi	gi|54610018|gb|AY626022.1|	92.00	75	3	3	88	160	203	276	6e-19	 102
513_fungi	gi|19702258|gb|AF481862.1|	85.05	107	8	8	59	160	13	116	6e-19	 102
513_fungi	gi|317183673|gb|HQ657282.1|	81.54	130	16	7	36	160	1	127	2e-18	 100
513_fungi	gi|262410970|gb|GU133335.1|	88.37	86	7	3	77	160	18	102	2e-18	 100
513_fungi	gi|196460042|emb|FM173102.1|	81.68	131	14	10	36	160	1	127	2e-18	 100
513_fungi	gi|196459982|emb|FM173042.1|	82.09	134	9	13	36	160	1	128	2e-18	 100
513_fungi	gi|187439719|emb|AM711458.1|	81.68	131	14	8	36	160	1	127	2e-18	 100
513_fungi	gi|187439712|emb|AM711451.1|	87.64	89	8	3	74	160	40	127	2e-18	 100
513_fungi	gi|187439710|emb|AM711449.1|	82.09	134	9	13	36	160	1	128	2e-18	 100
513_fungi	gi|187439708|emb|AM711447.1|	87.64	89	8	3	74	160	40	127	2e-18	 100
513_fungi	gi|187439698|emb|AM711437.1|	81.95	133	10	12	36	160	1	127	2e-18	 100
513_fungi	gi|187439688|emb|AM711427.1|	81.68	131	14	10	36	160	1	127	2e-18	 100
513_fungi	gi|187439665|emb|AM711404.1|	82.09	134	9	12	36	160	1	128	2e-18	 100
513_fungi	gi|187439636|emb|AM711375.1|	81.68	131	14	10	36	160	1	127	2e-18	 100
513_fungi	gi|309386898|gb|HM473146.1|	92.75	69	3	2	94	160	186	254	7e-18	99.0
513_fungi	gi|307716700|gb|HM363376.1|	92.75	69	3	2	94	160	168	236	7e-18	99.0
513_fungi	gi|307716694|gb|HM363370.1|	92.75	69	3	2	94	160	164	232	7e-18	99.0
513_fungi	gi|260595318|gb|GQ981502.1|	93.94	66	2	2	95	160	217	280	7e-18	99.0
513_fungi	gi|260595318|gb|GQ981502.1|	100.00	47	0	0	1	47	14	60	2e-14	87.9
513_fungi	gi|307334364|gb|HM239966.1|	100.00	53	0	0	1	53	23	75	7e-18	99.0
513_fungi	gi|307334221|gb|HM239823.1|	100.00	53	0	0	1	53	23	75	7e-18	99.0
513_fungi	gi|307334193|gb|HM239795.1|	100.00	53	0	0	1	53	23	75	7e-18	99.0
513_fungi	gi|307334182|gb|HM239784.1|	100.00	53	0	0	1	53	23	75	7e-18	99.0
513_fungi	gi|299778189|gb|HM069421.1|	90.79	76	4	3	1	73	175	250	7e-18	99.0
513_fungi	gi|299778189|gb|HM069421.1|	90.62	64	4	2	99	160	305	368	2e-13	84.2
513_fungi	gi|299778134|gb|HM069366.1|	90.79	76	4	3	1	73	176	251	7e-18	99.0
513_fungi	gi|299778134|gb|HM069366.1|	90.62	64	4	2	99	160	306	369	2e-13	84.2
513_fungi	gi|299778131|gb|HM069363.1|	90.79	76	4	3	1	73	176	251	7e-18	99.0
513_fungi	gi|299778131|gb|HM069363.1|	90.62	64	4	2	99	160	306	369	2e-13	84.2
513_fungi	gi|299766308|gb|HM210837.1|	89.87	79	5	3	84	160	4	81	7e-18	99.0
513_fungi	gi|259097516|gb|GQ519814.1|	98.21	56	1	0	105	160	241	296	7e-18	99.0
513_fungi	gi|259097516|gb|GQ519814.1|	100.00	46	0	0	1	46	23	68	6e-14	86.1
513_fungi	gi|259096004|gb|GQ518302.1|	96.61	59	2	0	102	160	251	309	7e-18	99.0
513_fungi	gi|259096004|gb|GQ518302.1|	100.00	46	0	0	1	46	24	69	6e-14	86.1
513_fungi	gi|256575399|gb|GQ376079.1|	92.75	69	3	2	94	160	262	330	7e-18	99.0
513_fungi	gi|256575399|gb|GQ376079.1|	100.00	46	0	0	1	46	9	54	6e-14	86.1
513_fungi	gi|256575398|gb|GQ376078.1|	92.75	69	3	2	94	160	262	330	7e-18	99.0
513_fungi	gi|256575398|gb|GQ376078.1|	100.00	46	0	0	1	46	9	54	6e-14	86.1
513_fungi	gi|256575397|gb|GQ376077.1|	92.75	69	3	2	94	160	262	330	7e-18	99.0
513_fungi	gi|256575397|gb|GQ376077.1|	100.00	46	0	0	1	46	9	54	6e-14	86.1
513_fungi	gi|256575393|gb|GQ376073.1|	96.67	60	1	1	102	160	88	147	7e-18	99.0
513_fungi	gi|226348922|gb|FJ820545.1|	93.94	66	2	2	1	65	6	70	7e-18	99.0
513_fungi	gi|224970430|gb|FJ757976.1|	98.21	56	1	0	105	160	237	292	7e-18	99.0
513_fungi	gi|224970430|gb|FJ757976.1|	97.87	47	0	1	1	46	18	64	3e-12	80.5
513_fungi	gi|219814122|gb|FJ554336.1|	90.79	76	4	3	1	73	314	389	7e-18	99.0
513_fungi	gi|219814122|gb|FJ554336.1|	90.62	64	4	2	99	160	444	507	2e-13	84.2
513_fungi	gi|219814110|gb|FJ554324.1|	90.79	76	4	3	1	73	314	389	7e-18	99.0
513_fungi	gi|219814110|gb|FJ554324.1|	96.00	50	2	0	111	160	458	507	7e-13	82.4
513_fungi	gi|219813713|gb|FJ553927.1|	90.79	76	4	3	1	73	314	389	7e-18	99.0
513_fungi	gi|219813713|gb|FJ553927.1|	90.62	64	4	2	99	160	444	507	2e-13	84.2
513_fungi	gi|219813676|gb|FJ553890.1|	90.79	76	4	3	1	73	314	389	7e-18	99.0
513_fungi	gi|219813676|gb|FJ553890.1|	90.62	64	4	2	99	160	444	507	2e-13	84.2
513_fungi	gi|219813513|gb|FJ553727.1|	90.79	76	4	3	1	73	314	389	7e-18	99.0
513_fungi	gi|219813513|gb|FJ553727.1|	90.62	64	4	2	99	160	444	507	2e-13	84.2
513_fungi	gi|219813397|gb|FJ553611.1|	90.79	76	4	3	1	73	314	389	7e-18	99.0
513_fungi	gi|219813397|gb|FJ553611.1|	90.62	64	4	2	99	160	444	507	2e-13	84.2
513_fungi	gi|219813045|gb|FJ553259.1|	90.79	76	4	3	1	73	314	389	7e-18	99.0
513_fungi	gi|219813045|gb|FJ553259.1|	90.62	64	4	2	99	160	444	507	2e-13	84.2
513_fungi	gi|219812727|gb|FJ552941.1|	90.79	76	4	3	1	73	314	389	7e-18	99.0
513_fungi	gi|219812727|gb|FJ552941.1|	90.62	64	4	2	99	160	444	507	2e-13	84.2
513_fungi	gi|219812563|gb|FJ552777.1|	90.79	76	4	3	1	73	314	389	7e-18	99.0
513_fungi	gi|219812563|gb|FJ552777.1|	90.62	64	4	2	99	160	444	507	2e-13	84.2
513_fungi	gi|218938096|gb|FJ487947.1|	90.79	76	4	3	87	160	153	227	7e-18	99.0
513_fungi	gi|218938092|gb|FJ487943.1|	90.79	76	4	3	87	160	233	307	7e-18	99.0
513_fungi	gi|218938088|gb|FJ487939.1|	90.79	76	4	3	87	160	235	309	7e-18	99.0
513_fungi	gi|148535497|gb|EF568023.1|	96.61	59	2	0	102	160	66	124	7e-18	99.0
513_fungi	gi|145617285|gb|DQ249209.2|	96.61	59	2	0	102	160	66	124	7e-18	99.0
513_fungi	gi|126013151|gb|EF192177.1|	89.87	79	5	3	84	160	4	81	7e-18	99.0
513_fungi	gi|122703803|gb|EF108255.1|	96.61	59	2	0	102	160	61	119	7e-18	99.0
513_fungi	gi|122703801|gb|EF108253.1|	96.61	59	2	0	102	160	61	119	7e-18	99.0
513_fungi	gi|122703796|gb|EF108248.1|	96.61	59	2	0	102	160	61	119	7e-18	99.0
513_fungi	gi|122703795|gb|EF108247.1|	96.61	59	2	0	102	160	61	119	7e-18	99.0
513_fungi	gi|120400531|gb|EF141536.1|	93.94	66	2	2	1	66	10	73	7e-18	99.0
513_fungi	gi|117653046|gb|EF060641.1|	90.79	76	4	3	87	160	558	632	7e-18	99.0
513_fungi	gi|117653046|gb|EF060641.1|	100.00	46	0	0	1	46	308	353	6e-14	86.1
513_fungi	gi|109649167|gb|DQ646686.1|	92.75	69	3	2	94	160	201	269	7e-18	99.0
513_fungi	gi|54288698|gb|AY623809.1|	92.75	69	3	2	94	160	208	276	7e-18	99.0
513_fungi	gi|54288697|gb|AY623808.1|	92.75	69	3	2	94	160	208	276	7e-18	99.0
513_fungi	gi|33285894|gb|AY338969.1|	92.75	69	3	2	94	160	209	277	7e-18	99.0
513_fungi	gi|33285893|gb|AY338968.1|	92.75	69	3	2	94	160	209	277	7e-18	99.0
513_fungi	gi|54402037|gb|AY628331.1|	92.75	69	3	2	94	160	207	275	7e-18	99.0
513_fungi	gi|50512829|gb|AY661440.1|	96.61	59	2	0	102	160	6	64	7e-18	99.0
513_fungi	gi|37728965|gb|AY174819.1|	94.03	67	0	4	1	66	15	78	7e-18	99.0
513_fungi	gi|33355388|gb|AY321473.1|	96.61	59	2	0	102	160	60	118	7e-18	99.0
513_fungi	gi|33355387|gb|AY321472.1|	96.61	59	2	0	102	160	60	118	7e-18	99.0
513_fungi	gi|33355386|gb|AY321471.1|	96.61	59	2	0	102	160	60	118	7e-18	99.0
513_fungi	gi|33355385|gb|AY321470.1|	96.61	59	2	0	102	160	60	118	7e-18	99.0
513_fungi	gi|31746871|gb|AY046213.1|	92.75	69	3	2	94	160	208	276	7e-18	99.0
513_fungi	gi|31746868|gb|AY046210.1|	90.79	76	4	3	87	160	205	279	7e-18	99.0
513_fungi	gi|49642208|emb|CR382124.1|	92.75	69	3	2	94	160	1496804	1496736	7e-18	99.0
513_fungi	gi|49642208|emb|CR382124.1|	92.75	69	3	2	94	160	1505524	1505456	7e-18	99.0
513_fungi	gi|49642208|emb|CR382124.1|	92.75	69	3	2	94	160	1514234	1514166	7e-18	99.0
513_fungi	gi|49642208|emb|CR382124.1|	100.00	46	0	0	1	46	1505777	1505732	6e-14	86.1
513_fungi	gi|49642208|emb|CR382124.1|	97.83	46	1	0	1	46	1497057	1497012	3e-12	80.5
513_fungi	gi|16660297|gb|AF422939.1|	92.75	69	3	2	94	160	240	308	7e-18	99.0
513_fungi	gi|16660297|gb|AF422939.1|	100.00	32	0	0	15	46	1	32	3e-06	60.2
513_fungi	gi|13559279|emb|AJ401718.1|	92.75	69	3	2	94	160	208	276	7e-18	99.0
513_fungi	gi|13559278|emb|AJ401717.1|	92.75	69	3	2	94	160	208	276	7e-18	99.0
513_fungi	gi|13559277|emb|AJ401716.1|	92.75	69	3	2	94	160	208	276	7e-18	99.0
513_fungi	gi|13559276|emb|AJ401715.1|	92.75	69	3	2	94	160	208	276	7e-18	99.0
513_fungi	gi|13559275|emb|AJ401714.1|	92.75	69	3	2	94	160	208	276	7e-18	99.0
513_fungi	gi|13559274|emb|AJ401713.1|	92.75	69	3	2	94	160	208	276	7e-18	99.0
513_fungi	gi|13559273|emb|AJ401712.1|	92.75	69	3	2	94	160	208	276	7e-18	99.0
513_fungi	gi|13559272|emb|AJ401711.1|	92.75	69	3	2	94	160	208	276	7e-18	99.0
513_fungi	gi|13559271|emb|AJ401710.1|	92.75	69	3	2	94	160	208	276	7e-18	99.0
513_fungi	gi|13559270|emb|AJ401709.1|	92.75	69	3	2	94	160	208	276	7e-18	99.0
513_fungi	gi|13559269|emb|AJ401708.1|	92.75	69	3	2	94	160	209	277	7e-18	99.0
513_fungi	gi|13559268|emb|AJ401707.1|	92.75	69	3	2	94	160	208	276	7e-18	99.0
513_fungi	gi|13559267|emb|AJ401706.1|	92.75	69	3	2	94	160	208	276	7e-18	99.0
513_fungi	gi|13559266|emb|AJ401705.1|	92.75	69	3	2	94	160	208	276	7e-18	99.0
513_fungi	gi|13559265|emb|AJ401704.1|	92.75	69	3	2	94	160	208	276	7e-18	99.0
513_fungi	gi|13559264|emb|AJ401703.1|	92.75	69	3	2	94	160	209	277	7e-18	99.0
513_fungi	gi|13559263|emb|AJ401702.1|	92.75	69	3	2	94	160	208	276	7e-18	99.0
513_fungi	gi|3551044|dbj|AB011517.1|	92.75	69	3	2	94	160	208	276	7e-18	99.0
513_fungi	gi|3551043|dbj|AB011516.1|	92.75	69	3	2	94	160	208	276	7e-18	99.0
513_fungi	gi|3551042|dbj|AB011515.1|	92.75	69	3	2	94	160	208	276	7e-18	99.0
513_fungi	gi|3551040|dbj|AB011513.1|	90.79	76	4	3	87	160	205	279	7e-18	99.0
513_fungi	gi|493045|gb|U09324.1|KAU09324	90.67	75	5	2	87	160	206	279	7e-18	99.0
513_fungi	gi|313762847|gb|HQ646008.1|	83.49	109	12	5	56	160	11	117	3e-17	97.1
513_fungi	gi|313762839|gb|HQ646000.1|	83.49	109	12	5	56	160	11	117	3e-17	97.1
513_fungi	gi|313762824|gb|HQ645985.1|	83.49	109	12	5	56	160	12	118	3e-17	97.1
513_fungi	gi|313510874|gb|HQ455113.1|	98.18	55	1	0	106	160	63	117	3e-17	97.1
513_fungi	gi|259104566|gb|GQ517454.1|	95.08	61	3	0	100	160	259	319	3e-17	97.1
513_fungi	gi|259104566|gb|GQ517454.1|	100.00	46	0	0	1	46	15	60	6e-14	86.1
513_fungi	gi|256855545|emb|FN397175.1|	100.00	52	0	0	1	52	23	74	3e-17	97.1
513_fungi	gi|227461155|gb|FJ873581.1|	87.50	88	5	6	75	160	50	133	3e-17	97.1
513_fungi	gi|227460992|gb|FJ873418.1|	92.65	68	3	2	93	160	111	176	3e-17	97.1
513_fungi	gi|227460991|gb|FJ873417.1|	92.65	68	3	2	93	160	109	174	3e-17	97.1
513_fungi	gi|226726639|gb|FJ764992.1|	100.00	52	0	0	1	52	44	95	3e-17	97.1
513_fungi	gi|226348097|gb|FJ654432.1|	98.18	55	1	0	106	160	52	106	3e-17	97.1
513_fungi	gi|224015972|gb|FJ655899.1|	98.18	55	1	0	1	55	8	62	3e-17	97.1
513_fungi	gi|209360555|gb|FJ231439.1|	93.75	64	4	0	97	160	94	157	3e-17	97.1
513_fungi	gi|209360554|gb|FJ231438.1|	93.75	64	4	0	97	160	94	157	3e-17	97.1
513_fungi	gi|208970747|gb|FJ210757.1|	100.00	52	0	0	1	52	1	52	3e-17	97.1
513_fungi	gi|186908908|gb|EU668259.1|	100.00	52	0	0	1	52	24	75	3e-17	97.1
513_fungi	gi|186908896|gb|EU668247.1|	100.00	52	0	0	1	52	13	64	3e-17	97.1
513_fungi	gi|194304343|gb|EU819505.1|	100.00	52	0	0	1	52	23	74	3e-17	97.1
513_fungi	gi|194304255|gb|EU819417.1|	100.00	52	0	0	1	52	23	74	3e-17	97.1
513_fungi	gi|193794811|gb|EU794731.1|	89.74	78	4	4	86	160	183	259	3e-17	97.1
513_fungi	gi|193297391|gb|EU669385.1|	98.21	56	0	1	1	55	23	78	3e-17	97.1
513_fungi	gi|193297391|gb|EU669385.1|	93.75	48	3	0	113	160	231	278	4e-10	73.1
513_fungi	gi|148535574|gb|EF568100.1|	93.75	64	4	0	97	160	154	217	3e-17	97.1
513_fungi	gi|154183695|gb|EU019224.1|	89.74	78	4	4	86	160	235	311	3e-17	97.1
513_fungi	gi|121309192|dbj|AB287313.1|	98.18	55	1	0	106	160	84	138	3e-17	97.1
513_fungi	gi|117574578|gb|DQ911464.1|	93.75	64	4	0	97	160	146	209	3e-17	97.1
513_fungi	gi|117653302|gb|EF060894.1|	98.18	55	1	0	106	160	424	478	3e-17	97.1
513_fungi	gi|90102848|gb|DQ421164.1|	98.18	55	1	0	1	55	23	77	3e-17	97.1
513_fungi	gi|90102847|gb|DQ421163.1|	98.18	55	1	0	1	55	23	77	3e-17	97.1
513_fungi	gi|90102846|gb|DQ421162.1|	98.18	55	1	0	1	55	23	77	3e-17	97.1
513_fungi	gi|90102845|gb|DQ421161.1|	98.18	55	1	0	1	55	23	77	3e-17	97.1
513_fungi	gi|76555903|emb|AJ853772.1|	83.81	105	13	4	59	160	21	124	3e-17	97.1
513_fungi	gi|20502618|gb|AF335925.1|	98.18	55	1	0	106	160	109	163	3e-17	97.1
513_fungi	gi|42541346|gb|AY447033.1|	93.75	64	4	0	97	160	160	223	3e-17	97.1
513_fungi	gi|42541342|gb|AY447029.1|	93.75	64	4	0	97	160	159	222	3e-17	97.1
513_fungi	gi|42541340|gb|AY447027.1|	93.75	64	4	0	97	160	159	222	3e-17	97.1
513_fungi	gi|42541337|gb|AY447024.1|	93.75	64	4	0	97	160	159	222	3e-17	97.1
513_fungi	gi|42541336|gb|AY447023.1|	93.75	64	4	0	97	160	177	240	3e-17	97.1
513_fungi	gi|42541336|gb|AY447023.1|	100.00	35	0	0	16	50	1	35	7e-08	65.8
513_fungi	gi|29365521|gb|AF490397.1|	100.00	52	0	0	1	52	17	68	3e-17	97.1
513_fungi	gi|6683918|gb|AF202912.1|AF202912	100.00	52	0	0	109	160	140	191	3e-17	97.1
513_fungi	gi|4096778|gb|U39820.1|PAU39820	100.00	52	0	0	1	52	72	123	3e-17	97.1
513_fungi	gi|262478690|gb|FJ556815.1|	100.00	51	0	0	1	51	569	619	9e-17	95.3
513_fungi	gi|313762855|gb|HQ646016.1|	83.33	108	13	5	56	160	12	117	9e-17	95.3
513_fungi	gi|322410716|gb|HQ201739.1|	100.00	51	0	0	1	51	24	74	9e-17	95.3
513_fungi	gi|322410714|gb|HQ201737.1|	100.00	51	0	0	1	51	24	74	9e-17	95.3
513_fungi	gi|321151050|gb|HQ667920.1|	100.00	51	0	0	1	51	2	52	9e-17	95.3
513_fungi	gi|321151048|gb|HQ667918.1|	100.00	51	0	0	1	51	2	52	9e-17	95.3
513_fungi	gi|321151046|gb|HQ667916.1|	100.00	51	0	0	1	51	2	52	9e-17	95.3
513_fungi	gi|321151044|gb|HQ667914.1|	100.00	51	0	0	1	51	2	52	9e-17	95.3
513_fungi	gi|321151041|gb|HQ667911.1|	100.00	51	0	0	1	51	2	52	9e-17	95.3
513_fungi	gi|321151039|gb|HQ667909.1|	100.00	51	0	0	1	51	2	52	9e-17	95.3
513_fungi	gi|321151035|gb|HQ667905.1|	100.00	51	0	0	1	51	2	52	9e-17	95.3
513_fungi	gi|321151034|gb|HQ667904.1|	100.00	51	0	0	1	51	2	52	9e-17	95.3
513_fungi	gi|321151033|gb|HQ667903.1|	100.00	51	0	0	1	51	2	52	9e-17	95.3
513_fungi	gi|321151030|gb|HQ667900.1|	100.00	51	0	0	1	51	2	52	9e-17	95.3
513_fungi	gi|321151025|gb|HQ667895.1|	100.00	51	0	0	1	51	2	52	9e-17	95.3
513_fungi	gi|321151022|gb|HQ667892.1|	100.00	51	0	0	1	51	2	52	9e-17	95.3
513_fungi	gi|321151020|gb|HQ667890.1|	100.00	51	0	0	1	51	2	52	9e-17	95.3
513_fungi	gi|321151018|gb|HQ667888.1|	100.00	51	0	0	1	51	2	52	9e-17	95.3
513_fungi	gi|321151017|gb|HQ667887.1|	100.00	51	0	0	1	51	2	52	9e-17	95.3
513_fungi	gi|321151014|gb|HQ667884.1|	100.00	51	0	0	1	51	2	52	9e-17	95.3
513_fungi	gi|321151013|gb|HQ667883.1|	100.00	51	0	0	1	51	2	52	9e-17	95.3
513_fungi	gi|321151012|gb|HQ667882.1|	100.00	51	0	0	1	51	2	52	9e-17	95.3
513_fungi	gi|321151009|gb|HQ667879.1|	100.00	51	0	0	1	51	2	52	9e-17	95.3
513_fungi	gi|321151008|gb|HQ667878.1|	100.00	51	0	0	1	51	2	52	9e-17	95.3
513_fungi	gi|321151007|gb|HQ667877.1|	100.00	51	0	0	1	51	2	52	9e-17	95.3
513_fungi	gi|321151006|gb|HQ667876.1|	100.00	51	0	0	1	51	2	52	9e-17	95.3
513_fungi	gi|321151005|gb|HQ667875.1|	100.00	51	0	0	1	51	2	52	9e-17	95.3
513_fungi	gi|321151004|gb|HQ667874.1|	100.00	51	0	0	1	51	2	52	9e-17	95.3
513_fungi	gi|321151001|gb|HQ667871.1|	100.00	51	0	0	1	51	2	52	9e-17	95.3
513_fungi	gi|321151000|gb|HQ667870.1|	100.00	51	0	0	1	51	2	52	9e-17	95.3
513_fungi	gi|321150998|gb|HQ667868.1|	100.00	51	0	0	1	51	2	52	9e-17	95.3
513_fungi	gi|321150995|gb|HQ667865.1|	100.00	51	0	0	1	51	2	52	9e-17	95.3
513_fungi	gi|321150994|gb|HQ667864.1|	100.00	51	0	0	1	51	2	52	9e-17	95.3
513_fungi	gi|321150993|gb|HQ667863.1|	100.00	51	0	0	1	51	2	52	9e-17	95.3
513_fungi	gi|321150991|gb|HQ667861.1|	100.00	51	0	0	1	51	2	52	9e-17	95.3
513_fungi	gi|321150989|gb|HQ667859.1|	100.00	51	0	0	1	51	2	52	9e-17	95.3
513_fungi	gi|321150988|gb|HQ667858.1|	100.00	51	0	0	1	51	2	52	9e-17	95.3
513_fungi	gi|321150986|gb|HQ667856.1|	100.00	51	0	0	1	51	2	52	9e-17	95.3
513_fungi	gi|321150985|gb|HQ667855.1|	100.00	51	0	0	1	51	2	52	9e-17	95.3
513_fungi	gi|321150984|gb|HQ667854.1|	100.00	51	0	0	1	51	2	52	9e-17	95.3
513_fungi	gi|321150983|gb|HQ667853.1|	100.00	51	0	0	1	51	2	52	9e-17	95.3
513_fungi	gi|321150982|gb|HQ667852.1|	100.00	51	0	0	1	51	2	52	9e-17	95.3
513_fungi	gi|321150981|gb|HQ667851.1|	100.00	51	0	0	1	51	2	52	9e-17	95.3
513_fungi	gi|321150979|gb|HQ667849.1|	100.00	51	0	0	1	51	2	52	9e-17	95.3
513_fungi	gi|321150978|gb|HQ667848.1|	100.00	51	0	0	1	51	2	52	9e-17	95.3
513_fungi	gi|321150975|gb|HQ667845.1|	100.00	51	0	0	1	51	2	52	9e-17	95.3
513_fungi	gi|321150973|gb|HQ667843.1|	100.00	51	0	0	1	51	2	52	9e-17	95.3
513_fungi	gi|321150970|gb|HQ667840.1|	100.00	51	0	0	1	51	2	52	9e-17	95.3
513_fungi	gi|321150967|gb|HQ667837.1|	100.00	51	0	0	1	51	2	52	9e-17	95.3
513_fungi	gi|321150964|gb|HQ667834.1|	100.00	51	0	0	1	51	2	52	9e-17	95.3
513_fungi	gi|321150962|gb|HQ667832.1|	100.00	51	0	0	1	51	2	52	9e-17	95.3
513_fungi	gi|321150948|gb|HQ667818.1|	100.00	51	0	0	1	51	2	52	9e-17	95.3
513_fungi	gi|321150945|gb|HQ667815.1|	100.00	51	0	0	1	51	2	52	9e-17	95.3
513_fungi	gi|321150944|gb|HQ667814.1|	100.00	51	0	0	1	51	2	52	9e-17	95.3
513_fungi	gi|319429277|gb|HQ014731.1|	93.75	64	2	2	99	160	254	317	9e-17	95.3
513_fungi	gi|319429277|gb|HQ014731.1|	100.00	39	0	0	8	46	1	39	4e-10	73.1
513_fungi	gi|319429275|gb|HQ014729.1|	93.75	64	2	2	99	160	212	275	9e-17	95.3
513_fungi	gi|317383335|gb|HQ631014.1|	100.00	51	0	0	1	51	24	74	9e-17	95.3
513_fungi	gi|317415411|emb|FM200661.1|	96.49	57	2	0	104	160	186	242	9e-17	95.3
513_fungi	gi|315666512|gb|HQ204720.1|	100.00	51	0	0	1	51	24	74	9e-17	95.3
513_fungi	gi|310814102|gb|GU174395.1|	100.00	51	0	0	1	51	23	73	9e-17	95.3
513_fungi	gi|310814102|gb|GU174395.1|	97.92	48	1	0	113	160	242	289	2e-13	84.2
513_fungi	gi|302371693|gb|HM230655.1|	100.00	51	0	0	1	51	25	75	9e-17	95.3
513_fungi	gi|299766404|gb|GU327385.1|	98.15	54	1	0	1	54	20	73	9e-17	95.3
513_fungi	gi|226938504|gb|FJ827242.1|	100.00	51	0	0	1	51	23	73	9e-17	95.3
513_fungi	gi|226938503|gb|FJ827241.1|	100.00	51	0	0	1	51	23	73	9e-17	95.3
513_fungi	gi|226938501|gb|FJ827239.1|	100.00	51	0	0	1	51	23	73	9e-17	95.3
513_fungi	gi|315436480|gb|HQ602677.1|	95.08	61	1	2	1	60	24	83	9e-17	95.3
513_fungi	gi|315436472|gb|HQ602669.1|	95.08	61	1	2	1	60	14	73	9e-17	95.3
513_fungi	gi|299777257|gb|GQ921810.1|	100.00	51	0	0	1	51	1	51	9e-17	95.3
513_fungi	gi|311990422|gb|GU199420.1|	96.49	57	2	0	104	160	176	232	9e-17	95.3
513_fungi	gi|312264459|gb|GU817205.1|	100.00	51	0	0	1	51	23	73	9e-17	95.3
513_fungi	gi|312264351|gb|GU817097.1|	100.00	51	0	0	1	51	23	73	9e-17	95.3
513_fungi	gi|312264350|gb|GU817096.1|	100.00	51	0	0	1	51	20	70	9e-17	95.3
513_fungi	gi|312264349|gb|GU817095.1|	100.00	51	0	0	1	51	23	73	9e-17	95.3
513_fungi	gi|312264348|gb|GU817094.1|	100.00	51	0	0	1	51	20	70	9e-17	95.3
513_fungi	gi|312264347|gb|GU817093.1|	100.00	51	0	0	1	51	23	73	9e-17	95.3
513_fungi	gi|312264346|gb|GU817092.1|	100.00	51	0	0	1	51	23	73	9e-17	95.3
513_fungi	gi|312264345|gb|GU817091.1|	100.00	51	0	0	1	51	23	73	9e-17	95.3
513_fungi	gi|312264344|gb|GU817090.1|	100.00	51	0	0	1	51	23	73	9e-17	95.3
513_fungi	gi|312264343|gb|GU817089.1|	100.00	51	0	0	1	51	23	73	9e-17	95.3
513_fungi	gi|312264341|gb|GU817087.1|	100.00	51	0	0	1	51	23	73	9e-17	95.3
513_fungi	gi|269148113|gb|FJ803968.1|	100.00	51	0	0	1	51	23	73	9e-17	95.3
513_fungi	gi|269148110|gb|FJ803965.1|	100.00	51	0	0	1	51	23	73	9e-17	95.3
513_fungi	gi|269148089|gb|FJ803944.1|	100.00	51	0	0	1	51	24	74	9e-17	95.3
513_fungi	gi|311221586|gb|HQ396523.1|	93.75	64	2	2	99	160	269	332	9e-17	95.3
513_fungi	gi|311221586|gb|HQ396523.1|	100.00	46	0	0	1	46	9	54	6e-14	86.1
513_fungi	gi|310754267|gb|HQ212157.1|	100.00	51	0	0	1	51	23	73	9e-17	95.3
513_fungi	gi|310754267|gb|HQ212157.1|	93.44	61	2	2	100	160	271	329	4e-15	89.8
513_fungi	gi|310754254|gb|HQ212144.1|	100.00	51	0	0	1	51	23	73	9e-17	95.3
513_fungi	gi|310754254|gb|HQ212144.1|	93.44	61	2	2	100	160	271	329	4e-15	89.8
513_fungi	gi|310754251|gb|HQ212141.1|	100.00	51	0	0	1	51	23	73	9e-17	95.3
513_fungi	gi|310754251|gb|HQ212141.1|	93.44	61	2	2	100	160	271	329	4e-15	89.8
513_fungi	gi|310754237|gb|HQ212127.1|	100.00	51	0	0	1	51	23	73	9e-17	95.3
513_fungi	gi|310754237|gb|HQ212127.1|	93.44	61	2	2	100	160	271	329	4e-15	89.8
513_fungi	gi|310754234|gb|HQ212124.1|	100.00	51	0	0	1	51	23	73	9e-17	95.3
513_fungi	gi|310754234|gb|HQ212124.1|	93.44	61	2	2	100	160	271	329	4e-15	89.8
513_fungi	gi|310754209|gb|HQ212099.1|	100.00	51	0	0	1	51	23	73	9e-17	95.3
513_fungi	gi|310754209|gb|HQ212099.1|	93.44	61	2	2	100	160	271	329	4e-15	89.8
513_fungi	gi|310754200|gb|HQ212090.1|	100.00	51	0	0	1	51	23	73	9e-17	95.3
513_fungi	gi|310754200|gb|HQ212090.1|	93.44	61	2	2	100	160	271	329	4e-15	89.8
513_fungi	gi|310754193|gb|HQ212083.1|	100.00	51	0	0	1	51	23	73	9e-17	95.3
513_fungi	gi|310754193|gb|HQ212083.1|	93.44	61	2	2	100	160	271	329	4e-15	89.8
513_fungi	gi|310754183|gb|HQ212073.1|	100.00	51	0	0	1	51	23	73	9e-17	95.3
513_fungi	gi|310754183|gb|HQ212073.1|	93.44	61	2	2	100	160	271	329	4e-15	89.8
513_fungi	gi|310754182|gb|HQ212072.1|	100.00	51	0	0	1	51	23	73	9e-17	95.3
513_fungi	gi|310754182|gb|HQ212072.1|	93.44	61	2	2	100	160	271	329	4e-15	89.8
513_fungi	gi|310754179|gb|HQ212069.1|	100.00	51	0	0	1	51	23	73	9e-17	95.3
513_fungi	gi|310754179|gb|HQ212069.1|	93.44	61	2	2	100	160	271	329	4e-15	89.8
513_fungi	gi|310754171|gb|HQ212061.1|	100.00	51	0	0	1	51	23	73	9e-17	95.3
513_fungi	gi|310754171|gb|HQ212061.1|	93.44	61	2	2	100	160	271	329	4e-15	89.8
513_fungi	gi|310754165|gb|HQ212055.1|	100.00	51	0	0	1	51	23	73	9e-17	95.3
513_fungi	gi|310754165|gb|HQ212055.1|	93.44	61	2	2	100	160	271	329	4e-15	89.8
513_fungi	gi|310754162|gb|HQ212052.1|	100.00	51	0	0	1	51	23	73	9e-17	95.3
513_fungi	gi|310754162|gb|HQ212052.1|	93.44	61	2	2	100	160	271	329	4e-15	89.8
513_fungi	gi|310754157|gb|HQ212047.1|	100.00	51	0	0	1	51	23	73	9e-17	95.3
513_fungi	gi|310754157|gb|HQ212047.1|	93.44	61	2	2	100	160	271	329	4e-15	89.8
513_fungi	gi|310754147|gb|HQ212037.1|	100.00	51	0	0	1	51	23	73	9e-17	95.3
513_fungi	gi|310754147|gb|HQ212037.1|	91.80	61	3	2	100	160	271	329	2e-13	84.2
513_fungi	gi|310754115|gb|HQ212005.1|	100.00	51	0	0	1	51	23	73	9e-17	95.3
513_fungi	gi|310754115|gb|HQ212005.1|	93.44	61	2	2	100	160	271	329	4e-15	89.8
513_fungi	gi|310754110|gb|HQ212000.1|	100.00	51	0	0	1	51	23	73	9e-17	95.3
513_fungi	gi|310754110|gb|HQ212000.1|	93.44	61	2	2	100	160	271	329	4e-15	89.8
513_fungi	gi|310754109|gb|HQ211999.1|	100.00	51	0	0	1	51	23	73	9e-17	95.3
513_fungi	gi|310754109|gb|HQ211999.1|	93.44	61	2	2	100	160	271	329	4e-15	89.8
513_fungi	gi|310754107|gb|HQ211997.1|	100.00	51	0	0	1	51	23	73	9e-17	95.3
513_fungi	gi|310754090|gb|HQ211980.1|	100.00	51	0	0	1	51	23	73	9e-17	95.3
513_fungi	gi|310754090|gb|HQ211980.1|	93.44	61	2	2	100	160	271	329	4e-15	89.8
513_fungi	gi|310754064|gb|HQ211954.1|	100.00	51	0	0	1	51	23	73	9e-17	95.3
513_fungi	gi|310754064|gb|HQ211954.1|	93.44	61	2	2	100	160	271	329	4e-15	89.8
513_fungi	gi|310754059|gb|HQ211949.1|	100.00	51	0	0	1	51	23	73	9e-17	95.3
513_fungi	gi|310754059|gb|HQ211949.1|	93.44	61	2	2	100	160	272	330	4e-15	89.8
513_fungi	gi|310754051|gb|HQ211941.1|	100.00	51	0	0	1	51	23	73	9e-17	95.3
513_fungi	gi|310754051|gb|HQ211941.1|	93.44	61	2	2	100	160	271	329	4e-15	89.8
513_fungi	gi|310754047|gb|HQ211937.1|	100.00	51	0	0	1	51	23	73	9e-17	95.3
513_fungi	gi|310754047|gb|HQ211937.1|	93.44	61	2	2	100	160	271	329	4e-15	89.8
513_fungi	gi|310754046|gb|HQ211936.1|	100.00	51	0	0	1	51	23	73	9e-17	95.3
513_fungi	gi|310754046|gb|HQ211936.1|	93.44	61	2	2	100	160	271	329	4e-15	89.8
513_fungi	gi|310754039|gb|HQ211929.1|	100.00	51	0	0	1	51	23	73	9e-17	95.3
513_fungi	gi|310754039|gb|HQ211929.1|	93.44	61	2	2	100	160	271	329	4e-15	89.8
513_fungi	gi|310754037|gb|HQ211927.1|	100.00	51	0	0	1	51	23	73	9e-17	95.3
513_fungi	gi|310754037|gb|HQ211927.1|	93.44	61	2	2	100	160	271	329	4e-15	89.8
513_fungi	gi|310656961|gb|HQ260178.1|	100.00	51	0	0	1	51	22	72	9e-17	95.3
513_fungi	gi|310656961|gb|HQ260178.1|	91.67	60	2	3	101	160	266	322	3e-12	80.5
513_fungi	gi|310277670|gb|HM450996.1|	93.75	64	3	1	97	160	202	264	9e-17	95.3
513_fungi	gi|310277670|gb|HM450996.1|	98.00	50	1	0	1	50	9	58	2e-14	87.9
513_fungi	gi|309386900|gb|HM473148.1|	93.75	64	2	2	99	160	196	259	9e-17	95.3
513_fungi	gi|309386899|gb|HM473147.1|	93.75	64	2	2	99	160	198	261	9e-17	95.3
513_fungi	gi|309386896|gb|HM473144.1|	93.75	64	2	2	99	160	182	245	9e-17	95.3
513_fungi	gi|307716706|gb|HM363382.1|	93.75	64	2	2	99	160	138	201	9e-17	95.3
513_fungi	gi|307716705|gb|HM363381.1|	93.75	64	2	2	99	160	170	233	9e-17	95.3
513_fungi	gi|307716704|gb|HM363380.1|	93.75	64	2	2	99	160	98	161	9e-17	95.3
513_fungi	gi|307716703|gb|HM363379.1|	93.75	64	2	2	99	160	169	232	9e-17	95.3
513_fungi	gi|307716702|gb|HM363378.1|	93.75	64	2	2	99	160	171	234	9e-17	95.3
513_fungi	gi|307716701|gb|HM363377.1|	93.75	64	2	2	99	160	170	233	9e-17	95.3
513_fungi	gi|307716699|gb|HM363375.1|	93.75	64	2	2	99	160	170	233	9e-17	95.3
513_fungi	gi|307716698|gb|HM363374.1|	93.75	64	2	2	99	160	170	233	9e-17	95.3
513_fungi	gi|307716697|gb|HM363373.1|	93.75	64	2	2	99	160	101	164	9e-17	95.3
513_fungi	gi|307716696|gb|HM363372.1|	93.75	64	2	2	99	160	133	196	9e-17	95.3
513_fungi	gi|307716695|gb|HM363371.1|	93.75	64	2	2	99	160	169	232	9e-17	95.3
513_fungi	gi|300078048|gb|GU053971.1|	98.15	54	1	0	1	54	6	59	9e-17	95.3
513_fungi	gi|300077972|gb|GU053895.1|	98.15	54	1	0	1	54	145	198	9e-17	95.3
513_fungi	gi|300077964|gb|GU053887.1|	98.15	54	1	0	1	54	145	198	9e-17	95.3
513_fungi	gi|299767805|gb|GQ999397.1|	98.15	54	1	0	1	54	6	59	9e-17	95.3
513_fungi	gi|307334614|gb|HM240216.1|	100.00	51	0	0	1	51	23	73	9e-17	95.3
513_fungi	gi|307334614|gb|HM240216.1|	95.83	48	2	0	113	160	283	330	9e-12	78.7
513_fungi	gi|307334546|gb|HM240148.1|	100.00	51	0	0	1	51	23	73	9e-17	95.3
513_fungi	gi|306846795|gb|HQ021967.1|	93.75	64	3	1	97	160	148	210	9e-17	95.3
513_fungi	gi|305670463|gb|HQ126639.1|	96.49	57	2	0	1	57	23	79	9e-17	95.3
513_fungi	gi|305670404|gb|HQ126580.1|	100.00	51	0	0	1	51	23	73	9e-17	95.3
513_fungi	gi|305670008|gb|HQ126184.1|	100.00	51	0	0	1	51	23	73	9e-17	95.3
513_fungi	gi|305669927|gb|HQ126103.1|	100.00	51	0	0	1	51	23	73	9e-17	95.3
513_fungi	gi|305669834|gb|HQ126010.1|	100.00	51	0	0	1	51	23	73	9e-17	95.3
513_fungi	gi|305669713|gb|HQ125889.1|	100.00	51	0	0	1	51	23	73	9e-17	95.3
513_fungi	gi|305669710|gb|HQ125886.1|	95.08	61	2	1	1	61	23	82	9e-17	95.3
513_fungi	gi|305669688|gb|HQ125864.1|	100.00	51	0	0	1	51	23	73	9e-17	95.3
513_fungi	gi|305669658|gb|HQ125834.1|	100.00	51	0	0	1	51	23	73	9e-17	95.3
513_fungi	gi|305669624|gb|HQ125800.1|	100.00	51	0	0	1	51	23	73	9e-17	95.3
513_fungi	gi|305669612|gb|HQ125788.1|	98.15	54	1	0	1	54	23	76	9e-17	95.3
513_fungi	gi|305669592|gb|HQ125768.1|	100.00	51	0	0	1	51	23	73	9e-17	95.3
513_fungi	gi|305669222|gb|HQ125398.1|	100.00	51	0	0	1	51	23	73	9e-17	95.3
513_fungi	gi|305669042|gb|HQ125218.1|	100.00	51	0	0	1	51	23	73	9e-17	95.3
513_fungi	gi|305669027|gb|HQ125203.1|	100.00	51	0	0	1	51	23	73	9e-17	95.3
513_fungi	gi|305669006|gb|HQ125182.1|	100.00	51	0	0	1	51	23	73	9e-17	95.3
513_fungi	gi|305668881|gb|HQ125057.1|	100.00	51	0	0	1	51	23	73	9e-17	95.3
513_fungi	gi|305668881|gb|HQ125057.1|	95.65	46	2	0	114	159	176	221	1e-10	75.0
513_fungi	gi|305668785|gb|HQ124961.1|	100.00	51	0	0	1	51	23	73	9e-17	95.3
513_fungi	gi|305668777|gb|HQ124953.1|	100.00	51	0	0	1	51	23	73	9e-17	95.3
513_fungi	gi|305668777|gb|HQ124953.1|	95.65	46	2	0	114	159	179	224	1e-10	75.0
513_fungi	gi|305668545|gb|HQ124721.1|	100.00	51	0	0	1	51	22	72	9e-17	95.3
513_fungi	gi|305668383|gb|HQ124559.1|	100.00	51	0	0	1	51	23	73	9e-17	95.3
513_fungi	gi|305668349|gb|HQ124525.1|	100.00	51	0	0	1	51	23	73	9e-17	95.3
513_fungi	gi|305668268|gb|HQ124444.1|	100.00	51	0	0	1	51	23	73	9e-17	95.3
513_fungi	gi|305668183|gb|HQ124359.1|	100.00	51	0	0	1	51	23	73	9e-17	95.3
513_fungi	gi|305668166|gb|HQ124342.1|	96.55	58	1	1	1	57	23	80	9e-17	95.3
513_fungi	gi|304333721|gb|HM999937.1|	89.61	77	5	3	86	160	1	76	9e-17	95.3
513_fungi	gi|302126257|emb|FN610948.1|	100.00	51	0	0	1	51	23	73	9e-17	95.3
513_fungi	gi|302064290|emb|FR667978.1|	96.49	57	2	0	104	160	189	245	9e-17	95.3
513_fungi	gi|301070390|gb|HM627165.1|	85.15	101	6	9	67	160	104	202	9e-17	95.3
513_fungi	gi|283490063|gb|FJ904978.1|	98.15	54	1	0	1	54	21	74	9e-17	95.3
513_fungi	gi|283490062|gb|FJ904977.1|	98.15	54	1	0	1	54	25	78	9e-17	95.3
513_fungi	gi|283490061|gb|FJ904976.1|	98.15	54	1	0	1	54	17	70	9e-17	95.3
513_fungi	gi|283490060|gb|FJ904975.1|	98.15	54	1	0	1	54	7	60	9e-17	95.3
513_fungi	gi|283490059|gb|FJ904974.1|	98.15	54	1	0	1	54	7	60	9e-17	95.3
513_fungi	gi|300394355|gb|GU187551.1|	100.00	51	0	0	1	51	13	63	9e-17	95.3
513_fungi	gi|300394354|gb|GU187550.1|	100.00	51	0	0	1	51	24	74	9e-17	95.3
513_fungi	gi|300394353|gb|GU187549.1|	100.00	51	0	0	1	51	13	63	9e-17	95.3
513_fungi	gi|300394352|gb|GU187548.1|	100.00	51	0	0	1	51	24	74	9e-17	95.3
513_fungi	gi|300394326|gb|GU187522.1|	100.00	51	0	0	1	51	15	65	9e-17	95.3
513_fungi	gi|299764741|gb|GU084262.1|	96.55	58	0	2	1	56	14	71	9e-17	95.3
513_fungi	gi|299764740|gb|GU084261.1|	96.55	58	0	2	1	56	9	66	9e-17	95.3
513_fungi	gi|299778147|gb|HM069379.1|	100.00	51	0	0	1	51	9	59	9e-17	95.3
513_fungi	gi|299778147|gb|HM069379.1|	97.92	48	1	0	113	160	229	276	2e-13	84.2
513_fungi	gi|299778145|gb|HM069377.1|	100.00	51	0	0	1	51	182	232	9e-17	95.3
513_fungi	gi|299778145|gb|HM069377.1|	97.92	48	1	0	113	160	402	449	2e-13	84.2
513_fungi	gi|299480206|gb|HM146868.1|	100.00	51	0	0	1	51	30	80	9e-17	95.3
513_fungi	gi|299480203|gb|HM146865.1|	100.00	51	0	0	1	51	19	69	9e-17	95.3
513_fungi	gi|297373220|emb|FN428881.1|	93.75	64	3	1	97	160	202	264	9e-17	95.3
513_fungi	gi|297373220|emb|FN428881.1|	100.00	50	0	0	1	50	10	59	3e-16	93.5
513_fungi	gi|295850414|gb|HM123141.1|	96.49	57	2	0	104	160	193	249	9e-17	95.3
513_fungi	gi|295850360|gb|HM123087.1|	96.49	57	2	0	104	160	193	249	9e-17	95.3
513_fungi	gi|295850319|gb|HM123046.1|	96.49	57	2	0	104	160	193	249	9e-17	95.3
513_fungi	gi|295831541|gb|GU269910.1|	100.00	51	0	0	1	51	14	64	9e-17	95.3
513_fungi	gi|295291461|gb|GU990362.1|	96.49	57	2	0	1	57	12	68	9e-17	95.3
513_fungi	gi|229577545|gb|FJ378748.1|	100.00	51	0	0	1	51	12	62	9e-17	95.3
513_fungi	gi|229577544|gb|FJ378747.1|	100.00	51	0	0	1	51	30	80	9e-17	95.3
513_fungi	gi|229577543|gb|FJ378746.1|	100.00	51	0	0	1	51	16	66	9e-17	95.3
513_fungi	gi|229577541|gb|FJ378744.1|	100.00	51	0	0	1	51	13	63	9e-17	95.3
513_fungi	gi|229577539|gb|FJ378742.1|	100.00	51	0	0	1	51	26	76	9e-17	95.3
513_fungi	gi|229577538|gb|FJ378741.1|	100.00	51	0	0	1	51	26	76	9e-17	95.3
513_fungi	gi|292453836|gb|GU721972.1|	100.00	51	0	0	1	51	18	68	9e-17	95.3
513_fungi	gi|292453834|gb|GU721970.1|	100.00	51	0	0	1	51	4	54	9e-17	95.3
513_fungi	gi|292453833|gb|GU721969.1|	100.00	51	0	0	1	51	15	65	9e-17	95.3
513_fungi	gi|292453452|gb|GU721588.1|	100.00	51	0	0	1	51	23	73	9e-17	95.3
513_fungi	gi|292453451|gb|GU721587.1|	100.00	51	0	0	1	51	23	73	9e-17	95.3
513_fungi	gi|292453450|gb|GU721586.1|	100.00	51	0	0	1	51	23	73	9e-17	95.3
513_fungi	gi|292453449|gb|GU721585.1|	100.00	51	0	0	1	51	23	73	9e-17	95.3
513_fungi	gi|292453448|gb|GU721584.1|	100.00	51	0	0	1	51	23	73	9e-17	95.3
513_fungi	gi|289547145|gb|GU452516.1|	100.00	51	0	0	1	51	91	141	9e-17	95.3
513_fungi	gi|264670148|gb|FJ769296.1|	100.00	51	0	0	1	51	9	59	9e-17	95.3
513_fungi	gi|289183334|gb|GQ329043.1|	96.55	58	0	2	1	56	25	82	9e-17	95.3
513_fungi	gi|289183332|gb|GQ329041.1|	96.55	58	0	2	1	56	4	61	9e-17	95.3
513_fungi	gi|288188850|gb|GU356035.1|	93.75	64	2	2	1	64	180	241	9e-17	95.3
513_fungi	gi|284813975|gb|GU366695.1|	100.00	51	0	0	1	51	23	73	9e-17	95.3
513_fungi	gi|284468670|gb|GU328617.1|	100.00	51	0	0	1	51	23	73	9e-17	95.3
513_fungi	gi|284468670|gb|GU328617.1|	91.94	62	2	3	100	160	235	294	2e-13	84.2
513_fungi	gi|284468669|gb|GU328616.1|	93.85	65	1	3	1	63	23	86	9e-17	95.3
513_fungi	gi|284468665|gb|GU328612.1|	93.85	65	1	3	1	63	23	86	9e-17	95.3
513_fungi	gi|284468646|gb|GU328593.1|	100.00	51	0	0	1	51	23	73	9e-17	95.3
513_fungi	gi|284468579|gb|GU328526.1|	98.15	54	1	0	1	54	23	76	9e-17	95.3
513_fungi	gi|284468554|gb|GU328501.1|	100.00	51	0	0	1	51	23	73	9e-17	95.3
513_fungi	gi|283857186|gb|GU256755.1|	93.75	64	2	2	99	160	221	284	9e-17	95.3
513_fungi	gi|217323363|gb|EU910925.1|	100.00	51	0	0	1	51	303	353	9e-17	95.3
513_fungi	gi|263043797|gb|GQ485607.1|	98.15	54	1	0	107	160	149	202	9e-17	95.3
513_fungi	gi|269853678|gb|GU134508.1|	98.15	54	1	0	1	54	25	78	9e-17	95.3
513_fungi	gi|269853678|gb|GU134508.1|	93.75	48	3	0	113	160	283	330	4e-10	73.1
513_fungi	gi|262410968|gb|GU133333.1|	98.15	54	1	0	107	160	44	97	9e-17	95.3
513_fungi	gi|262410966|gb|GU133331.1|	93.75	64	2	2	99	160	208	271	9e-17	95.3
513_fungi	gi|262410964|gb|GU133329.1|	93.75	64	2	2	99	160	216	279	9e-17	95.3
513_fungi	gi|262233615|gb|GU109480.1|	98.15	54	1	0	107	160	149	202	9e-17	95.3
513_fungi	gi|262233614|gb|GU109479.1|	98.15	54	1	0	107	160	149	202	9e-17	95.3
513_fungi	gi|260207005|emb|FN356079.1|	100.00	51	0	0	1	51	1809	1859	9e-17	95.3
513_fungi	gi|225572510|gb|FJ208854.1|	98.15	54	1	0	1	54	1	54	9e-17	95.3
513_fungi	gi|259109155|gb|GQ512633.1|	96.49	57	2	0	104	160	244	300	9e-17	95.3
513_fungi	gi|259109155|gb|GQ512633.1|	100.00	46	0	0	1	46	15	60	6e-14	86.1
513_fungi	gi|259109133|gb|GQ512611.1|	96.49	57	2	0	104	160	252	308	9e-17	95.3
513_fungi	gi|259109133|gb|GQ512611.1|	100.00	46	0	0	1	46	23	68	6e-14	86.1
513_fungi	gi|259109043|gb|GQ512521.1|	96.49	57	2	0	104	160	250	306	9e-17	95.3
513_fungi	gi|259109043|gb|GQ512521.1|	100.00	46	0	0	1	46	23	68	6e-14	86.1
513_fungi	gi|259108902|gb|GQ512380.1|	96.49	57	2	0	104	160	247	303	9e-17	95.3
513_fungi	gi|259108902|gb|GQ512380.1|	100.00	46	0	0	1	46	18	63	6e-14	86.1
513_fungi	gi|259108733|gb|GQ512211.1|	96.49	57	2	0	104	160	251	307	9e-17	95.3
513_fungi	gi|259108733|gb|GQ512211.1|	100.00	46	0	0	1	46	23	68	6e-14	86.1
513_fungi	gi|259108655|gb|GQ512133.1|	96.49	57	2	0	104	160	252	308	9e-17	95.3
513_fungi	gi|259108655|gb|GQ512133.1|	97.83	46	1	0	1	46	23	68	3e-12	80.5
513_fungi	gi|259108497|gb|GQ511975.1|	96.49	57	2	0	104	160	252	308	9e-17	95.3
513_fungi	gi|259108497|gb|GQ511975.1|	100.00	46	0	0	1	46	23	68	6e-14	86.1
513_fungi	gi|259108397|gb|GQ511875.1|	96.49	57	2	0	104	160	252	308	9e-17	95.3
513_fungi	gi|259108397|gb|GQ511875.1|	100.00	46	0	0	1	46	23	68	6e-14	86.1
513_fungi	gi|259108259|gb|GQ511737.1|	96.49	57	2	0	104	160	244	300	9e-17	95.3
513_fungi	gi|259108259|gb|GQ511737.1|	100.00	46	0	0	1	46	15	60	6e-14	86.1
513_fungi	gi|259107968|gb|GQ511446.1|	96.49	57	2	0	104	160	251	307	9e-17	95.3
513_fungi	gi|259107968|gb|GQ511446.1|	100.00	46	0	0	1	46	23	68	6e-14	86.1
513_fungi	gi|259107671|gb|GQ511149.1|	96.49	57	2	0	104	160	252	308	9e-17	95.3
513_fungi	gi|259107671|gb|GQ511149.1|	100.00	46	0	0	1	46	23	68	6e-14	86.1
513_fungi	gi|259107566|gb|GQ511044.1|	96.49	57	2	0	104	160	250	306	9e-17	95.3
513_fungi	gi|259107566|gb|GQ511044.1|	100.00	46	0	0	1	46	23	68	6e-14	86.1
513_fungi	gi|259107392|gb|GQ510870.1|	96.49	57	2	0	104	160	251	307	9e-17	95.3
513_fungi	gi|259107392|gb|GQ510870.1|	100.00	46	0	0	1	46	23	68	6e-14	86.1
513_fungi	gi|259107357|gb|GQ510835.1|	96.49	57	2	0	104	160	250	306	9e-17	95.3
513_fungi	gi|259107357|gb|GQ510835.1|	100.00	46	0	0	1	46	23	68	6e-14	86.1
513_fungi	gi|259107355|gb|GQ510833.1|	96.49	57	2	0	104	160	252	308	9e-17	95.3
513_fungi	gi|259107355|gb|GQ510833.1|	100.00	46	0	0	1	46	23	68	6e-14	86.1
513_fungi	gi|259107343|gb|GQ510821.1|	96.49	57	2	0	104	160	252	308	9e-17	95.3
513_fungi	gi|259107343|gb|GQ510821.1|	100.00	46	0	0	1	46	23	68	6e-14	86.1
513_fungi	gi|259107217|gb|GQ510695.1|	100.00	51	0	0	1	51	23	73	9e-17	95.3
513_fungi	gi|259107177|gb|GQ510655.1|	96.49	57	2	0	104	160	252	308	9e-17	95.3
513_fungi	gi|259107177|gb|GQ510655.1|	100.00	46	0	0	1	46	23	68	6e-14	86.1
513_fungi	gi|259107104|gb|GQ510582.1|	96.49	57	2	0	104	160	252	308	9e-17	95.3
513_fungi	gi|259107104|gb|GQ510582.1|	100.00	46	0	0	1	46	23	68	6e-14	86.1
513_fungi	gi|259107035|gb|GQ510513.1|	96.49	57	2	0	104	160	246	302	9e-17	95.3
513_fungi	gi|259107035|gb|GQ510513.1|	100.00	46	0	0	1	46	18	63	6e-14	86.1
513_fungi	gi|259106977|gb|GQ510455.1|	100.00	51	0	0	1	51	23	73	9e-17	95.3
513_fungi	gi|259106957|gb|GQ510435.1|	96.49	57	2	0	104	160	251	307	9e-17	95.3
513_fungi	gi|259106957|gb|GQ510435.1|	100.00	46	0	0	1	46	23	68	6e-14	86.1
513_fungi	gi|259106800|gb|GQ510278.1|	100.00	51	0	0	1	51	22	72	9e-17	95.3
513_fungi	gi|259106614|gb|GQ510092.1|	96.49	57	2	0	104	160	251	307	9e-17	95.3
513_fungi	gi|259106614|gb|GQ510092.1|	100.00	46	0	0	1	46	23	68	6e-14	86.1
513_fungi	gi|259106502|gb|GQ509980.1|	96.49	57	2	0	104	160	252	308	9e-17	95.3
513_fungi	gi|259106502|gb|GQ509980.1|	100.00	46	0	0	1	46	24	69	6e-14	86.1
513_fungi	gi|259106248|gb|GQ509726.1|	96.49	57	2	0	104	160	251	307	9e-17	95.3
513_fungi	gi|259106248|gb|GQ509726.1|	100.00	46	0	0	1	46	23	68	6e-14	86.1
513_fungi	gi|259106177|gb|GQ509655.1|	96.49	57	2	0	104	160	252	308	9e-17	95.3
513_fungi	gi|259106177|gb|GQ509655.1|	100.00	46	0	0	1	46	23	68	6e-14	86.1
513_fungi	gi|259105942|gb|GQ509420.1|	96.49	57	2	0	104	160	251	307	9e-17	95.3
513_fungi	gi|259105942|gb|GQ509420.1|	100.00	46	0	0	1	46	23	68	6e-14	86.1
513_fungi	gi|259105791|gb|GQ509269.1|	96.49	57	2	0	104	160	250	306	9e-17	95.3
513_fungi	gi|259105791|gb|GQ509269.1|	100.00	46	0	0	1	46	23	68	6e-14	86.1
513_fungi	gi|259105675|gb|GQ509153.1|	96.49	57	2	0	104	160	250	306	9e-17	95.3
513_fungi	gi|259105675|gb|GQ509153.1|	100.00	46	0	0	1	46	23	68	6e-14	86.1
513_fungi	gi|259105238|gb|GQ508716.1|	100.00	51	0	0	1	51	23	73	9e-17	95.3
513_fungi	gi|259105015|gb|GQ508493.1|	96.49	57	2	0	104	160	253	309	9e-17	95.3
513_fungi	gi|259105015|gb|GQ508493.1|	100.00	46	0	0	1	46	24	69	6e-14	86.1
513_fungi	gi|259104898|gb|GQ508376.1|	96.49	57	2	0	104	160	251	307	9e-17	95.3
513_fungi	gi|259104898|gb|GQ508376.1|	100.00	46	0	0	1	46	23	68	6e-14	86.1
513_fungi	gi|259104880|gb|GQ508358.1|	96.49	57	2	0	104	160	252	308	9e-17	95.3
513_fungi	gi|259104880|gb|GQ508358.1|	100.00	46	0	0	1	46	23	68	6e-14	86.1
513_fungi	gi|259104746|gb|GQ517634.1|	96.49	57	2	0	104	160	251	307	9e-17	95.3
513_fungi	gi|259104746|gb|GQ517634.1|	100.00	46	0	0	1	46	22	67	6e-14	86.1
513_fungi	gi|259104644|gb|GQ517532.1|	96.49	57	2	0	104	160	251	307	9e-17	95.3
513_fungi	gi|259104644|gb|GQ517532.1|	100.00	46	0	0	1	46	23	68	6e-14	86.1
513_fungi	gi|259104542|gb|GQ517430.1|	100.00	51	0	0	1	51	23	73	9e-17	95.3
513_fungi	gi|259104531|gb|GQ517419.1|	96.49	57	2	0	104	160	252	308	9e-17	95.3
513_fungi	gi|259104531|gb|GQ517419.1|	100.00	46	0	0	1	46	23	68	6e-14	86.1
513_fungi	gi|259104462|gb|GQ517350.1|	96.49	57	2	0	104	160	251	307	9e-17	95.3
513_fungi	gi|259104462|gb|GQ517350.1|	100.00	46	0	0	1	46	23	68	6e-14	86.1
513_fungi	gi|259104434|gb|GQ517322.1|	96.49	57	2	0	104	160	232	288	9e-17	95.3
513_fungi	gi|259104434|gb|GQ517322.1|	100.00	46	0	0	1	46	15	60	6e-14	86.1