# BLASTN 2.2.23+
# Query:  112_fungi
# Database: /home/rohinis/blastdb/blast_nt/nt
# Fields: query id, subject id, % identity, alignment length, mismatches, gap opens, q. start, q. end, s. start, s. end, evalue, bit score
# 531 hits found
112_fungi	gi|220682987|gb|FJ548825.1|	99.34	302	0	2	1	300	9	310	4e-152	 545
112_fungi	gi|209171375|gb|FJ176551.1|	99.33	300	0	2	3	300	32	331	6e-151	 542
112_fungi	gi|218473057|emb|FM177684.1|	98.68	302	2	2	1	300	177	478	1e-148	 534
112_fungi	gi|209171376|gb|FJ176552.1|	98.68	302	2	2	1	300	30	331	1e-148	 534
112_fungi	gi|187439661|emb|AM711400.1|	99.25	267	0	2	36	300	1	267	1e-132	 481
112_fungi	gi|257449985|gb|GQ469970.1|	94.46	307	6	8	1	300	9	311	5e-127	 462
112_fungi	gi|218473068|emb|FM177695.1|	94.46	307	6	8	1	300	177	479	5e-127	 462
112_fungi	gi|218473050|emb|FM177677.1|	94.46	307	6	8	1	300	177	479	5e-127	 462
112_fungi	gi|27531298|dbj|AB085929.1|	94.46	307	6	8	1	300	9	311	5e-127	 462
112_fungi	gi|51340268|gb|AY706335.1|	94.46	307	6	8	1	300	1679	1981	5e-127	 462
112_fungi	gi|224994094|emb|FM177691.2|	94.44	306	6	8	2	300	1	302	2e-126	 460
112_fungi	gi|220682989|gb|FJ548827.1|	94.14	307	6	9	1	300	9	310	2e-125	 457
112_fungi	gi|156480939|gb|EU096294.1|	94.10	305	6	9	1	297	24	324	3e-124	 453
112_fungi	gi|288816941|gb|GU441538.1|	94.16	291	6	8	17	300	1	287	4e-118	 433
112_fungi	gi|57157606|dbj|AB176633.1|	98.35	242	0	4	61	300	4	243	8e-115	 422
112_fungi	gi|294821894|gb|GU953214.1|	92.83	293	9	9	15	300	1	288	1e-112	 414
112_fungi	gi|170194|gb|J02745.1|TLAIRS	92.98	285	9	8	23	300	1	281	8e-110	 405
112_fungi	gi|403191|gb|L14515.1|TALRR58SB	98.27	231	0	4	73	300	19	248	1e-108	 401
112_fungi	gi|302310508|gb|HM134141.1|	93.75	272	6	8	36	300	1	268	1e-107	 398
112_fungi	gi|187439662|emb|AM711401.1|	93.75	272	6	8	36	300	1	268	1e-107	 398
112_fungi	gi|187439663|emb|AM711402.1|	93.38	272	7	8	36	300	1	268	6e-106	 392
112_fungi	gi|218473062|emb|FM177689.1|	90.26	308	15	12	1	300	177	477	8e-105	 388
112_fungi	gi|257362345|gb|GQ466591.1|	93.49	261	6	8	47	300	1	257	2e-101	 377
112_fungi	gi|257362344|gb|GQ466590.1|	93.49	261	6	8	47	300	1	257	2e-101	 377
112_fungi	gi|255964676|gb|GQ368368.1|	93.49	261	6	8	47	300	1	257	2e-101	 377
112_fungi	gi|5019728|gb|AF096278.1|AF096278	93.18	264	6	8	44	300	1	259	2e-101	 377
112_fungi	gi|6634706|emb|AJ131864.1|	93.49	261	6	8	47	300	1	257	2e-101	 377
112_fungi	gi|146454423|gb|EF550970.1|	92.80	264	7	9	44	300	9	267	8e-100	 372
112_fungi	gi|288187230|gb|GQ996519.1|	93.39	242	6	8	66	300	17	255	4e-93	 350
112_fungi	gi|299767884|gb|GQ999476.1|	93.58	218	6	6	89	300	1	216	1e-83	 318
112_fungi	gi|90102920|gb|DQ421236.1|	80.19	308	25	26	1	300	23	302	1e-47	 198
112_fungi	gi|403195|gb|L14525.1|TALRR58SG	80.13	307	27	25	1	300	7	286	1e-47	 198
112_fungi	gi|291498480|gb|GU566292.1|	79.87	308	29	27	1	300	23	305	2e-46	 195
112_fungi	gi|298402967|gb|GU934583.1|	79.87	308	27	26	1	300	23	303	7e-46	 193
112_fungi	gi|257122695|gb|FJ528722.1|	79.93	304	24	28	1	300	1	271	9e-45	 189
112_fungi	gi|639441|gb|U18353.1|TCU18353	79.74	306	25	25	1	300	7	281	3e-44	 187
112_fungi	gi|218563992|gb|EU917127.1|	79.80	302	24	28	1	298	1	269	1e-43	 185
112_fungi	gi|290760147|gb|GQ169326.1|	79.10	311	31	29	1	300	1710	1997	4e-43	 183
112_fungi	gi|237625998|gb|FJ878633.1|	78.90	308	37	22	1	300	9	296	4e-43	 183
112_fungi	gi|30144549|gb|AY256855.1|	79.41	306	27	29	1	300	2395	2670	4e-43	 183
112_fungi	gi|403196|gb|L14526.1|TALRR58SH	79.48	307	26	28	1	300	7	283	4e-43	 183
112_fungi	gi|8051764|emb|AJ280013.1|	79.08	306	30	24	1	300	5	282	1e-42	 182
112_fungi	gi|56069223|gb|AY656631.1|	78.96	309	29	27	1	300	11	292	2e-41	 178
112_fungi	gi|8051765|emb|AJ280014.1|	78.90	308	30	26	1	300	1	281	2e-41	 178
112_fungi	gi|639449|gb|U18361.1|BNU18361	79.02	305	30	30	1	300	8	283	2e-41	 178
112_fungi	gi|290760139|gb|GQ169318.1|	78.83	307	32	28	1	300	10	290	7e-41	 176
112_fungi	gi|226928263|gb|FJ778670.1|	78.88	303	30	24	1	300	15	286	2e-40	 174
112_fungi	gi|215513569|gb|FJ456351.1|	79.08	306	24	29	1	300	11	282	2e-40	 174
112_fungi	gi|198385959|gb|FJ009566.1|	79.08	306	24	29	1	300	11	282	2e-40	 174
112_fungi	gi|198385958|gb|FJ009565.1|	79.08	306	24	29	1	300	11	282	2e-40	 174
112_fungi	gi|198385950|gb|FJ009557.1|	79.08	306	24	29	1	300	13	284	2e-40	 174
112_fungi	gi|198385948|gb|FJ009555.1|	79.08	306	24	29	1	300	12	283	2e-40	 174
112_fungi	gi|198385946|gb|FJ009553.1|	79.08	306	24	29	1	300	12	283	2e-40	 174
112_fungi	gi|154800379|dbj|AB353909.1|	79.08	306	24	29	1	300	10	281	2e-40	 174
112_fungi	gi|154800378|dbj|AB353908.1|	79.08	306	24	29	1	300	10	281	2e-40	 174
112_fungi	gi|154799933|dbj|AB353919.1|	79.08	306	24	29	1	300	10	281	2e-40	 174
112_fungi	gi|154799932|dbj|AB353918.1|	79.08	306	24	29	1	300	10	281	2e-40	 174
112_fungi	gi|154799931|dbj|AB353917.1|	79.08	306	24	29	1	300	10	281	2e-40	 174
112_fungi	gi|154799930|dbj|AB353916.1|	79.08	306	24	29	1	300	10	281	2e-40	 174
112_fungi	gi|154799929|dbj|AB353915.1|	79.08	306	24	29	1	300	10	281	2e-40	 174
112_fungi	gi|154799928|dbj|AB353914.1|	79.08	306	24	29	1	300	10	281	2e-40	 174
112_fungi	gi|154799927|dbj|AB353913.1|	79.08	306	24	29	1	300	10	281	2e-40	 174
112_fungi	gi|154799926|dbj|AB353912.1|	79.08	306	24	29	1	300	10	281	2e-40	 174
112_fungi	gi|154799925|dbj|AB353911.1|	79.08	306	24	29	1	300	10	281	2e-40	 174
112_fungi	gi|154799924|dbj|AB353910.1|	79.08	306	24	29	1	300	10	281	2e-40	 174
112_fungi	gi|90102937|gb|DQ421253.1|	79.08	306	24	32	1	300	23	294	2e-40	 174
112_fungi	gi|305669369|gb|HQ125545.1|	78.57	308	33	28	1	300	24	306	9e-40	 172
112_fungi	gi|171904040|gb|EU551199.1|	78.64	309	29	27	1	300	11	291	3e-39	 171
112_fungi	gi|291498405|gb|GU566217.1|	78.50	307	31	27	1	300	23	301	1e-38	 169
112_fungi	gi|284520046|gb|GU055994.1|	78.76	306	25	31	1	300	49	320	1e-38	 169
112_fungi	gi|257122716|gb|FJ528743.1|	78.83	307	24	30	1	300	1	273	1e-38	 169
112_fungi	gi|258618719|gb|GQ461907.1|	78.50	307	31	27	1	300	9	287	1e-38	 169
112_fungi	gi|226929918|gb|FJ780325.1|	78.55	303	32	24	1	300	15	287	1e-38	 169
112_fungi	gi|226927724|gb|FJ778131.1|	78.88	303	25	29	1	300	18	284	1e-38	 169
112_fungi	gi|224038252|gb|FJ643581.1|	78.90	308	21	33	1	300	202	473	1e-38	 169
112_fungi	gi|198385957|gb|FJ009564.1|	78.88	303	24	29	4	300	15	283	1e-38	 169
112_fungi	gi|198385956|gb|FJ009563.1|	78.88	303	24	29	4	300	14	282	1e-38	 169
112_fungi	gi|198385955|gb|FJ009562.1|	78.88	303	24	29	4	300	14	282	1e-38	 169
112_fungi	gi|198385947|gb|FJ009554.1|	78.88	303	24	29	4	300	15	283	1e-38	 169
112_fungi	gi|198385945|gb|FJ009552.1|	78.88	303	24	29	4	300	13	281	1e-38	 169
112_fungi	gi|198385944|gb|FJ009551.1|	78.88	303	24	29	4	300	14	282	1e-38	 169
112_fungi	gi|162136059|gb|EU273527.1|	78.83	307	24	33	1	300	9	281	1e-38	 169
112_fungi	gi|300684714|gb|GU565133.1|	78.81	302	25	30	3	300	1	267	4e-38	 167
112_fungi	gi|300684711|gb|GU565130.1|	78.50	307	29	29	3	300	1	279	4e-38	 167
112_fungi	gi|310770514|gb|HQ026749.1|	78.46	311	27	29	1	300	134	415	4e-38	 167
112_fungi	gi|299767730|gb|GQ999322.1|	78.29	304	34	26	1	300	6	281	4e-38	 167
112_fungi	gi|299767727|gb|GQ999319.1|	78.29	304	34	26	1	300	6	281	4e-38	 167
112_fungi	gi|299778178|gb|HM069410.1|	78.10	306	37	26	1	300	177	458	4e-38	 167
112_fungi	gi|298356935|emb|FN868482.1|	78.43	306	30	30	1	300	24	299	4e-38	 167
112_fungi	gi|270303627|gb|GU183170.1|	78.46	311	27	29	1	300	8	289	4e-38	 167
112_fungi	gi|270303621|gb|GU183164.1|	78.46	311	27	29	1	300	8	289	4e-38	 167
112_fungi	gi|254681507|gb|FJ537125.1|	79.00	300	22	33	8	300	3	268	4e-38	 167
112_fungi	gi|219813631|gb|FJ553845.1|	78.10	306	37	26	1	300	316	597	4e-38	 167
112_fungi	gi|299777200|gb|GQ921753.1|	78.18	307	34	23	1	300	1	281	1e-37	 165
112_fungi	gi|284813951|gb|GU366671.1|	78.03	305	38	26	1	300	23	303	1e-37	 165
112_fungi	gi|284813950|gb|GU366670.1|	78.03	305	38	26	1	300	23	303	1e-37	 165
112_fungi	gi|281335545|gb|GU212865.1|	78.62	304	25	30	1	300	11	278	1e-37	 165
112_fungi	gi|255995282|dbj|AB293968.1|	78.41	301	31	24	1	300	1540	1807	1e-37	 165
112_fungi	gi|317383342|gb|HQ631021.1|	78.18	307	32	27	1	300	24	302	5e-37	 163
112_fungi	gi|310770511|gb|HQ026746.1|	78.18	307	32	27	1	300	133	411	5e-37	 163
112_fungi	gi|303303460|gb|HM992524.1|	78.50	307	24	32	1	300	14	285	5e-37	 163
112_fungi	gi|299790609|gb|HM461909.1|	78.69	305	22	33	4	300	15	284	5e-37	 163
112_fungi	gi|291498430|gb|GU566242.1|	78.18	307	32	27	1	300	23	301	5e-37	 163
112_fungi	gi|270303632|gb|GU183175.1|	78.22	303	33	24	1	300	8	280	5e-37	 163
112_fungi	gi|258618721|gb|GQ461909.1|	78.18	307	32	27	1	300	9	287	5e-37	 163
112_fungi	gi|258618720|gb|GQ461908.1|	78.18	307	32	27	1	300	9	287	5e-37	 163
112_fungi	gi|258618717|gb|GQ461905.1|	78.18	307	32	27	1	300	9	287	5e-37	 163
112_fungi	gi|239509246|gb|GQ120968.1|	78.18	307	32	27	1	300	25	303	5e-37	 163
112_fungi	gi|237626077|gb|FJ878717.1|	78.18	307	32	27	1	300	9	287	5e-37	 163
112_fungi	gi|237626076|gb|FJ878716.1|	78.18	307	32	27	1	300	9	287	5e-37	 163
112_fungi	gi|237626075|gb|FJ878715.1|	78.18	307	32	27	1	300	9	287	5e-37	 163
112_fungi	gi|237626074|gb|FJ878714.1|	78.18	307	32	27	1	300	9	287	5e-37	 163
112_fungi	gi|237626073|gb|FJ878713.1|	78.18	307	32	27	1	300	9	287	5e-37	 163
112_fungi	gi|237626072|gb|FJ878712.1|	78.18	307	32	27	1	300	9	287	5e-37	 163
112_fungi	gi|237626071|gb|FJ878711.1|	78.18	307	32	27	1	300	9	287	5e-37	 163
112_fungi	gi|237626070|gb|FJ878710.1|	78.18	307	32	27	1	300	9	287	5e-37	 163
112_fungi	gi|237626069|gb|FJ878709.1|	78.18	307	32	27	1	300	9	287	5e-37	 163
112_fungi	gi|237626068|gb|FJ878708.1|	78.18	307	32	27	1	300	9	287	5e-37	 163
112_fungi	gi|237626067|gb|FJ878707.1|	78.18	307	32	27	1	300	9	287	5e-37	 163
112_fungi	gi|237626066|gb|FJ878706.1|	78.18	307	32	27	1	300	9	287	5e-37	 163
112_fungi	gi|237626065|gb|FJ878704.1|	78.18	307	32	27	1	300	9	287	5e-37	 163
112_fungi	gi|237626064|gb|FJ878703.1|	78.18	307	32	27	1	300	9	287	5e-37	 163
112_fungi	gi|237626063|gb|FJ878702.1|	78.18	307	32	27	1	300	9	287	5e-37	 163
112_fungi	gi|237626062|gb|FJ878701.1|	78.18	307	32	27	1	300	9	287	5e-37	 163
112_fungi	gi|237626061|gb|FJ878700.1|	78.18	307	32	27	1	300	9	287	5e-37	 163
112_fungi	gi|237626060|gb|FJ878699.1|	78.18	307	32	27	1	300	9	287	5e-37	 163
112_fungi	gi|237626059|gb|FJ878698.1|	78.18	307	32	27	1	300	9	287	5e-37	 163
112_fungi	gi|237626058|gb|FJ878697.1|	78.18	307	32	27	1	300	9	287	5e-37	 163
112_fungi	gi|237626057|gb|FJ878696.1|	78.18	307	32	27	1	300	9	287	5e-37	 163
112_fungi	gi|237626056|gb|FJ878695.1|	78.18	307	32	27	1	300	9	287	5e-37	 163
112_fungi	gi|237626055|gb|FJ878694.1|	78.18	307	32	27	1	300	9	287	5e-37	 163
112_fungi	gi|237626054|gb|FJ878693.1|	78.18	307	32	27	1	300	9	287	5e-37	 163
112_fungi	gi|237626053|gb|FJ878692.1|	78.18	307	32	27	1	300	9	287	5e-37	 163
112_fungi	gi|237626052|gb|FJ878691.1|	78.18	307	32	27	1	300	9	287	5e-37	 163
112_fungi	gi|237626051|gb|FJ878690.1|	78.18	307	32	27	1	300	9	287	5e-37	 163
112_fungi	gi|237626050|gb|FJ878689.1|	78.18	307	32	27	1	300	9	287	5e-37	 163
112_fungi	gi|237626049|gb|FJ878688.1|	78.18	307	32	27	1	300	9	287	5e-37	 163
112_fungi	gi|237626048|gb|FJ878687.1|	78.18	307	32	27	1	300	9	287	5e-37	 163
112_fungi	gi|237626047|gb|FJ878686.1|	78.18	307	32	27	1	300	9	287	5e-37	 163
112_fungi	gi|237626046|gb|FJ878685.1|	78.18	307	32	27	1	300	9	287	5e-37	 163
112_fungi	gi|237626045|gb|FJ878684.1|	78.18	307	32	27	1	300	9	287	5e-37	 163
112_fungi	gi|237626044|gb|FJ878683.1|	78.18	307	32	27	1	300	9	287	5e-37	 163
112_fungi	gi|237626043|gb|FJ878682.1|	78.32	309	28	28	1	300	9	287	5e-37	 163
112_fungi	gi|226349181|gb|FJ820804.1|	78.18	307	32	27	1	300	6	284	5e-37	 163
112_fungi	gi|218454072|gb|FJ478096.1|	78.18	307	32	27	1	300	9	287	5e-37	 163
112_fungi	gi|161408456|dbj|AB369900.1|	78.32	309	28	28	1	300	9	287	5e-37	 163
112_fungi	gi|161408453|dbj|AB369897.1|	78.18	307	32	27	1	300	9	287	5e-37	 163
112_fungi	gi|134305050|gb|EF488446.1|	78.74	301	23	29	5	300	1	265	5e-37	 163
112_fungi	gi|21666977|gb|AF455542.1|	78.18	307	32	27	1	300	3	281	5e-37	 163
112_fungi	gi|21666976|gb|AF455541.1|	78.32	309	28	28	1	300	11	289	5e-37	 163
112_fungi	gi|21666973|gb|AF455538.1|	78.32	309	28	28	1	300	11	289	5e-37	 163
112_fungi	gi|21666969|gb|AF455534.1|	78.18	307	32	27	1	300	3	281	5e-37	 163
112_fungi	gi|21666908|gb|AF455475.1|	78.18	307	32	27	1	300	3	281	5e-37	 163
112_fungi	gi|21666907|gb|AF455474.1|	78.18	307	32	27	1	300	3	281	5e-37	 163
112_fungi	gi|21666906|gb|AF455473.1|	78.18	307	32	27	1	300	3	281	5e-37	 163
112_fungi	gi|21666897|gb|AF455465.1|	78.18	307	32	27	1	300	3	281	5e-37	 163
112_fungi	gi|21666860|gb|AF455431.1|	78.18	307	32	27	1	300	3	281	5e-37	 163
112_fungi	gi|639442|gb|U18354.1|TFU18354	78.43	306	27	31	1	300	8	280	5e-37	 163
112_fungi	gi|291498473|gb|GU566285.1|	78.43	306	25	31	1	300	23	293	2e-36	 161
112_fungi	gi|291498418|gb|GU566230.1|	78.10	306	31	30	1	300	23	298	2e-36	 161
112_fungi	gi|224973843|gb|FJ761389.1|	78.10	306	31	30	1	300	15	290	2e-36	 161
112_fungi	gi|193298788|gb|EU807118.1|	78.00	300	37	26	1	295	4	279	2e-36	 161
112_fungi	gi|156145890|gb|EU076949.1|	78.10	306	31	30	1	300	10	285	2e-36	 161
112_fungi	gi|21666978|gb|AF455543.1|	78.10	306	31	30	1	300	3	278	2e-36	 161
112_fungi	gi|300684727|gb|GU565146.1|	78.15	302	30	26	1	300	10	277	7e-36	 159
112_fungi	gi|300684712|gb|GU565131.1|	78.22	303	28	30	3	300	1	270	7e-36	 159
112_fungi	gi|300684683|gb|GU565102.1|	78.36	305	25	31	1	300	10	278	7e-36	 159
112_fungi	gi|300684682|gb|GU565101.1|	78.36	305	25	31	1	300	10	278	7e-36	 159
112_fungi	gi|300684681|gb|GU565100.1|	78.36	305	25	31	1	300	10	278	7e-36	 159
112_fungi	gi|317383375|gb|HQ631054.1|	78.06	310	28	25	1	300	24	303	7e-36	 159
112_fungi	gi|291498471|gb|GU566283.1|	78.15	302	31	26	1	300	23	291	7e-36	 159
112_fungi	gi|239509256|gb|GQ120978.1|	77.92	308	32	28	1	300	25	304	7e-36	 159
112_fungi	gi|226927518|gb|FJ777925.1|	78.29	304	26	30	1	300	15	282	7e-36	 159
112_fungi	gi|224970773|gb|FJ758319.1|	78.10	306	30	30	1	300	15	289	7e-36	 159
112_fungi	gi|77377415|gb|DQ178937.1|	78.36	305	25	31	1	300	25	293	7e-36	 159
112_fungi	gi|18252595|gb|AF459727.1|AF459727	78.14	311	27	30	1	300	1	281	7e-36	 159
112_fungi	gi|639443|gb|U18355.1|NFU18355	77.92	308	31	26	1	300	3	281	7e-36	 159
112_fungi	gi|300684710|gb|GU565129.1|	78.15	302	28	30	4	300	1	269	2e-35	 158
112_fungi	gi|317383363|gb|HQ631042.1|	78.25	308	23	33	1	300	24	295	2e-35	 158
112_fungi	gi|317383328|gb|HQ631007.1|	78.18	307	25	32	1	300	24	295	2e-35	 158
112_fungi	gi|317184217|gb|HQ649974.1|	78.06	310	27	30	1	300	1	279	2e-35	 158
112_fungi	gi|312205544|gb|HM535371.1|	78.25	308	23	33	1	300	24	295	2e-35	 158
112_fungi	gi|300078140|gb|GU054063.1|	78.18	307	25	31	1	300	6	277	2e-35	 158
112_fungi	gi|300078060|gb|GU053983.1|	78.18	307	25	30	1	300	6	277	2e-35	 158
112_fungi	gi|307748588|gb|AF380354.2|	78.18	307	25	32	1	300	5	276	2e-35	 158
112_fungi	gi|298356936|emb|FN868483.1|	78.18	307	25	32	1	300	23	294	2e-35	 158
112_fungi	gi|291498469|gb|GU566281.1|	78.29	304	25	31	1	300	23	289	2e-35	 158
112_fungi	gi|291498439|gb|GU566251.1|	78.18	307	25	32	1	300	23	294	2e-35	 158
112_fungi	gi|291498433|gb|GU566245.1|	78.25	308	23	33	1	300	23	294	2e-35	 158
112_fungi	gi|291498407|gb|GU566219.1|	78.18	307	25	32	1	300	23	294	2e-35	 158
112_fungi	gi|291498404|gb|GU566216.1|	78.25	308	23	33	1	300	23	294	2e-35	 158
112_fungi	gi|291498403|gb|GU566215.1|	78.18	307	25	32	1	300	23	294	2e-35	 158
112_fungi	gi|291498398|gb|GU566210.1|	78.18	307	25	32	1	300	23	294	2e-35	 158
112_fungi	gi|291498395|gb|GU566207.1|	78.18	307	25	32	1	300	23	294	2e-35	 158
112_fungi	gi|291498394|gb|GU566206.1|	78.29	304	25	31	1	300	23	289	2e-35	 158
112_fungi	gi|291498390|gb|GU566202.1|	78.25	308	23	33	1	300	23	294	2e-35	 158
112_fungi	gi|291498388|gb|GU566200.1|	78.25	308	23	33	1	300	23	294	2e-35	 158
112_fungi	gi|291498386|gb|GU566198.1|	78.18	307	25	32	1	300	23	294	2e-35	 158
112_fungi	gi|291498385|gb|GU566197.1|	78.25	308	23	33	1	300	23	294	2e-35	 158
112_fungi	gi|238636872|dbj|AB505424.1|	78.18	307	25	32	1	300	242	513	2e-35	 158
112_fungi	gi|228015644|gb|FJ524295.1|	77.67	318	32	31	1	300	23	319	2e-35	 158
112_fungi	gi|226331183|gb|FJ791143.1|	78.07	301	31	27	7	300	2	274	2e-35	 158
112_fungi	gi|224974466|gb|FJ762012.1|	77.85	307	32	30	1	300	15	292	2e-35	 158
112_fungi	gi|223016908|gb|FJ624264.1|	78.06	310	27	30	1	300	24	302	2e-35	 158
112_fungi	gi|218938080|gb|FJ487931.1|	78.18	307	25	31	1	300	24	295	2e-35	 158
112_fungi	gi|218938072|gb|FJ487923.1|	78.18	307	25	31	1	300	15	286	2e-35	 158
112_fungi	gi|215490343|gb|FJ441618.1|	78.25	308	23	33	1	300	12	283	2e-35	 158
112_fungi	gi|209171205|gb|FJ214371.1|	77.96	304	32	27	4	300	14	289	2e-35	 158
112_fungi	gi|163963343|gb|EU330619.1|	78.18	307	25	32	1	300	25	296	2e-35	 158
112_fungi	gi|157418070|gb|EU139476.1|	77.96	304	32	27	4	300	13	288	2e-35	 158
112_fungi	gi|90102947|gb|DQ421263.1|	78.29	304	25	31	1	300	23	289	2e-35	 158
112_fungi	gi|18252597|gb|AF459729.1|AF459729	78.06	310	27	29	1	300	9	287	2e-35	 158
112_fungi	gi|300684726|gb|GU565145.1|	78.00	300	30	26	3	300	1	266	9e-35	 156
112_fungi	gi|300684725|gb|GU565144.1|	78.00	300	31	26	3	300	1	267	9e-35	 156
112_fungi	gi|300684724|gb|GU565143.1|	78.00	300	31	26	3	300	1	267	9e-35	 156
112_fungi	gi|300684716|gb|GU565135.1|	78.15	302	26	30	3	300	1	266	9e-35	 156
112_fungi	gi|300252540|gb|GQ851855.1|	78.03	305	28	26	1	300	6	276	9e-35	 156
112_fungi	gi|300252466|gb|GQ851781.1|	78.10	306	26	31	1	300	6	276	9e-35	 156
112_fungi	gi|300252465|gb|GQ851780.1|	78.10	306	26	31	1	300	6	276	9e-35	 156
112_fungi	gi|300252464|gb|GQ851779.1|	78.10	306	26	31	1	300	3	273	9e-35	 156
112_fungi	gi|300252463|gb|GQ851778.1|	78.10	306	26	31	1	300	6	276	9e-35	 156
112_fungi	gi|299778222|gb|HM069454.1|	78.10	306	26	31	1	300	178	448	9e-35	 156
112_fungi	gi|293629600|gb|GU724348.1|	78.10	306	26	31	1	300	1	271	9e-35	 156
112_fungi	gi|293629599|gb|GU724347.1|	78.10	306	26	31	1	300	1	271	9e-35	 156
112_fungi	gi|283483458|emb|FM999061.1|	77.89	303	32	27	5	300	1	275	9e-35	 156
112_fungi	gi|259106609|gb|GQ510087.1|	78.10	306	26	31	1	300	15	285	9e-35	 156
112_fungi	gi|256575424|gb|GQ376104.1|	78.10	306	26	31	1	300	9	279	9e-35	 156
112_fungi	gi|217273150|gb|EU888927.1|	78.18	307	23	33	2	300	1	271	9e-35	 156
112_fungi	gi|223016905|gb|FJ624261.1|	78.10	306	26	31	1	300	16	286	9e-35	 156
112_fungi	gi|218938075|gb|FJ487926.1|	78.10	306	26	31	1	300	11	281	9e-35	 156
112_fungi	gi|215490354|gb|FJ441629.1|	78.18	307	23	33	2	300	1	271	9e-35	 156
112_fungi	gi|169639295|gb|EU497950.1|	77.56	303	38	25	1	300	9	284	9e-35	 156
112_fungi	gi|162415969|gb|EU301662.1|	78.10	306	26	31	1	300	27	297	9e-35	 156
112_fungi	gi|162415940|gb|EU301633.1|	78.10	306	26	31	1	300	27	297	9e-35	 156
112_fungi	gi|82468521|gb|DQ267827.1|	78.10	306	26	31	1	300	128	398	9e-35	 156
112_fungi	gi|300684723|gb|GU565142.1|	77.81	302	32	26	1	300	10	278	3e-34	 154
112_fungi	gi|300684722|gb|GU565141.1|	77.81	302	32	26	1	300	10	278	3e-34	 154
112_fungi	gi|300684720|gb|GU565139.1|	78.15	302	25	31	3	300	1	265	3e-34	 154
112_fungi	gi|317383361|gb|HQ631040.1|	78.03	305	26	31	1	300	24	292	3e-34	 154
112_fungi	gi|284813965|gb|GU366685.1|	77.38	305	40	26	1	300	23	303	3e-34	 154
112_fungi	gi|283483455|emb|FM999058.1|	77.81	302	32	27	6	300	1	274	3e-34	 154
112_fungi	gi|283483454|emb|FM999057.1|	77.81	302	32	27	6	300	1	274	3e-34	 154
112_fungi	gi|242263590|gb|GQ241286.1|	77.93	299	30	26	4	300	1	265	3e-34	 154
112_fungi	gi|226973986|gb|FJ844610.1|	77.81	302	32	27	6	300	13	286	3e-34	 154
112_fungi	gi|226929012|gb|FJ779419.1|	77.96	304	27	30	1	300	10	277	3e-34	 154
112_fungi	gi|223016898|gb|FJ624254.1|	78.03	305	26	29	1	300	15	283	3e-34	 154
112_fungi	gi|220682996|gb|FJ548834.1|	77.92	308	27	27	1	300	9	283	3e-34	 154
112_fungi	gi|220682988|gb|FJ548826.1|	77.81	320	23	30	1	300	9	300	3e-34	 154
112_fungi	gi|219812788|gb|FJ553002.1|	77.96	304	27	30	1	300	316	583	3e-34	 154
112_fungi	gi|209171355|gb|FJ176531.1|	77.92	308	27	27	1	300	30	304	3e-34	 154
112_fungi	gi|94450438|gb|DQ480346.1|	78.18	307	21	34	3	300	1	270	3e-34	 154
112_fungi	gi|300684691|gb|GU565110.1|	77.96	304	26	31	3	300	1	269	1e-33	 152
112_fungi	gi|312205546|gb|HM535373.1|	77.85	307	27	31	1	300	25	297	1e-33	 152
112_fungi	gi|300252495|gb|GQ851810.1|	77.78	306	29	28	1	300	6	278	1e-33	 152
112_fungi	gi|300252493|gb|GQ851808.1|	77.78	306	29	28	1	300	6	278	1e-33	 152
112_fungi	gi|300078139|gb|GU054062.1|	77.92	308	24	35	1	300	6	277	1e-33	 152
112_fungi	gi|298402978|gb|GU934594.1|	77.81	302	30	27	1	300	23	289	1e-33	 152
112_fungi	gi|291498451|gb|GU566263.1|	77.81	302	30	27	1	300	23	289	1e-33	 152
112_fungi	gi|291498428|gb|GU566240.1|	77.60	308	31	28	1	300	23	300	1e-33	 152
112_fungi	gi|291498427|gb|GU566239.1|	78.10	306	22	33	1	300	23	289	1e-33	 152
112_fungi	gi|291498424|gb|GU566236.1|	78.10	306	22	33	1	300	23	289	1e-33	 152
112_fungi	gi|223016914|gb|FJ624270.1|	77.85	307	27	31	1	300	24	296	1e-33	 152
112_fungi	gi|223016910|gb|FJ624266.1|	77.85	307	26	31	1	300	25	296	1e-33	 152
112_fungi	gi|209969441|dbj|AB468053.1|	77.96	304	26	31	1	300	9	275	1e-33	 152
112_fungi	gi|169639303|gb|EU497958.1|	77.78	306	29	28	1	300	9	281	1e-33	 152
112_fungi	gi|18252598|gb|AF459730.1|AF459730	77.67	309	29	28	2	300	1	279	1e-33	 152
112_fungi	gi|322410726|gb|HQ201749.1|	86.39	147	9	11	1	145	24	161	4e-33	 150
112_fungi	gi|300684715|gb|GU565134.1|	77.96	304	24	33	3	300	1	267	4e-33	 150
112_fungi	gi|317184097|gb|HQ649854.1|	77.85	307	24	33	1	300	1	270	4e-33	 150
112_fungi	gi|317184096|gb|HQ649853.1|	77.85	307	24	33	1	300	1	270	4e-33	 150
112_fungi	gi|317184095|gb|HQ649852.1|	77.85	307	24	33	1	300	1	270	4e-33	 150
112_fungi	gi|299767728|gb|GQ999320.1|	77.85	307	25	31	1	300	6	276	4e-33	 150
112_fungi	gi|300872444|gb|HM537074.1|	77.70	305	28	27	1	300	23	292	4e-33	 150
112_fungi	gi|297613926|gb|HM053477.1|	77.89	303	26	31	4	300	16	283	4e-33	 150
112_fungi	gi|283483456|emb|FM999059.1|	77.67	300	32	27	8	300	1	272	4e-33	 150
112_fungi	gi|270303631|gb|GU183174.1|	77.78	306	27	31	1	300	9	279	4e-33	 150
112_fungi	gi|262118035|dbj|AB479317.1|	77.56	303	32	25	1	300	9	278	4e-33	 150
112_fungi	gi|259094750|gb|GQ526456.1|	77.60	308	29	31	1	300	16	291	4e-33	 150
112_fungi	gi|258618718|gb|GQ461906.1|	77.56	312	29	30	1	300	9	291	4e-33	 150
112_fungi	gi|238636871|dbj|AB505423.1|	77.85	307	25	33	1	300	243	513	4e-33	 150
112_fungi	gi|224971883|gb|FJ759429.1|	77.78	306	27	31	1	300	15	285	4e-33	 150
112_fungi	gi|145386891|gb|EF491160.1|	77.70	305	28	29	1	300	1683	1952	4e-33	 150
112_fungi	gi|21666840|gb|AF455412.1|	77.70	305	28	30	1	300	3	272	4e-33	 150
112_fungi	gi|21239409|gb|AF510496.1|	77.92	308	23	33	1	300	1698	1968	4e-33	 150
112_fungi	gi|3925745|emb|AJ005485.1|	77.70	305	28	29	1	300	9	278	4e-33	 150
112_fungi	gi|300684719|gb|GU565138.1|	77.81	302	26	31	3	300	1	265	1e-32	 148
112_fungi	gi|300684718|gb|GU565137.1|	77.81	302	26	31	3	300	1	265	1e-32	 148
112_fungi	gi|291498442|gb|GU566254.1|	77.78	306	25	31	1	300	23	291	1e-32	 148
112_fungi	gi|291498420|gb|GU566232.1|	77.78	306	25	31	1	300	23	291	1e-32	 148
112_fungi	gi|144953845|gb|EF490691.1|	77.81	302	26	31	5	300	1	267	1e-32	 148
112_fungi	gi|130382031|dbj|AB297717.1|	77.70	305	27	31	1	300	1	269	1e-32	 148
112_fungi	gi|84873903|gb|DQ339574.1|	77.70	305	27	30	1	300	249	517	1e-32	 148
112_fungi	gi|84873896|gb|DQ339567.1|	77.70	305	27	30	1	300	260	528	1e-32	 148
112_fungi	gi|75173010|gb|DQ132832.1|	77.70	305	27	31	1	300	12	280	1e-32	 148
112_fungi	gi|18252601|gb|AF459733.1|AF459733	77.49	311	28	30	1	300	2	281	1e-32	 148
112_fungi	gi|317184130|gb|HQ649887.1|	77.78	306	23	33	1	300	1	267	5e-32	 147
112_fungi	gi|317184129|gb|HQ649886.1|	77.78	306	23	33	1	300	1	267	5e-32	 147
112_fungi	gi|317184127|gb|HQ649884.1|	77.78	306	23	33	1	300	1	267	5e-32	 147
112_fungi	gi|154721263|gb|EU030367.1|	77.60	308	25	32	1	300	10	281	5e-32	 147
112_fungi	gi|3925521|emb|AJ004893.1|	77.70	305	25	33	1	300	9	275	5e-32	 147
112_fungi	gi|300684728|gb|GU565147.1|	77.45	306	28	30	1	300	10	280	2e-31	 145
112_fungi	gi|300684717|gb|GU565136.1|	77.41	301	31	27	3	300	1	267	2e-31	 145
112_fungi	gi|309401433|gb|HQ166397.1|	77.38	305	29	29	1	300	10	279	2e-31	 145
112_fungi	gi|299767687|gb|GQ999279.1|	77.38	305	29	29	1	300	6	275	2e-31	 145
112_fungi	gi|299767686|gb|GQ999278.1|	77.38	305	29	29	1	300	6	275	2e-31	 145
112_fungi	gi|299767685|gb|GQ999277.1|	77.38	305	29	29	1	300	6	275	2e-31	 145
112_fungi	gi|299767684|gb|GQ999276.1|	77.38	305	29	29	1	300	6	275	2e-31	 145
112_fungi	gi|299767682|gb|GQ999274.1|	77.38	305	29	29	1	300	6	275	2e-31	 145
112_fungi	gi|299767681|gb|GQ999273.1|	77.38	305	29	29	1	300	6	275	2e-31	 145
112_fungi	gi|299767680|gb|GQ999272.1|	77.38	305	29	29	1	300	6	275	2e-31	 145
112_fungi	gi|299767679|gb|GQ999271.1|	77.38	305	29	29	1	300	6	275	2e-31	 145
112_fungi	gi|299767669|gb|GQ999261.1|	77.38	305	29	29	1	300	6	275	2e-31	 145
112_fungi	gi|299767629|gb|GQ999221.1|	77.38	305	29	29	1	300	6	275	2e-31	 145
112_fungi	gi|299767627|gb|GQ999219.1|	77.38	305	29	29	1	300	6	275	2e-31	 145
112_fungi	gi|299767579|gb|GQ999171.1|	77.38	305	29	29	1	300	6	275	2e-31	 145
112_fungi	gi|299767578|gb|GQ999170.1|	77.38	305	29	30	1	300	6	275	2e-31	 145
112_fungi	gi|299778247|gb|HM069479.1|	77.30	304	32	27	1	300	179	449	2e-31	 145
112_fungi	gi|299778118|gb|HM069350.1|	77.45	306	28	30	1	300	116	386	2e-31	 145
112_fungi	gi|291498467|gb|GU566279.1|	77.38	305	29	29	1	300	23	292	2e-31	 145
112_fungi	gi|262118038|dbj|AB479320.1|	77.38	305	29	29	1	300	9	278	2e-31	 145
112_fungi	gi|262118037|dbj|AB479319.1|	77.38	305	29	29	1	300	9	278	2e-31	 145
112_fungi	gi|262118034|dbj|AB479316.1|	77.38	305	29	29	1	300	9	278	2e-31	 145
112_fungi	gi|262118032|dbj|AB479314.1|	77.38	305	29	29	1	300	9	278	2e-31	 145
112_fungi	gi|259106893|gb|GQ510371.1|	77.38	305	29	29	1	300	23	292	2e-31	 145
112_fungi	gi|259095429|gb|GQ517727.1|	77.38	305	29	30	1	300	23	292	2e-31	 145
112_fungi	gi|259018351|gb|GQ458039.1|	77.38	305	29	29	1	300	1713	1982	2e-31	 145
112_fungi	gi|259018338|gb|GQ458026.1|	77.38	305	29	29	1	300	1717	1986	2e-31	 145
112_fungi	gi|259018332|gb|GQ458020.1|	77.38	305	29	29	1	300	1709	1978	2e-31	 145
112_fungi	gi|219523071|gb|FJ439587.1|	77.45	306	28	29	1	300	1	271	2e-31	 145
112_fungi	gi|213876679|gb|FJ430766.1|	77.38	305	29	29	1	300	1775	2044	2e-31	 145
112_fungi	gi|194368402|gb|EU833227.1|	77.38	305	29	29	1	300	12	281	2e-31	 145
112_fungi	gi|194368399|gb|EU833224.1|	77.38	305	29	29	1	300	9	278	2e-31	 145
112_fungi	gi|194368398|gb|EU833223.1|	77.38	305	29	29	1	300	10	279	2e-31	 145
112_fungi	gi|194368394|gb|EU833219.1|	77.38	305	30	28	1	300	11	281	2e-31	 145
112_fungi	gi|194368391|gb|EU833216.1|	77.38	305	29	29	1	300	9	278	2e-31	 145
112_fungi	gi|169639291|gb|EU497946.1|	77.38	305	29	29	1	300	9	278	2e-31	 145
112_fungi	gi|163257615|emb|AM901680.1|	77.38	305	29	29	1	300	146	415	2e-31	 145
112_fungi	gi|110734727|gb|DQ681336.1|	77.38	305	29	29	1	300	12	281	2e-31	 145
112_fungi	gi|84873897|gb|DQ339568.1|	77.38	305	29	29	1	300	260	529	2e-31	 145
112_fungi	gi|84873892|gb|DQ339563.1|	77.38	305	29	29	1	300	261	530	2e-31	 145
112_fungi	gi|34328696|gb|AY360403.1|	77.38	305	29	29	1	300	9	278	2e-31	 145
112_fungi	gi|21666904|gb|AF455471.1|	77.38	305	29	29	1	300	3	272	2e-31	 145
112_fungi	gi|30908871|gb|AY280957.1|	77.38	305	29	29	1	300	2	271	2e-31	 145
112_fungi	gi|30908867|gb|AY280956.1|	77.38	305	29	29	1	300	2	271	2e-31	 145
112_fungi	gi|30908866|gb|AY280955.1|	77.38	305	30	28	1	300	2	272	2e-31	 145
112_fungi	gi|30908863|gb|AY280954.1|	77.38	305	30	28	1	300	2	272	2e-31	 145
112_fungi	gi|30908861|gb|AY280953.1|	77.38	305	29	29	1	300	2	271	2e-31	 145
112_fungi	gi|5123860|emb|AJ246146.1|	77.38	305	29	29	1	300	94	363	2e-31	 145
112_fungi	gi|3925731|emb|AJ004820.1|	77.38	305	29	29	1	300	9	278	2e-31	 145
112_fungi	gi|3925726|emb|AJ004814.1|	77.38	305	29	29	1	300	9	278	2e-31	 145
112_fungi	gi|3925709|emb|AJ005484.1|	77.38	305	29	29	1	300	9	278	2e-31	 145
112_fungi	gi|3925707|emb|AJ004813.1|	77.38	305	29	29	1	300	9	278	2e-31	 145
112_fungi	gi|3925520|emb|AJ004892.1|	77.38	305	29	29	1	300	6	275	2e-31	 145
112_fungi	gi|299767676|gb|GQ999268.1|	77.30	304	30	27	1	300	6	274	7e-31	 143
112_fungi	gi|299767549|gb|GQ999141.1|	77.30	304	30	27	1	300	6	274	7e-31	 143
112_fungi	gi|305669228|gb|HQ125404.1|	77.48	302	26	29	1	297	23	287	7e-31	 143
112_fungi	gi|226349174|gb|FJ820797.1|	77.30	304	30	27	1	300	6	274	7e-31	 143
112_fungi	gi|84873902|gb|DQ339573.1|	77.38	305	28	31	1	300	249	517	7e-31	 143
112_fungi	gi|84873889|gb|DQ339560.1|	77.38	305	28	30	1	300	276	544	7e-31	 143
112_fungi	gi|84873884|gb|DQ339555.1|	77.38	305	28	30	1	300	277	545	7e-31	 143
112_fungi	gi|322410722|gb|HQ201745.1|	89.08	119	6	6	1	119	24	135	2e-30	 141
112_fungi	gi|322410707|gb|HQ201730.1|	89.08	119	6	6	1	119	24	135	2e-30	 141
112_fungi	gi|305669557|gb|HQ125733.1|	89.08	119	6	6	1	119	23	134	2e-30	 141
112_fungi	gi|305669523|gb|HQ125699.1|	89.08	119	6	6	1	119	23	134	2e-30	 141
112_fungi	gi|305669399|gb|HQ125575.1|	89.08	119	6	6	1	119	23	134	2e-30	 141
112_fungi	gi|305669113|gb|HQ125289.1|	89.08	119	6	6	1	119	23	134	2e-30	 141
112_fungi	gi|224038253|gb|FJ643582.1|	77.52	307	22	36	1	300	202	468	2e-30	 141
112_fungi	gi|18481572|gb|AF461636.1|	77.38	305	26	33	1	300	1	267	2e-30	 141
112_fungi	gi|6715470|gb|AF218787.1|AF218787	77.05	305	30	29	1	300	1753	2022	2e-30	 141
112_fungi	gi|317184175|gb|HQ649932.1|	77.05	305	30	29	1	300	1	270	9e-30	 139
112_fungi	gi|317184173|gb|HQ649930.1|	77.05	305	30	29	1	300	1	270	9e-30	 139
112_fungi	gi|311408885|gb|HQ191306.1|	76.97	304	32	27	1	300	1716	1985	9e-30	 139
112_fungi	gi|299767367|gb|GU046487.1|	77.05	305	30	29	1	300	24	293	9e-30	 139
112_fungi	gi|310770510|gb|HQ026745.1|	77.05	305	30	29	1	300	40	309	9e-30	 139
112_fungi	gi|299767755|gb|GQ999347.1|	77.05	305	30	29	1	300	6	275	9e-30	 139
112_fungi	gi|299767562|gb|GQ999154.1|	77.05	305	30	29	1	300	6	275	9e-30	 139
112_fungi	gi|305670517|gb|HQ126693.1|	76.95	295	37	24	1	289	23	292	9e-30	 139
112_fungi	gi|305669480|gb|HQ125656.1|	88.43	121	7	6	1	121	23	136	9e-30	 139
112_fungi	gi|293629602|gb|GU724350.1|	77.05	305	30	29	1	300	1	270	9e-30	 139
112_fungi	gi|293629601|gb|GU724349.1|	77.05	305	30	29	1	300	1	270	9e-30	 139
112_fungi	gi|291498438|gb|GU566250.1|	77.05	305	30	29	1	300	23	292	9e-30	 139
112_fungi	gi|291498399|gb|GU566211.1|	77.05	305	30	29	1	300	23	292	9e-30	 139
112_fungi	gi|270303622|gb|GU183165.1|	77.05	305	30	29	1	300	9	278	9e-30	 139
112_fungi	gi|270303615|gb|GU183158.1|	77.05	305	30	29	1	300	9	278	9e-30	 139
112_fungi	gi|255032513|gb|GQ305305.1|	77.05	305	30	29	1	300	16	285	9e-30	 139
112_fungi	gi|262118033|dbj|AB479315.1|	77.05	305	30	29	1	300	9	278	9e-30	 139
112_fungi	gi|239949944|gb|GQ161752.1|	77.05	305	30	29	1	300	144	413	9e-30	 139
112_fungi	gi|239509271|gb|GQ120993.1|	77.05	305	30	29	1	300	25	294	9e-30	 139
112_fungi	gi|239509270|gb|GQ120992.1|	77.05	305	30	29	1	300	26	295	9e-30	 139
112_fungi	gi|239509268|gb|GQ120990.1|	77.05	305	30	29	1	300	26	295	9e-30	 139
112_fungi	gi|239509247|gb|GQ120969.1|	77.05	305	30	29	1	300	25	294	9e-30	 139
112_fungi	gi|237626564|gb|FJ872070.1|	77.05	305	30	29	1	300	13	282	9e-30	 139
112_fungi	gi|226331190|gb|FJ791150.1|	77.05	305	30	29	1	300	3	272	9e-30	 139
112_fungi	gi|225134683|gb|FJ345355.1|	77.05	305	30	29	1	300	52	321	9e-30	 139
112_fungi	gi|223931355|gb|FJ647577.1|	77.05	305	30	29	1	300	11	280	9e-30	 139
112_fungi	gi|223931354|gb|FJ647576.1|	77.05	305	30	29	1	300	12	281	9e-30	 139
112_fungi	gi|206149117|gb|FJ176474.1|	77.05	305	30	29	1	300	9	278	9e-30	 139
112_fungi	gi|194368390|gb|EU833215.1|	77.05	305	30	29	1	300	10	279	9e-30	 139
112_fungi	gi|194368389|gb|EU833214.1|	77.05	305	30	29	1	300	12	281	9e-30	 139
112_fungi	gi|194368387|gb|EU833212.1|	77.05	305	30	29	1	300	9	278	9e-30	 139
112_fungi	gi|188504300|gb|EU670718.1|	77.05	305	30	29	1	300	9	278	9e-30	 139
112_fungi	gi|169639306|gb|EU497961.1|	77.05	305	30	29	1	300	9	278	9e-30	 139
112_fungi	gi|169639293|gb|EU497948.1|	77.05	305	30	29	1	300	9	278	9e-30	 139
112_fungi	gi|169639288|gb|EU497943.1|	77.05	305	30	29	1	300	9	278	9e-30	 139
112_fungi	gi|163257742|emb|AM901807.1|	77.05	305	30	29	1	300	178	447	9e-30	 139
112_fungi	gi|163257627|emb|AM901692.1|	77.05	305	30	29	1	300	136	405	9e-30	 139
112_fungi	gi|163257612|emb|AM901677.1|	77.05	305	30	29	1	300	158	427	9e-30	 139
112_fungi	gi|154721233|gb|EU030337.1|	77.05	305	30	29	1	300	10	279	9e-30	 139
112_fungi	gi|150249040|gb|EF660439.1|	77.05	305	30	29	1	300	9	278	9e-30	 139
112_fungi	gi|110734731|gb|DQ681340.1|	77.05	305	30	29	1	300	12	281	9e-30	 139
112_fungi	gi|110734725|gb|DQ681334.1|	77.05	305	30	29	1	300	11	280	9e-30	 139
112_fungi	gi|110734722|gb|DQ681331.1|	77.05	305	30	29	1	300	9	278	9e-30	 139
112_fungi	gi|119370391|gb|EF105368.1|	77.05	305	30	29	1	300	10	279	9e-30	 139
112_fungi	gi|34328697|gb|AY360404.1|	77.05	305	30	29	1	300	9	278	9e-30	 139
112_fungi	gi|21666979|gb|AF455544.1|	77.05	305	30	29	1	300	3	272	9e-30	 139
112_fungi	gi|21666962|gb|AF455527.1|	77.05	305	30	29	1	300	3	272	9e-30	 139
112_fungi	gi|21666910|gb|AF455477.1|	77.05	305	30	29	1	300	3	272	9e-30	 139
112_fungi	gi|21666900|gb|AF455467.1|	77.05	305	30	29	1	300	3	272	9e-30	 139
112_fungi	gi|21666866|gb|AF455436.1|	77.05	305	30	29	1	300	3	272	9e-30	 139
112_fungi	gi|21666846|gb|AF455418.1|	77.05	305	30	29	1	300	3	272	9e-30	 139
112_fungi	gi|71148988|gb|DQ093692.1|	77.05	305	30	29	1	300	7	276	9e-30	 139
112_fungi	gi|82465062|gb|DQ249212.1|	77.05	305	30	29	1	300	27	296	9e-30	 139
112_fungi	gi|6723934|emb|AJ279476.1|	77.05	305	30	29	1	300	18	287	9e-30	 139
112_fungi	gi|1292876|emb|X82361.1|	77.05	305	30	29	1	300	9	278	9e-30	 139
112_fungi	gi|299767649|gb|GQ999241.1|	77.12	306	26	33	1	300	6	273	3e-29	 137
112_fungi	gi|305669963|gb|HQ126139.1|	88.33	120	7	5	1	120	23	135	3e-29	 137
112_fungi	gi|305669963|gb|HQ126139.1|	94.83	58	2	1	243	300	201	257	9e-15	89.8
112_fungi	gi|305669393|gb|HQ125569.1|	88.89	117	6	6	1	117	23	132	3e-29	 137
112_fungi	gi|305669382|gb|HQ125558.1|	88.33	120	7	6	1	119	23	136	3e-29	 137
112_fungi	gi|305669338|gb|HQ125514.1|	88.33	120	6	7	1	119	23	135	3e-29	 137
112_fungi	gi|305669338|gb|HQ125514.1|	88.46	78	3	4	225	300	185	258	9e-15	89.8
112_fungi	gi|305669207|gb|HQ125383.1|	88.33	120	6	7	1	119	25	137	3e-29	 137
112_fungi	gi|305669207|gb|HQ125383.1|	89.74	78	3	3	225	300	187	261	2e-16	95.3
112_fungi	gi|295807318|emb|FN390588.1|	77.12	306	27	32	1	300	22	290	3e-29	 137
112_fungi	gi|262118026|dbj|AB479308.1|	77.05	305	29	31	1	300	9	277	3e-29	 137
112_fungi	gi|262034950|gb|GU062216.1|	77.12	306	26	33	1	300	13	280	3e-29	 137
112_fungi	gi|194246275|gb|EU558538.1|	77.12	306	26	33	1	300	8	275	3e-29	 137
112_fungi	gi|171904043|gb|EU551202.1|	77.05	305	29	31	1	300	10	278	3e-29	 137
112_fungi	gi|169639304|gb|EU497959.1|	77.12	306	26	33	1	300	10	277	3e-29	 137
112_fungi	gi|169639287|gb|EU497942.1|	77.12	306	26	33	1	300	9	276	3e-29	 137
112_fungi	gi|84873901|gb|DQ339572.1|	77.05	305	29	29	1	300	256	524	3e-29	 137
112_fungi	gi|84873898|gb|DQ339569.1|	77.05	305	29	29	1	300	257	525	3e-29	 137
112_fungi	gi|84873894|gb|DQ339565.1|	77.05	305	29	30	1	300	260	528	3e-29	 137
112_fungi	gi|322410706|gb|HQ201729.1|	84.93	146	9	11	1	145	24	157	1e-28	 135
112_fungi	gi|300684705|gb|GU565124.1|	76.90	303	31	27	1	300	10	276	1e-28	 135
112_fungi	gi|300684704|gb|GU565123.1|	76.90	303	31	27	1	300	10	276	1e-28	 135
112_fungi	gi|300684680|gb|GU565099.1|	87.80	123	6	7	1	121	10	125	1e-28	 135
112_fungi	gi|300684680|gb|GU565099.1|	96.30	54	1	1	247	300	191	243	3e-14	87.9
112_fungi	gi|313192548|emb|FR727729.1|	84.93	146	9	11	1	145	1	134	1e-28	 135
112_fungi	gi|305668257|gb|HQ124433.1|	76.90	303	31	27	1	300	23	289	1e-28	 135
112_fungi	gi|299778259|gb|HM069491.1|	76.82	302	33	27	1	300	178	444	1e-28	 135
112_fungi	gi|296687073|gb|GU594764.1|	87.80	123	6	7	1	121	9	124	1e-28	 135
112_fungi	gi|296687073|gb|GU594764.1|	96.30	54	1	1	247	300	190	242	3e-14	87.9
112_fungi	gi|296687071|gb|GU594762.1|	87.80	123	6	7	1	121	9	124	1e-28	 135
112_fungi	gi|296687071|gb|GU594762.1|	96.30	54	1	1	247	300	190	242	3e-14	87.9
112_fungi	gi|294471415|gb|GU017517.1|	87.80	123	6	7	1	121	10	125	1e-28	 135
112_fungi	gi|294471415|gb|GU017517.1|	96.30	54	1	1	247	300	191	243	3e-14	87.9
112_fungi	gi|294471414|gb|GU017516.1|	87.80	123	6	7	1	121	7	122	1e-28	 135
112_fungi	gi|294471414|gb|GU017516.1|	96.30	54	1	1	247	300	188	240	3e-14	87.9
112_fungi	gi|294471412|gb|GU017514.1|	87.80	123	6	7	1	121	6	121	1e-28	 135
112_fungi	gi|294471412|gb|GU017514.1|	96.30	54	1	1	247	300	187	239	3e-14	87.9
112_fungi	gi|291498461|gb|GU566273.1|	87.80	123	6	7	1	121	23	138	1e-28	 135
112_fungi	gi|291498461|gb|GU566273.1|	96.30	54	1	1	247	300	204	256	3e-14	87.9
112_fungi	gi|283856137|gb|GU256955.1|	87.80	123	6	7	1	121	23	138	1e-28	 135
112_fungi	gi|283856137|gb|GU256955.1|	96.30	54	1	1	247	300	204	256	3e-14	87.9
112_fungi	gi|259018350|gb|GQ458038.1|	76.72	305	32	28	1	300	1717	1987	1e-28	 135
112_fungi	gi|194371439|gb|EU645714.1|	87.80	123	6	7	1	121	11	126	1e-28	 135
112_fungi	gi|194371439|gb|EU645714.1|	96.30	54	1	1	247	300	192	244	3e-14	87.9
112_fungi	gi|217331384|gb|FJ466722.1|	87.80	123	6	7	1	121	16	131	1e-28	 135
112_fungi	gi|217331384|gb|FJ466722.1|	96.30	54	2	0	247	300	197	250	9e-15	89.8
112_fungi	gi|217331367|gb|FJ466705.1|	87.80	123	6	7	1	121	44	159	1e-28	 135
112_fungi	gi|217331367|gb|FJ466705.1|	96.30	54	1	1	247	300	225	277	3e-14	87.9
112_fungi	gi|215490345|gb|FJ441620.1|	87.80	123	6	7	1	121	12	127	1e-28	 135
112_fungi	gi|215490345|gb|FJ441620.1|	96.30	54	1	1	247	300	193	245	3e-14	87.9
112_fungi	gi|215490341|gb|FJ441616.1|	87.80	123	6	7	1	121	10	125	1e-28	 135
112_fungi	gi|215490341|gb|FJ441616.1|	96.30	54	1	1	247	300	191	243	3e-14	87.9
112_fungi	gi|193298798|gb|EU807128.1|	87.60	121	9	6	1	117	4	122	1e-28	 135
112_fungi	gi|169639301|gb|EU497956.1|	87.80	123	6	7	1	121	9	124	1e-28	 135
112_fungi	gi|169639301|gb|EU497956.1|	96.30	54	1	1	247	300	190	242	3e-14	87.9
112_fungi	gi|169639296|gb|EU497951.1|	87.80	123	6	7	1	121	9	124	1e-28	 135
112_fungi	gi|169639296|gb|EU497951.1|	96.30	54	1	1	247	300	190	242	3e-14	87.9
112_fungi	gi|163257609|emb|AM901674.1|	76.90	303	31	27	1	300	168	434	1e-28	 135
112_fungi	gi|161408457|dbj|AB369901.1|	87.80	123	6	7	1	121	9	124	1e-28	 135
112_fungi	gi|161408457|dbj|AB369901.1|	96.30	54	1	1	247	300	190	242	3e-14	87.9
112_fungi	gi|154721254|gb|EU030358.1|	76.95	308	27	32	1	300	11	282	1e-28	 135
112_fungi	gi|117652878|gb|EF060473.1|	87.80	123	6	7	1	121	300	415	1e-28	 135
112_fungi	gi|117652878|gb|EF060473.1|	96.30	54	1	1	247	300	481	533	3e-14	87.9
112_fungi	gi|90102446|gb|DQ420762.1|	87.60	121	9	6	1	117	23	141	1e-28	 135
112_fungi	gi|299767559|gb|GQ999151.1|	76.72	305	31	29	1	300	6	275	4e-28	 134
112_fungi	gi|307334449|gb|HM240051.1|	87.60	121	8	5	1	121	23	136	4e-28	 134
112_fungi	gi|307334420|gb|HM240022.1|	87.60	121	8	5	1	121	23	136	4e-28	 134
112_fungi	gi|307334404|gb|HM240006.1|	87.60	121	8	5	1	121	23	136	4e-28	 134
112_fungi	gi|307334368|gb|HM239970.1|	87.60	121	8	5	1	121	23	136	4e-28	 134
112_fungi	gi|307334271|gb|HM239873.1|	87.60	121	8	5	1	121	23	136	4e-28	 134
112_fungi	gi|307334264|gb|HM239866.1|	87.60	121	8	5	1	121	23	136	4e-28	 134
112_fungi	gi|307334189|gb|HM239791.1|	87.60	121	8	5	1	121	23	136	4e-28	 134
112_fungi	gi|305670320|gb|HQ126496.1|	87.60	121	8	5	1	121	23	136	4e-28	 134
112_fungi	gi|305669585|gb|HQ125761.1|	87.60	121	7	6	1	120	23	136	4e-28	 134
112_fungi	gi|305669585|gb|HQ125761.1|	95.92	49	1	1	252	300	209	256	2e-11	78.7
112_fungi	gi|262118039|dbj|AB479321.1|	76.72	305	31	28	1	300	9	278	4e-28	 134
112_fungi	gi|217331387|gb|FJ466725.1|	76.80	306	30	30	1	300	65	335	4e-28	 134
112_fungi	gi|299767647|gb|GQ999239.1|	76.80	306	28	32	1	300	6	274	1e-27	 132
112_fungi	gi|305670501|gb|HQ126677.1|	87.50	120	8	5	1	120	22	134	1e-27	 132
112_fungi	gi|305669731|gb|HQ125907.1|	87.20	125	5	8	1	123	23	138	1e-27	 132
112_fungi	gi|305669555|gb|HQ125731.1|	86.40	125	11	6	1	124	23	142	1e-27	 132
112_fungi	gi|305669492|gb|HQ125668.1|	87.50	120	7	7	1	119	23	135	1e-27	 132
112_fungi	gi|305669294|gb|HQ125470.1|	87.50	120	8	5	1	120	23	135	1e-27	 132
112_fungi	gi|294471418|gb|GU017520.1|	87.60	121	6	7	3	121	1	114	1e-27	 132
112_fungi	gi|294471418|gb|GU017520.1|	96.30	54	1	1	247	300	180	232	3e-14	87.9
112_fungi	gi|169639299|gb|EU497954.1|	87.10	124	6	8	1	121	9	125	1e-27	 132
112_fungi	gi|169639299|gb|EU497954.1|	96.30	54	1	1	247	300	191	243	3e-14	87.9
112_fungi	gi|169639289|gb|EU497944.1|	87.50	120	8	5	1	120	10	122	1e-27	 132
112_fungi	gi|4336521|gb|AF096207.1|AF096207	86.99	123	8	7	1	121	171	287	1e-27	 132
112_fungi	gi|4336521|gb|AF096207.1|AF096207	96.67	60	2	0	241	300	376	435	4e-18	 100
112_fungi	gi|299777218|gb|GQ921771.1|	76.64	304	29	28	1	300	1	266	5e-27	 130
112_fungi	gi|305670465|gb|HQ126641.1|	86.89	122	9	7	1	117	23	142	5e-27	 130
112_fungi	gi|294471420|gb|GU017522.1|	87.50	120	6	7	4	121	1	113	5e-27	 130
112_fungi	gi|294471420|gb|GU017522.1|	96.30	54	1	1	247	300	179	231	3e-14	87.9
112_fungi	gi|284519765|gb|GU358697.1|	86.78	121	10	3	1	121	11	125	5e-27	 130
112_fungi	gi|284519765|gb|GU358697.1|	91.25	80	1	6	225	300	197	274	3e-19	 104
112_fungi	gi|262034946|gb|GU062212.1|	86.78	121	10	3	1	121	13	127	5e-27	 130
112_fungi	gi|262034946|gb|GU062212.1|	91.25	80	1	6	225	300	200	277	3e-19	 104
112_fungi	gi|259094292|gb|GQ525998.1|	86.89	122	8	6	1	120	18	133	5e-27	 130
112_fungi	gi|242263589|gb|GQ241285.1|	87.50	120	6	7	4	121	1	113	5e-27	 130
112_fungi	gi|242263589|gb|GQ241285.1|	96.30	54	1	1	247	300	179	231	3e-14	87.9
112_fungi	gi|239509252|gb|GQ120974.1|	86.78	121	10	3	1	121	26	140	5e-27	 130
112_fungi	gi|239509252|gb|GQ120974.1|	91.25	80	1	6	225	300	211	288	3e-19	 104
112_fungi	gi|237625997|gb|FJ878632.1|	86.78	121	10	3	1	121	9	123	5e-27	 130
112_fungi	gi|237625997|gb|FJ878632.1|	91.25	80	1	6	225	300	194	271	3e-19	 104
112_fungi	gi|237625996|gb|FJ878631.1|	86.78	121	10	3	1	121	9	123	5e-27	 130
112_fungi	gi|237625996|gb|FJ878631.1|	91.25	80	1	6	225	300	195	272	3e-19	 104