# BLASTN 2.2.23+
# Query:  89_fungi
# Database: /home/rohinis/blastdb/blast_nt/nt
# Fields: query id, subject id, % identity, alignment length, mismatches, gap opens, q. start, q. end, s. start, s. end, evalue, bit score
# 652 hits found
89_fungi	gi|197253472|gb|EU730860.1|	96.59	264	5	3	54	317	1	260	1e-118	 435
89_fungi	gi|197253471|gb|EU730859.1|	96.59	264	5	3	54	317	1	260	1e-118	 435
89_fungi	gi|86212247|gb|DQ356409.1|	91.51	318	14	12	5	317	1	310	6e-116	 425
89_fungi	gi|226926803|gb|FJ777210.1|	96.36	247	3	5	72	317	1	242	1e-108	 401
89_fungi	gi|259102182|gb|GQ515070.1|	95.95	247	3	6	72	317	1	241	2e-106	 394
89_fungi	gi|86212245|gb|DQ356407.1|	89.40	283	13	9	38	317	1	269	2e-90	 340
89_fungi	gi|99866602|gb|DQ520098.1|	85.98	321	12	15	1	317	1653	1944	5e-82	 313
89_fungi	gi|90102738|gb|DQ421054.1|	85.58	319	17	15	1	317	23	314	2e-80	 307
89_fungi	gi|302121741|gb|HM061324.1|	85.20	304	13	15	16	317	2	275	4e-73	 283
89_fungi	gi|310871719|gb|HQ331003.1|	85.05	301	15	11	17	317	1	271	5e-72	 279
89_fungi	gi|70906669|gb|DQ102444.1|	84.23	317	17	14	1	317	9	292	2e-71	 278
89_fungi	gi|18181858|emb|AJ242901.1|	84.23	317	17	14	1	317	24	307	2e-71	 278
89_fungi	gi|310871718|gb|HQ331002.1|	84.72	301	16	11	17	317	1	271	2e-70	 274
89_fungi	gi|291220202|gb|GU581211.1|	84.64	306	13	17	16	317	1	276	2e-70	 274
89_fungi	gi|256855524|emb|FN397154.1|	83.96	318	15	17	1	317	23	305	9e-70	 272
89_fungi	gi|70906668|gb|DQ102443.1|	83.91	317	18	14	1	317	9	292	9e-70	 272
89_fungi	gi|73622355|gb|DQ061931.1|	83.96	318	15	18	1	317	67	349	9e-70	 272
89_fungi	gi|18181852|emb|AJ242895.1|	83.96	318	15	19	1	317	24	306	9e-70	 272
89_fungi	gi|18181851|emb|AJ242894.1|	83.96	318	15	19	1	317	23	305	9e-70	 272
89_fungi	gi|256855525|emb|FN397155.1|	83.96	318	14	19	1	317	23	304	3e-69	 270
89_fungi	gi|54695084|gb|AY634128.1|	83.60	317	18	15	1	317	23	305	3e-69	 270
89_fungi	gi|70906667|gb|DQ102442.1|	84.03	313	17	14	5	317	1	280	3e-69	 270
89_fungi	gi|18181604|emb|AJ242882.1|	98.05	154	0	3	3	154	1	153	1e-67	 265
89_fungi	gi|18181604|emb|AJ242882.1|	96.58	117	2	2	201	317	166	280	7e-46	 193
89_fungi	gi|298257776|gb|GU392004.1|	82.57	327	24	27	1	317	24	327	2e-65	 257
89_fungi	gi|298257774|gb|GU392002.1|	82.57	327	24	27	1	317	24	327	2e-65	 257
89_fungi	gi|298257771|gb|GU391999.1|	82.57	327	24	27	1	317	24	327	2e-65	 257
89_fungi	gi|298257770|gb|GU391998.1|	82.57	327	24	27	1	317	24	327	2e-65	 257
89_fungi	gi|298257769|gb|GU391997.1|	82.57	327	24	27	1	317	24	327	2e-65	 257
89_fungi	gi|298257765|gb|GU391993.1|	82.57	327	23	28	1	317	24	326	2e-65	 257
89_fungi	gi|54695061|gb|AY634127.1|	82.72	324	18	21	1	317	20	312	3e-64	 254
89_fungi	gi|54695083|gb|AY634126.1|	82.72	324	18	21	1	317	16	308	3e-64	 254
89_fungi	gi|18181606|emb|AJ242884.1|	97.96	147	0	3	3	147	1	146	1e-63	 252
89_fungi	gi|18181606|emb|AJ242884.1|	94.78	115	2	3	203	317	164	274	7e-41	 176
89_fungi	gi|61619774|gb|AY833047.1|	83.22	304	17	15	14	317	1	270	1e-62	 248
89_fungi	gi|298257775|gb|GU392003.1|	81.96	327	26	27	1	317	23	326	5e-62	 246
89_fungi	gi|260177290|gb|FJ688125.1|	82.45	319	21	24	1	317	6	291	5e-62	 246
89_fungi	gi|159138962|gb|EU218894.1|	82.41	324	18	22	1	317	1	292	5e-62	 246
89_fungi	gi|54695077|gb|AY634120.1|	82.41	324	18	22	1	317	13	304	5e-62	 246
89_fungi	gi|54695076|gb|AY634119.1|	82.10	324	19	22	1	317	14	305	2e-60	 241
89_fungi	gi|62131068|gb|AY842391.1|	82.89	298	17	15	20	317	643	380	3e-59	 237
89_fungi	gi|154543846|gb|EU045555.1|	81.68	322	24	26	1	317	8	299	1e-58	 235
89_fungi	gi|289655926|gb|GU446633.1|	83.45	284	13	17	38	317	1	254	4e-58	 233
89_fungi	gi|300490558|gb|GU991819.1|	81.79	313	24	27	15	317	1	290	2e-57	 231
89_fungi	gi|227905152|emb|FN377839.1|	82.59	293	17	15	6	298	3	261	2e-56	 228
89_fungi	gi|133753053|gb|EF433959.1|	81.06	322	27	22	1	317	1	293	7e-56	 226
89_fungi	gi|264716436|gb|FJ788668.1|	81.19	319	25	24	1	317	12	297	3e-55	 224
89_fungi	gi|219968231|emb|FM866376.1|	81.25	320	22	25	1	317	23	307	3e-55	 224
89_fungi	gi|299810452|gb|HM141014.1|	81.00	321	26	24	3	317	1	292	9e-55	 222
89_fungi	gi|122703714|dbj|AB290021.1|	82.87	286	12	19	36	317	1	253	9e-55	 222
89_fungi	gi|190682945|gb|EU645602.1|	93.96	149	4	5	1	148	12	156	3e-54	 220
89_fungi	gi|190682945|gb|EU645602.1|	90.24	123	6	5	197	317	175	293	9e-35	 156
89_fungi	gi|19913081|emb|AJ419930.1|	82.69	283	15	15	36	317	1	250	3e-54	 220
89_fungi	gi|264716446|gb|FJ788678.1|	80.94	320	21	27	1	317	12	294	4e-53	 217
89_fungi	gi|219878524|gb|EU810056.1|	81.21	314	20	25	10	317	1	281	4e-53	 217
89_fungi	gi|163257846|emb|AM901911.1|	79.94	329	38	24	1	317	178	490	4e-53	 217
89_fungi	gi|264716471|gb|FJ788703.1|	80.62	320	26	22	1	317	11	297	2e-52	 215
89_fungi	gi|159138963|gb|EU218895.1|	80.37	326	29	26	1	317	1	300	2e-52	 215
89_fungi	gi|264716493|gb|FJ788725.1|	80.50	323	26	24	1	317	12	303	5e-52	 213
89_fungi	gi|264716492|gb|FJ788724.1|	80.50	323	26	24	1	317	12	303	5e-52	 213
89_fungi	gi|264716465|gb|FJ788697.1|	80.56	319	27	21	1	317	12	297	5e-52	 213
89_fungi	gi|227905167|emb|FN377854.1|	82.23	287	14	19	13	298	1	251	5e-52	 213
89_fungi	gi|90102741|gb|DQ421057.1|	79.39	330	47	20	1	317	23	344	5e-52	 213
89_fungi	gi|19913083|emb|AJ419932.1|	82.27	282	17	15	36	317	1	249	5e-52	 213
89_fungi	gi|322410711|gb|HQ201734.1|	92.67	150	6	5	1	148	24	170	2e-51	 211
89_fungi	gi|305668990|gb|HQ125166.1|	82.17	286	13	21	1	284	23	272	2e-51	 211
89_fungi	gi|295809792|emb|FN812725.1|	82.33	283	13	20	36	317	1	247	2e-51	 211
89_fungi	gi|159576938|dbj|AB303047.1|	80.19	323	30	29	1	317	1	295	2e-51	 211
89_fungi	gi|159576937|dbj|AB303046.1|	80.19	323	30	29	1	317	1	295	2e-51	 211
89_fungi	gi|159576934|dbj|AB303044.1|	80.19	323	30	29	1	317	1	295	2e-51	 211
89_fungi	gi|146186351|gb|EF536968.1|	83.73	252	11	11	66	317	3	224	2e-51	 211
89_fungi	gi|315452170|gb|HQ636470.1|	80.39	306	34	16	17	317	1	285	7e-51	 209
89_fungi	gi|264716464|gb|FJ788696.1|	80.31	320	27	22	1	317	12	298	7e-51	 209
89_fungi	gi|264716463|gb|FJ788695.1|	80.31	320	27	22	1	317	12	298	7e-51	 209
89_fungi	gi|305669449|gb|HQ125625.1|	92.62	149	6	5	1	148	23	167	7e-51	 209
89_fungi	gi|295883747|gb|HM037678.1|	99.15	117	0	1	201	317	1	116	7e-51	 209
89_fungi	gi|295883744|gb|HM037675.1|	99.15	117	0	1	201	317	1	116	7e-51	 209
89_fungi	gi|159576946|dbj|AB303054.1|	80.12	322	31	26	1	317	1	294	7e-51	 209
89_fungi	gi|122703716|dbj|AB290023.1|	81.98	283	17	15	36	317	1	250	7e-51	 209
89_fungi	gi|83722491|gb|DQ309181.1|	92.62	149	6	5	1	148	1	145	7e-51	 209
89_fungi	gi|83722491|gb|DQ309181.1|	91.80	122	6	3	197	317	168	286	4e-38	 167
89_fungi	gi|89145841|gb|DQ398957.1|	80.00	325	32	26	1	317	13	312	7e-51	 209
89_fungi	gi|305670425|gb|HQ126601.1|	92.57	148	6	5	1	147	23	166	3e-50	 207
89_fungi	gi|305670125|gb|HQ126301.1|	92.05	151	7	5	1	148	23	171	3e-50	 207
89_fungi	gi|146218695|emb|AM697947.1|	82.48	274	12	19	49	317	3	245	3e-50	 207
89_fungi	gi|122703715|dbj|AB290022.1|	81.98	283	15	19	36	317	1	248	3e-50	 207
89_fungi	gi|264716448|gb|FJ788680.1|	91.50	153	7	6	1	152	12	159	9e-50	 206
89_fungi	gi|264716448|gb|FJ788680.1|	90.62	128	6	5	192	317	173	296	2e-37	 165
89_fungi	gi|264716445|gb|FJ788677.1|	91.50	153	7	6	1	152	12	159	9e-50	 206
89_fungi	gi|264716445|gb|FJ788677.1|	90.62	128	6	5	192	317	173	296	2e-37	 165
89_fungi	gi|264716444|gb|FJ788676.1|	91.50	153	7	6	1	152	12	159	9e-50	 206
89_fungi	gi|264716444|gb|FJ788676.1|	90.62	128	6	5	192	317	173	296	2e-37	 165
89_fungi	gi|264716443|gb|FJ788675.1|	91.50	153	7	6	1	152	11	158	9e-50	 206
89_fungi	gi|264716443|gb|FJ788675.1|	90.62	128	6	5	192	317	172	295	2e-37	 165
89_fungi	gi|305670062|gb|HQ126238.1|	92.00	150	7	5	1	148	23	169	9e-50	 206
89_fungi	gi|159576952|dbj|AB303059.1|	80.12	322	27	27	1	317	1	290	9e-50	 206
89_fungi	gi|159576948|dbj|AB303056.1|	79.88	323	31	26	1	317	1	295	9e-50	 206
89_fungi	gi|159576947|dbj|AB303055.1|	80.12	322	27	27	1	317	1	290	9e-50	 206
89_fungi	gi|159576943|dbj|AB303051.1|	79.88	323	31	27	1	317	1	295	9e-50	 206
89_fungi	gi|159576935|dbj|AB303045.1|	80.12	322	27	27	1	317	1	290	9e-50	 206
89_fungi	gi|76561728|gb|DQ028790.1|	83.07	254	15	17	66	317	19	246	9e-50	 206
89_fungi	gi|314913961|gb|HQ533017.1|	79.94	319	28	24	1	317	10	294	3e-49	 204
89_fungi	gi|262069430|gb|GU067737.1|	91.95	149	7	5	1	148	12	156	3e-49	 204
89_fungi	gi|262069430|gb|GU067737.1|	92.56	121	6	3	197	317	175	292	3e-39	 171
89_fungi	gi|242199734|gb|GQ175302.1|	80.06	321	27	27	1	317	24	311	3e-49	 204
89_fungi	gi|242199728|gb|GQ175296.1|	80.06	321	27	27	1	317	24	311	3e-49	 204
89_fungi	gi|242199727|gb|GQ175295.1|	80.06	321	27	27	1	317	24	311	3e-49	 204
89_fungi	gi|242199724|gb|GQ175292.1|	80.06	321	26	28	1	317	24	310	3e-49	 204
89_fungi	gi|159576939|dbj|AB303048.1|	79.94	324	27	29	1	317	1	293	3e-49	 204
89_fungi	gi|309320775|gb|GQ850389.1|	82.68	254	18	16	66	317	16	245	1e-48	 202
89_fungi	gi|264716437|gb|FJ788669.1|	80.00	320	27	22	1	317	12	297	1e-48	 202
89_fungi	gi|225030910|gb|FJ746910.1|	78.98	333	42	23	1	317	9	329	1e-48	 202
89_fungi	gi|225030909|gb|FJ746909.1|	78.98	333	42	23	1	317	9	329	1e-48	 202
89_fungi	gi|221218437|dbj|AB449197.1|	79.69	320	34	25	1	317	1	292	1e-48	 202
89_fungi	gi|221218436|dbj|AB449196.1|	79.69	320	34	25	1	317	1	292	1e-48	 202
89_fungi	gi|221218434|dbj|AB449194.1|	79.69	320	34	25	1	317	1	292	1e-48	 202
89_fungi	gi|221218433|dbj|AB449193.1|	79.69	320	34	25	1	317	1	292	1e-48	 202
89_fungi	gi|221218432|dbj|AB449192.1|	79.69	320	34	25	1	317	1	292	1e-48	 202
89_fungi	gi|221218431|dbj|AB449191.1|	79.69	320	34	25	1	317	1	292	1e-48	 202
89_fungi	gi|221218429|dbj|AB449189.1|	79.69	320	34	25	1	317	1	292	1e-48	 202
89_fungi	gi|221218418|dbj|AB449178.1|	79.69	320	34	25	1	317	1	292	1e-48	 202
89_fungi	gi|221218417|dbj|AB449177.1|	79.69	320	34	25	1	317	1	292	1e-48	 202
89_fungi	gi|221218416|dbj|AB449176.1|	79.69	320	34	25	1	317	1	292	1e-48	 202
89_fungi	gi|221218415|dbj|AB449175.1|	79.69	320	34	25	1	317	1	292	1e-48	 202
89_fungi	gi|221218414|dbj|AB449174.1|	79.69	320	34	25	1	317	1	292	1e-48	 202
89_fungi	gi|221218413|dbj|AB449173.1|	79.69	320	34	25	1	317	1	292	1e-48	 202
89_fungi	gi|221218411|dbj|AB449171.1|	79.69	320	34	25	1	317	1	292	1e-48	 202
89_fungi	gi|179399556|gb|EU591804.1|	78.98	333	42	26	1	317	9	329	1e-48	 202
89_fungi	gi|179399513|gb|EU591761.1|	78.98	333	42	26	1	317	9	329	1e-48	 202
89_fungi	gi|159576944|dbj|AB303052.1|	79.88	323	27	28	1	317	1	291	1e-48	 202
89_fungi	gi|309320829|gb|GQ850443.1|	82.68	254	16	17	66	317	16	243	4e-48	 200
89_fungi	gi|309320777|gb|GQ850391.1|	82.68	254	16	17	66	317	16	243	4e-48	 200
89_fungi	gi|309320776|gb|GQ850390.1|	82.68	254	16	17	66	317	16	243	4e-48	 200
89_fungi	gi|238477172|gb|FJ435097.1|	79.15	331	37	25	6	317	1	318	4e-48	 200
89_fungi	gi|76561727|gb|DQ028789.1|	82.28	254	17	17	66	317	19	246	4e-48	 200
89_fungi	gi|310277669|gb|HQ241274.1|	78.85	331	42	24	5	317	1	321	2e-47	 198
89_fungi	gi|299767813|gb|GQ999405.1|	91.28	149	8	5	1	148	6	150	2e-47	 198
89_fungi	gi|299767813|gb|GQ999405.1|	91.80	122	6	3	197	317	171	289	4e-38	 167
89_fungi	gi|305670142|gb|HQ126318.1|	91.28	149	7	6	1	146	23	168	2e-47	 198
89_fungi	gi|238477225|gb|FJ435150.1|	78.96	328	41	26	6	317	1	316	2e-47	 198
89_fungi	gi|238477216|gb|FJ435141.1|	78.96	328	41	26	6	317	1	316	2e-47	 198
89_fungi	gi|238477207|gb|FJ435132.1|	78.96	328	41	26	6	317	1	316	2e-47	 198
89_fungi	gi|238477206|gb|FJ435131.1|	78.96	328	41	26	6	317	1	316	2e-47	 198
89_fungi	gi|238477196|gb|FJ435121.1|	78.96	328	41	26	6	317	1	316	2e-47	 198
89_fungi	gi|242199735|gb|GQ175303.1|	79.81	322	25	26	1	317	24	310	2e-47	 198
89_fungi	gi|242199733|gb|GQ175301.1|	79.81	322	25	26	1	317	24	310	2e-47	 198
89_fungi	gi|242199732|gb|GQ175300.1|	79.81	322	25	26	1	317	24	310	2e-47	 198
89_fungi	gi|242199731|gb|GQ175299.1|	79.81	322	25	26	1	317	21	307	2e-47	 198
89_fungi	gi|242199730|gb|GQ175298.1|	79.81	322	25	26	1	317	24	310	2e-47	 198
89_fungi	gi|242199729|gb|GQ175297.1|	79.81	322	25	26	1	317	24	310	2e-47	 198
89_fungi	gi|242199726|gb|GQ175294.1|	79.81	322	25	26	1	317	23	309	2e-47	 198
89_fungi	gi|242199725|gb|GQ175293.1|	79.81	322	25	26	1	317	23	309	2e-47	 198
89_fungi	gi|146424450|emb|AM711621.1|	81.95	277	11	22	49	317	3	248	2e-47	 198
89_fungi	gi|146218696|emb|AM697948.1|	81.95	277	11	22	49	317	3	248	2e-47	 198
89_fungi	gi|90102740|gb|DQ421056.1|	78.61	332	48	22	1	317	22	345	2e-47	 198
89_fungi	gi|317383301|gb|HQ630980.1|	79.69	320	25	25	1	317	24	306	5e-47	 196
89_fungi	gi|309320830|gb|GQ850444.1|	82.28	254	15	17	66	317	16	241	5e-47	 196
89_fungi	gi|260104271|gb|GQ885147.1|	78.61	332	45	23	1	317	9	329	5e-47	 196
89_fungi	gi|225030911|gb|FJ746911.1|	78.68	333	43	23	1	317	9	329	5e-47	 196
89_fungi	gi|221218410|dbj|AB449170.1|	79.44	321	33	27	1	317	1	292	5e-47	 196
89_fungi	gi|170516733|gb|EU490035.1|	78.74	334	42	26	1	317	128	449	5e-47	 196
89_fungi	gi|126843713|gb|EF090494.1|	90.73	151	9	5	1	150	23	169	5e-47	 196
89_fungi	gi|126843713|gb|EF090494.1|	90.83	120	7	4	198	317	184	299	3e-35	 158
89_fungi	gi|76561729|gb|DQ028791.1|	82.35	255	16	18	66	317	19	247	5e-47	 196
89_fungi	gi|226938457|gb|FJ827195.1|	79.81	322	22	26	1	317	31	314	2e-46	 195
89_fungi	gi|309320838|gb|GQ850452.1|	82.28	254	17	17	66	317	20	247	2e-46	 195
89_fungi	gi|309320835|gb|GQ850449.1|	82.35	255	15	19	66	317	11	238	2e-46	 195
89_fungi	gi|309320832|gb|GQ850446.1|	82.28	254	17	18	66	317	16	243	2e-46	 195
89_fungi	gi|309320807|gb|GQ850421.1|	82.28	254	15	17	66	317	16	241	2e-46	 195
89_fungi	gi|309320780|gb|GQ850394.1|	82.28	254	15	17	66	317	16	241	2e-46	 195
89_fungi	gi|308913406|gb|GQ405543.1|	82.35	255	16	19	66	317	14	242	2e-46	 195
89_fungi	gi|308913405|gb|GQ405542.1|	82.35	255	16	18	66	317	14	242	2e-46	 195
89_fungi	gi|226926720|gb|FJ777127.1|	81.78	269	15	15	49	317	4	238	2e-46	 195
89_fungi	gi|163257897|emb|AM901962.1|	90.67	150	9	5	1	148	178	324	2e-46	 195
89_fungi	gi|163257897|emb|AM901962.1|	90.24	123	5	7	197	317	344	461	3e-34	 154
89_fungi	gi|159576933|dbj|AB303043.1|	79.50	322	28	28	1	317	1	289	2e-46	 195
89_fungi	gi|83272188|gb|DQ278938.1|	80.00	315	20	26	9	317	1	278	2e-46	 195
89_fungi	gi|76561731|gb|DQ028793.1|	82.28	254	17	17	66	317	19	246	2e-46	 195
89_fungi	gi|309320820|gb|GQ850434.1|	82.28	254	16	17	66	317	16	242	7e-46	 193
89_fungi	gi|309320818|gb|GQ850432.1|	82.28	254	15	17	66	317	12	237	7e-46	 193
89_fungi	gi|309320778|gb|GQ850392.1|	82.03	256	18	17	66	317	14	245	7e-46	 193
89_fungi	gi|308913404|gb|GQ405541.1|	82.28	254	16	17	66	317	14	240	7e-46	 193
89_fungi	gi|305668646|gb|HQ124822.1|	90.73	151	5	8	1	148	23	167	7e-46	 193
89_fungi	gi|238477223|gb|FJ435148.1|	78.66	328	42	26	6	317	1	316	7e-46	 193
89_fungi	gi|238477213|gb|FJ435138.1|	78.66	328	42	26	6	317	1	316	7e-46	 193
89_fungi	gi|238477209|gb|FJ435134.1|	78.66	328	42	26	6	317	1	316	7e-46	 193
89_fungi	gi|238477208|gb|FJ435133.1|	78.66	328	42	26	6	317	1	316	7e-46	 193
89_fungi	gi|238477198|gb|FJ435123.1|	78.66	328	42	26	6	317	1	316	7e-46	 193
89_fungi	gi|238477197|gb|FJ435122.1|	78.66	328	42	26	6	317	1	316	7e-46	 193
89_fungi	gi|260181598|gb|GQ892601.1|	83.98	231	5	17	90	317	46	247	7e-46	 193
89_fungi	gi|260181597|gb|GQ892600.1|	83.98	231	5	17	90	317	46	247	7e-46	 193
89_fungi	gi|260181596|gb|GQ892599.1|	83.98	231	5	17	90	317	45	246	7e-46	 193
89_fungi	gi|226929588|gb|FJ779995.1|	81.39	274	17	15	44	317	1	240	7e-46	 193
89_fungi	gi|76561734|gb|DQ028796.1|	82.03	256	18	17	66	317	19	250	7e-46	 193
89_fungi	gi|76561733|gb|DQ028795.1|	82.28	254	16	17	66	317	19	245	7e-46	 193
89_fungi	gi|76561732|gb|DQ028794.1|	82.28	254	16	17	66	317	17	243	7e-46	 193
89_fungi	gi|226938427|gb|FJ827165.1|	79.63	324	20	27	1	317	23	307	3e-45	 191
89_fungi	gi|299810479|gb|HM141041.1|	82.54	252	11	16	66	317	3	221	3e-45	 191
89_fungi	gi|299810475|gb|HM141037.1|	90.97	144	10	3	10	153	1	141	3e-45	 191
89_fungi	gi|299810475|gb|HM141037.1|	92.74	124	6	2	194	317	154	274	7e-41	 176
89_fungi	gi|179399512|gb|EU591760.1|	78.38	333	44	26	1	317	9	329	3e-45	 191
89_fungi	gi|160347326|gb|EU244825.1|	78.57	336	38	31	1	317	12	332	3e-45	 191
89_fungi	gi|121592412|gb|EF176581.1|	90.07	151	9	6	1	150	24	169	3e-45	 191
89_fungi	gi|121592412|gb|EF176581.1|	90.83	120	7	4	198	317	184	299	3e-35	 158
89_fungi	gi|27527713|emb|AJ318438.1|	80.20	303	21	24	17	317	1	266	3e-45	 191
89_fungi	gi|18181853|emb|AJ242896.1|	89.61	154	10	6	2	153	24	173	3e-45	 191
89_fungi	gi|18181853|emb|AJ242896.1|	91.13	124	8	3	194	317	186	306	2e-37	 165
89_fungi	gi|309320831|gb|GQ850445.1|	81.89	254	17	19	66	317	16	242	9e-45	 189
89_fungi	gi|309320819|gb|GQ850433.1|	81.89	254	17	17	66	317	16	242	9e-45	 189
89_fungi	gi|309320806|gb|GQ850420.1|	81.89	254	16	16	66	317	12	237	9e-45	 189
89_fungi	gi|299810480|gb|HM141042.1|	79.94	309	21	21	18	317	1	277	9e-45	 189
89_fungi	gi|260181599|gb|GQ892602.1|	81.55	271	13	17	54	317	4	244	9e-45	 189
89_fungi	gi|226926753|gb|FJ777160.1|	81.48	270	15	16	49	317	3	238	9e-45	 189
89_fungi	gi|186696036|gb|EU480305.1|	78.08	333	50	20	1	317	22	347	9e-45	 189
89_fungi	gi|18481541|gb|AF461605.1|	79.13	321	31	27	1	317	1	289	9e-45	 189
89_fungi	gi|18181847|emb|AJ242890.1|	89.10	156	12	5	1	155	23	174	9e-45	 189
89_fungi	gi|18181847|emb|AJ242890.1|	91.13	124	7	4	194	317	185	304	2e-37	 165
89_fungi	gi|308913419|gb|GQ405556.1|	81.89	254	16	17	66	317	14	239	3e-44	 187
89_fungi	gi|238477169|gb|FJ435094.1|	78.48	330	39	29	6	317	1	316	3e-44	 187
89_fungi	gi|160347334|gb|EU244833.1|	78.27	336	39	31	1	317	10	330	3e-44	 187
89_fungi	gi|126843831|gb|EF090501.1|	89.47	152	10	6	1	150	22	169	3e-44	 187
89_fungi	gi|126843831|gb|EF090501.1|	90.83	120	7	4	198	317	184	299	3e-35	 158
89_fungi	gi|303305922|gb|HM625913.1|	78.01	332	47	23	1	317	13	333	1e-43	 185
89_fungi	gi|295883755|gb|HM037686.1|	78.01	332	47	23	1	317	12	332	1e-43	 185
89_fungi	gi|260181601|gb|GQ892604.1|	81.25	272	13	18	54	317	4	245	1e-43	 185
89_fungi	gi|225030964|gb|FJ746964.1|	78.01	332	47	23	1	317	9	329	1e-43	 185
89_fungi	gi|219968207|emb|FM866352.1|	89.54	153	6	9	1	147	1	149	1e-43	 185
89_fungi	gi|219968207|emb|FM866352.1|	92.47	93	4	3	226	317	198	288	6e-27	 130
89_fungi	gi|179399516|gb|EU591764.1|	89.54	153	6	9	1	147	9	157	1e-43	 185
89_fungi	gi|179399516|gb|EU591764.1|	92.47	93	4	3	226	317	207	297	6e-27	 130
89_fungi	gi|160347325|gb|EU244824.1|	78.27	336	39	31	1	317	10	330	1e-43	 185
89_fungi	gi|126843984|gb|EF090516.1|	89.40	151	11	5	1	150	23	169	1e-43	 185
89_fungi	gi|126843984|gb|EF090516.1|	90.83	120	7	4	198	317	184	299	3e-35	 158
89_fungi	gi|126843970|gb|EF090515.1|	89.40	151	11	5	1	150	24	170	1e-43	 185
89_fungi	gi|126843970|gb|EF090515.1|	90.00	120	8	4	198	317	185	300	1e-33	 152
89_fungi	gi|126843959|gb|EF090514.1|	89.40	151	11	5	1	150	23	169	1e-43	 185
89_fungi	gi|126843959|gb|EF090514.1|	90.83	120	7	4	198	317	184	299	3e-35	 158
89_fungi	gi|126843949|gb|EF090513.1|	89.40	151	11	5	1	150	23	169	1e-43	 185
89_fungi	gi|126843949|gb|EF090513.1|	90.83	120	7	4	198	317	184	299	3e-35	 158
89_fungi	gi|126843938|gb|EF090511.1|	89.40	151	11	5	1	150	23	169	1e-43	 185
89_fungi	gi|126843938|gb|EF090511.1|	91.67	120	6	4	198	317	184	299	6e-37	 163
89_fungi	gi|126843815|gb|EF090500.1|	89.40	151	11	5	1	150	23	169	1e-43	 185
89_fungi	gi|126843815|gb|EF090500.1|	90.83	120	7	4	198	317	184	299	3e-35	 158
89_fungi	gi|126843782|gb|EF090498.1|	89.40	151	10	6	1	150	26	171	1e-43	 185
89_fungi	gi|126843782|gb|EF090498.1|	90.08	121	7	5	198	317	186	302	1e-33	 152
89_fungi	gi|126843752|gb|EF090497.1|	89.40	151	11	5	1	150	24	170	1e-43	 185
89_fungi	gi|126843752|gb|EF090497.1|	90.83	120	7	4	198	317	185	300	3e-35	 158
89_fungi	gi|126843717|gb|EF090495.1|	89.40	151	10	6	1	150	24	169	1e-43	 185
89_fungi	gi|126843717|gb|EF090495.1|	90.83	120	7	4	198	317	184	299	3e-35	 158
89_fungi	gi|126843707|gb|EF090493.1|	89.40	151	11	5	1	150	30	176	1e-43	 185
89_fungi	gi|126843707|gb|EF090493.1|	90.00	120	8	4	198	317	191	306	1e-33	 152
89_fungi	gi|83272315|gb|DQ279065.1|	80.29	274	30	20	56	317	3	264	1e-43	 185
89_fungi	gi|76561730|gb|DQ028792.1|	81.50	254	18	17	66	317	19	245	1e-43	 185
89_fungi	gi|18181856|emb|AJ242899.1|	89.86	148	9	6	1	147	23	165	1e-43	 185
89_fungi	gi|18181856|emb|AJ242899.1|	87.80	123	6	9	199	317	182	299	1e-28	 135
89_fungi	gi|18181855|emb|AJ242898.1|	89.86	148	9	6	1	147	23	165	1e-43	 185
89_fungi	gi|18181855|emb|AJ242898.1|	87.80	123	6	9	199	317	182	299	1e-28	 135
89_fungi	gi|18181844|emb|AJ242887.1|	89.54	153	6	9	1	147	1	149	1e-43	 185
89_fungi	gi|18181844|emb|AJ242887.1|	92.47	93	4	3	226	317	198	288	6e-27	 130
89_fungi	gi|309320833|gb|GQ850447.1|	81.50	254	17	16	66	317	14	239	4e-43	 183
89_fungi	gi|309320805|gb|GQ850419.1|	81.50	254	17	16	66	317	16	241	4e-43	 183
89_fungi	gi|18181848|emb|AJ242891.1|	88.46	156	13	5	1	155	23	174	4e-43	 183
89_fungi	gi|18181848|emb|AJ242891.1|	91.13	124	7	4	194	317	185	304	2e-37	 165
89_fungi	gi|264716434|gb|FJ788666.1|	90.71	140	7	6	17	155	1	135	2e-42	 182
89_fungi	gi|264716434|gb|FJ788666.1|	92.74	124	6	2	194	317	146	266	7e-41	 176
89_fungi	gi|299810445|gb|HM141007.1|	89.40	151	7	8	1	148	11	155	2e-42	 182
89_fungi	gi|299810445|gb|HM141007.1|	90.16	122	8	3	197	317	173	291	9e-35	 156
89_fungi	gi|242199736|gb|GQ175304.1|	78.82	321	30	28	1	317	24	310	2e-42	 182
89_fungi	gi|18181860|emb|AJ242903.1|	89.47	152	5	10	1	147	23	168	2e-42	 182
89_fungi	gi|18181860|emb|AJ242903.1|	91.40	93	4	4	226	317	214	303	3e-25	 124
89_fungi	gi|254212123|gb|FJ611956.1|	89.80	147	6	9	1	144	24	164	6e-42	 180
89_fungi	gi|254212123|gb|FJ611956.1|	90.83	120	3	6	202	317	187	302	3e-34	 154
89_fungi	gi|238477217|gb|FJ435142.1|	89.33	150	7	8	1	147	9	152	6e-42	 180
89_fungi	gi|238477217|gb|FJ435142.1|	91.40	93	4	4	226	317	198	287	3e-25	 124
89_fungi	gi|117938169|gb|DQ913035.1|	81.75	252	13	14	66	317	27	245	6e-42	 180
89_fungi	gi|260181600|gb|GQ892603.1|	83.41	223	8	13	96	317	50	244	6e-42	 180
89_fungi	gi|225030966|gb|FJ746966.1|	77.71	332	48	23	1	317	9	329	6e-42	 180
89_fungi	gi|225030965|gb|FJ746965.1|	77.71	332	48	23	1	317	9	329	6e-42	 180
89_fungi	gi|219968236|emb|FM866381.1|	88.89	153	7	9	1	147	23	171	6e-42	 180
89_fungi	gi|219968236|emb|FM866381.1|	92.47	93	4	3	226	317	221	311	6e-27	 130
89_fungi	gi|216963612|gb|FJ440196.1|	89.33	150	7	8	1	147	9	152	6e-42	 180
89_fungi	gi|216963612|gb|FJ440196.1|	91.40	93	4	4	226	317	198	287	3e-25	 124
89_fungi	gi|119887816|gb|EF154355.1|	89.33	150	7	8	1	147	23	166	6e-42	 180
89_fungi	gi|119887816|gb|EF154355.1|	91.40	93	4	4	226	317	212	301	3e-25	 124
89_fungi	gi|119887815|gb|EF154354.1|	89.33	150	7	8	1	147	23	166	6e-42	 180
89_fungi	gi|119887815|gb|EF154354.1|	91.40	93	4	4	226	317	212	301	3e-25	 124
89_fungi	gi|119887814|gb|EF154353.1|	89.33	150	7	8	1	147	23	166	6e-42	 180
89_fungi	gi|119887814|gb|EF154353.1|	91.40	93	4	4	226	317	212	301	3e-25	 124
89_fungi	gi|90102739|gb|DQ421055.1|	77.78	333	47	22	1	317	23	344	6e-42	 180
89_fungi	gi|70906642|gb|DQ102417.1|	89.33	150	7	8	1	147	9	152	6e-42	 180
89_fungi	gi|70906642|gb|DQ102417.1|	91.40	93	4	4	226	317	198	287	3e-25	 124
89_fungi	gi|70906641|gb|DQ102416.1|	89.33	150	7	8	1	147	9	152	6e-42	 180
89_fungi	gi|70906641|gb|DQ102416.1|	91.40	93	4	4	226	317	198	287	3e-25	 124
89_fungi	gi|70906638|gb|DQ102413.1|	89.33	150	7	8	1	147	9	152	6e-42	 180
89_fungi	gi|70906638|gb|DQ102413.1|	91.40	93	4	4	226	317	198	287	3e-25	 124
89_fungi	gi|70906637|gb|DQ102412.1|	89.33	150	7	8	1	147	9	152	6e-42	 180
89_fungi	gi|70906637|gb|DQ102412.1|	91.40	93	4	4	226	317	198	287	3e-25	 124
89_fungi	gi|70906636|gb|DQ102411.1|	89.33	150	7	8	1	147	9	152	6e-42	 180
89_fungi	gi|70906636|gb|DQ102411.1|	91.40	93	4	4	226	317	198	287	3e-25	 124
89_fungi	gi|70906635|gb|DQ102410.1|	89.33	150	7	8	1	147	9	152	6e-42	 180
89_fungi	gi|70906635|gb|DQ102410.1|	91.40	93	4	4	226	317	198	287	3e-25	 124
89_fungi	gi|70906630|gb|DQ102405.1|	89.33	150	7	8	1	147	9	152	6e-42	 180
89_fungi	gi|70906630|gb|DQ102405.1|	90.32	93	5	4	226	317	198	287	1e-23	 119
89_fungi	gi|70906629|gb|DQ102404.1|	89.33	150	7	8	1	147	9	152	6e-42	 180
89_fungi	gi|70906629|gb|DQ102404.1|	91.40	93	4	4	226	317	198	287	3e-25	 124
89_fungi	gi|18181605|emb|AJ242883.1|	89.33	150	7	8	1	147	2	145	6e-42	 180
89_fungi	gi|18181605|emb|AJ242883.1|	92.77	83	3	3	236	317	200	280	4e-23	 117
89_fungi	gi|299810474|gb|HM141036.1|	88.74	151	9	8	1	147	24	170	2e-41	 178
89_fungi	gi|299810474|gb|HM141036.1|	88.98	127	9	5	194	317	186	310	1e-33	 152
89_fungi	gi|186908888|gb|EU668239.1|	89.12	147	10	6	1	147	6	146	2e-41	 178
89_fungi	gi|186908888|gb|EU668239.1|	93.26	89	1	5	231	317	198	283	7e-26	 126
89_fungi	gi|70906654|gb|DQ102429.1|	88.89	153	6	10	1	147	9	156	2e-41	 178
89_fungi	gi|70906654|gb|DQ102429.1|	92.47	93	4	3	226	317	206	296	6e-27	 130
89_fungi	gi|67763791|dbj|AB196651.1|	81.85	248	12	16	70	317	1	215	2e-41	 178
89_fungi	gi|18181607|emb|AJ242885.1|	89.12	147	10	6	1	147	7	147	2e-41	 178
89_fungi	gi|18181607|emb|AJ242885.1|	93.26	89	1	5	231	317	199	284	7e-26	 126
89_fungi	gi|18181602|emb|AJ242880.1|	89.12	147	10	6	1	147	23	163	2e-41	 178
89_fungi	gi|18181602|emb|AJ242880.1|	93.26	89	1	5	231	317	215	300	7e-26	 126
89_fungi	gi|18181600|emb|AJ242878.1|	89.12	147	10	6	1	147	9	149	2e-41	 178
89_fungi	gi|18181600|emb|AJ242878.1|	93.26	89	1	5	231	317	201	286	7e-26	 126
89_fungi	gi|18181599|emb|AJ242877.1|	89.12	147	10	6	1	147	14	154	2e-41	 178
89_fungi	gi|18181599|emb|AJ242877.1|	93.26	89	1	5	231	317	206	291	7e-26	 126
89_fungi	gi|18181598|emb|AJ242876.1|	89.12	147	10	6	1	147	12	152	2e-41	 178
89_fungi	gi|18181598|emb|AJ242876.1|	92.22	90	1	5	231	317	204	290	9e-25	 122
89_fungi	gi|18181597|emb|AJ242875.1|	89.12	147	10	6	1	147	16	156	2e-41	 178
89_fungi	gi|18181597|emb|AJ242875.1|	93.26	89	1	5	231	317	208	293	7e-26	 126
89_fungi	gi|317415233|emb|FM200483.1|	93.39	121	5	3	197	317	123	240	7e-41	 176
89_fungi	gi|283482245|emb|FM172907.1|	93.39	121	5	3	197	317	123	240	7e-41	 176
89_fungi	gi|162136057|gb|EU273525.1|	89.12	147	8	8	1	147	10	148	7e-41	 176
89_fungi	gi|162136057|gb|EU273525.1|	87.80	123	6	9	199	317	165	282	1e-28	 135
89_fungi	gi|86212246|gb|DQ356408.1|	77.68	327	48	22	5	317	1	316	7e-41	 176
89_fungi	gi|83272313|gb|DQ279063.1|	92.74	124	6	2	194	317	107	227	7e-41	 176
89_fungi	gi|55783673|gb|AY805606.1|	93.39	121	5	3	197	317	464	347	7e-41	 176
89_fungi	gi|70906640|gb|DQ102415.1|	88.74	151	7	9	1	147	9	153	7e-41	 176
89_fungi	gi|70906640|gb|DQ102415.1|	91.40	93	4	4	226	317	199	288	3e-25	 124
89_fungi	gi|67763790|dbj|AB196650.1|	92.74	124	6	2	194	317	95	215	7e-41	 176
89_fungi	gi|57161884|emb|AJ716305.1|	91.04	134	7	5	16	148	17	146	7e-41	 176
89_fungi	gi|57161884|emb|AJ716305.1|	92.56	121	6	3	197	317	165	282	3e-39	 171
89_fungi	gi|309320843|gb|GQ850457.1|	93.33	120	4	4	198	317	113	228	3e-40	 174
89_fungi	gi|309320843|gb|GQ850457.1|	87.25	102	8	5	50	150	1	98	2e-21	 111
89_fungi	gi|309320804|gb|GQ850418.1|	93.33	120	4	3	198	317	113	228	3e-40	 174
89_fungi	gi|299810477|gb|HM141039.1|	88.31	154	7	11	1	150	22	168	3e-40	 174
89_fungi	gi|299810477|gb|HM141039.1|	92.50	120	5	3	198	317	185	300	1e-38	 169
89_fungi	gi|299810448|gb|HM141010.1|	88.08	151	12	6	1	151	13	157	3e-40	 174
89_fungi	gi|299810448|gb|HM141010.1|	93.22	118	4	4	201	317	184	298	3e-39	 171
89_fungi	gi|221218438|dbj|AB449198.1|	78.44	320	32	24	1	317	1	286	3e-40	 174
89_fungi	gi|221218427|dbj|AB449187.1|	78.44	320	31	25	1	317	1	285	3e-40	 174
89_fungi	gi|221218426|dbj|AB449186.1|	78.44	320	31	25	1	317	1	285	3e-40	 174
89_fungi	gi|221218425|dbj|AB449185.1|	78.44	320	31	25	1	317	1	285	3e-40	 174
89_fungi	gi|221218422|dbj|AB449182.1|	78.44	320	31	25	1	317	1	285	3e-40	 174
89_fungi	gi|221218421|dbj|AB449181.1|	78.44	320	31	25	1	317	1	285	3e-40	 174
89_fungi	gi|221218420|dbj|AB449180.1|	78.44	320	31	25	1	317	1	285	3e-40	 174
89_fungi	gi|221218419|dbj|AB449179.1|	78.44	320	31	25	1	317	1	285	3e-40	 174
89_fungi	gi|221218412|dbj|AB449172.1|	78.44	320	31	25	1	317	1	285	3e-40	 174
89_fungi	gi|221218409|dbj|AB449169.1|	78.44	320	31	25	1	317	1	285	3e-40	 174
89_fungi	gi|194306768|gb|AY787667.2|	82.76	232	4	18	90	317	11	210	3e-40	 174
89_fungi	gi|179399535|gb|EU591783.1|	88.67	150	8	8	1	147	10	153	3e-40	 174
89_fungi	gi|179399535|gb|EU591783.1|	91.40	93	4	4	226	317	200	289	7e-26	 126
89_fungi	gi|179399526|gb|EU591774.1|	88.67	150	7	9	1	147	9	151	3e-40	 174
89_fungi	gi|179399526|gb|EU591774.1|	91.40	93	4	4	226	317	197	286	3e-25	 124
89_fungi	gi|126843798|gb|EF090499.1|	93.33	120	4	3	198	317	181	296	3e-40	 174
89_fungi	gi|126843729|gb|EF090496.1|	88.16	152	10	8	1	150	8	153	3e-40	 174
89_fungi	gi|126843729|gb|EF090496.1|	90.83	120	7	4	198	317	168	283	3e-35	 158
89_fungi	gi|126843702|gb|EF090492.1|	88.08	151	13	5	1	150	30	176	3e-40	 174
89_fungi	gi|126843702|gb|EF090492.1|	90.83	120	7	4	198	317	191	306	3e-35	 158
89_fungi	gi|111555233|gb|DQ672288.1|	93.33	120	4	3	198	317	146	261	3e-40	 174
89_fungi	gi|111555233|gb|DQ672288.1|	89.55	134	11	3	17	150	1	131	4e-38	 167
89_fungi	gi|111555231|gb|DQ672286.1|	93.33	120	4	3	198	317	146	261	3e-40	 174
89_fungi	gi|111555231|gb|DQ672286.1|	89.55	134	11	3	17	150	1	131	4e-38	 167
89_fungi	gi|83272314|gb|DQ279064.1|	92.06	126	7	2	192	317	105	227	3e-40	 174
89_fungi	gi|83272314|gb|DQ279064.1|	88.54	96	8	3	66	161	9	101	6e-22	 113
89_fungi	gi|83272312|gb|DQ279062.1|	92.62	122	6	3	197	317	108	227	3e-40	 174
89_fungi	gi|119887817|gb|EF154356.1|	88.67	150	8	8	1	147	23	166	3e-40	 174
89_fungi	gi|119887817|gb|EF154356.1|	91.40	93	4	4	226	317	212	301	3e-25	 124
89_fungi	gi|70906628|gb|DQ102403.1|	88.67	150	7	9	1	147	9	151	3e-40	 174
89_fungi	gi|70906628|gb|DQ102403.1|	91.40	93	4	4	226	317	197	286	3e-25	 124
89_fungi	gi|67763789|dbj|AB196649.1|	92.06	126	7	2	192	317	86	208	3e-40	 174
89_fungi	gi|67763789|dbj|AB196649.1|	93.83	81	2	3	81	161	5	82	1e-23	 119
89_fungi	gi|67763788|dbj|AB196648.1|	92.06	126	7	2	192	317	93	215	3e-40	 174
89_fungi	gi|67763788|dbj|AB196648.1|	92.39	92	4	3	70	161	1	89	2e-26	 128
89_fungi	gi|16565816|gb|AF354089.1|	92.06	126	7	2	192	317	115	237	3e-40	 174
89_fungi	gi|16565816|gb|AF354089.1|	88.50	113	9	4	49	161	3	111	3e-29	 137
89_fungi	gi|63148149|gb|AY643805.3|	93.33	120	4	3	198	317	127	242	3e-40	 174
89_fungi	gi|63148149|gb|AY643805.3|	88.89	117	6	7	36	150	1	112	3e-29	 137
89_fungi	gi|18181849|emb|AJ242892.1|	88.67	150	8	8	1	147	26	169	3e-40	 174
89_fungi	gi|18181849|emb|AJ242892.1|	91.40	93	4	4	226	317	215	304	3e-25	 124
89_fungi	gi|221218443|dbj|AB449203.1|	78.37	319	32	25	1	317	1	284	9e-40	 172
89_fungi	gi|221218441|dbj|AB449201.1|	78.37	319	32	25	1	317	1	284	9e-40	 172
89_fungi	gi|221218440|dbj|AB449200.1|	78.37	319	32	25	1	317	1	284	9e-40	 172
89_fungi	gi|163257657|emb|AM901722.1|	87.90	157	6	9	1	148	178	330	9e-40	 172
89_fungi	gi|163257657|emb|AM901722.1|	91.06	123	6	5	197	317	349	468	2e-36	 161
89_fungi	gi|126843862|gb|EF090503.1|	88.51	148	10	7	1	146	24	166	9e-40	 172
89_fungi	gi|126843862|gb|EF090503.1|	90.00	120	8	4	198	317	186	301	1e-33	 152
89_fungi	gi|146218698|emb|AM697950.1|	80.14	277	15	20	49	317	3	247	9e-40	 172
89_fungi	gi|83272187|gb|DQ278937.1|	93.28	119	5	3	199	317	157	272	9e-40	 172
89_fungi	gi|109895363|gb|DQ661903.1|	90.91	132	6	6	19	148	1	128	9e-40	 172
89_fungi	gi|109895363|gb|DQ661903.1|	91.67	120	6	4	197	315	147	263	6e-37	 163
89_fungi	gi|76561735|gb|DQ028797.1|	92.50	120	5	4	198	317	116	231	9e-40	 172
89_fungi	gi|18181608|emb|AJ242886.1|	88.44	147	11	6	1	147	8	148	9e-40	 172
89_fungi	gi|18181608|emb|AJ242886.1|	93.98	83	1	4	237	317	205	285	9e-25	 122
89_fungi	gi|18181601|emb|AJ242879.1|	88.44	147	11	6	1	147	17	157	9e-40	 172
89_fungi	gi|18181601|emb|AJ242879.1|	93.26	89	1	5	231	317	209	294	7e-26	 126
89_fungi	gi|317415238|emb|FM200488.1|	92.56	121	6	3	197	317	123	240	3e-39	 171
89_fungi	gi|309320837|gb|GQ850451.1|	92.50	120	5	3	198	317	113	228	3e-39	 171
89_fungi	gi|309320837|gb|GQ850451.1|	87.25	102	8	5	50	150	1	98	2e-21	 111
89_fungi	gi|308082972|emb|FR676939.1|	80.14	277	15	20	49	317	3	247	3e-39	 171
89_fungi	gi|264716460|gb|FJ788692.1|	92.56	121	6	3	197	317	147	264	3e-39	 171
89_fungi	gi|264716460|gb|FJ788692.1|	90.23	133	7	6	17	148	1	128	1e-38	 169
89_fungi	gi|299810453|gb|HM141015.1|	92.56	121	6	3	197	317	9	126	3e-39	 171
89_fungi	gi|283854256|gb|GQ268595.1|	92.56	121	6	3	197	317	139	256	3e-39	 171
89_fungi	gi|283854256|gb|GQ268595.1|	91.13	124	6	5	26	148	1	120	6e-37	 163
89_fungi	gi|194400813|gb|EU668908.1|	92.56	121	6	3	197	317	122	239	3e-39	 171
89_fungi	gi|193227129|emb|FM177772.1|	80.14	277	15	20	49	317	3	247	3e-39	 171
89_fungi	gi|179399563|gb|EU591811.1|	88.08	151	7	10	1	147	12	155	3e-39	 171
89_fungi	gi|179399563|gb|EU591811.1|	91.40	93	4	4	226	317	201	290	3e-25	 124
89_fungi	gi|179399527|gb|EU591775.1|	88.08	151	7	10	1	147	12	155	3e-39	 171
89_fungi	gi|179399527|gb|EU591775.1|	91.40	93	4	4	226	317	201	290	3e-25	 124
89_fungi	gi|148611366|gb|EF592076.1|	90.91	132	4	7	21	148	4	131	3e-39	 171
89_fungi	gi|148611366|gb|EF592076.1|	92.79	111	6	2	197	306	150	259	7e-36	 159
89_fungi	gi|146424449|emb|AM711620.1|	80.14	277	15	20	49	317	3	247	3e-39	 171
89_fungi	gi|146218704|emb|AM697956.1|	80.14	277	15	20	49	317	3	247	3e-39	 171
89_fungi	gi|146218703|emb|AM697955.1|	80.14	277	15	20	49	317	3	247	3e-39	 171
89_fungi	gi|146218699|emb|AM697951.1|	80.14	277	15	20	49	317	3	247	3e-39	 171
89_fungi	gi|94466858|emb|AM231389.1|	92.56	121	6	3	197	317	123	240	3e-39	 171
89_fungi	gi|70906644|gb|DQ102419.1|	88.08	151	8	9	1	147	9	153	3e-39	 171
89_fungi	gi|70906644|gb|DQ102419.1|	90.32	93	5	4	226	317	199	288	1e-23	 119
89_fungi	gi|27650334|emb|AJ427402.1|	92.50	120	7	2	199	317	126	244	3e-39	 171
89_fungi	gi|18181603|emb|AJ242881.1|	88.44	147	10	7	2	147	1	141	3e-39	 171
89_fungi	gi|18181603|emb|AJ242881.1|	93.26	89	1	5	231	317	193	278	7e-26	 126
89_fungi	gi|309320803|gb|GQ850417.1|	92.50	120	5	4	198	317	113	228	1e-38	 169
89_fungi	gi|309320799|gb|GQ850413.1|	92.50	120	5	3	198	317	113	228	1e-38	 169
89_fungi	gi|309320799|gb|GQ850413.1|	86.27	102	9	5	50	150	1	98	3e-20	 108
89_fungi	gi|309320774|gb|GQ850388.1|	92.50	120	5	4	198	317	113	228	1e-38	 169
89_fungi	gi|308913418|gb|GQ405555.1|	92.50	120	5	4	198	317	115	230	1e-38	 169
89_fungi	gi|308913414|gb|GQ405551.1|	92.50	120	5	4	198	317	115	230	1e-38	 169
89_fungi	gi|308913409|gb|GQ405546.1|	92.50	120	5	4	198	317	115	230	1e-38	 169
89_fungi	gi|308913407|gb|GQ405544.1|	92.50	120	5	4	198	317	113	228	1e-38	 169
89_fungi	gi|308913402|gb|GQ405539.1|	92.50	120	5	4	198	317	115	230	1e-38	 169
89_fungi	gi|264716459|gb|FJ788691.1|	92.50	120	5	3	198	317	136	251	1e-38	 169
89_fungi	gi|264716458|gb|FJ788690.1|	92.50	120	5	3	198	317	136	251	1e-38	 169
89_fungi	gi|299810478|gb|HM141040.1|	92.50	120	5	3	198	317	101	216	1e-38	 169
89_fungi	gi|299810478|gb|HM141040.1|	91.55	71	2	4	81	150	17	84	2e-16	95.3
89_fungi	gi|299810476|gb|HM141038.1|	92.50	120	5	3	198	317	129	244	1e-38	 169
89_fungi	gi|299810476|gb|HM141038.1|	86.44	118	7	9	36	150	1	112	3e-24	 121
89_fungi	gi|299810451|gb|HM141013.1|	88.44	147	7	8	1	146	17	154	1e-38	 169
89_fungi	gi|299810451|gb|HM141013.1|	92.13	89	2	5	231	317	204	289	3e-24	 121
89_fungi	gi|238477222|gb|FJ435147.1|	88.81	143	8	8	5	147	1	135	1e-38	 169
89_fungi	gi|238477222|gb|FJ435147.1|	87.80	123	6	9	199	317	152	269	1e-28	 135
89_fungi	gi|187961825|gb|EU516903.1|	80.71	254	18	19	66	317	3	227	1e-38	 169
89_fungi	gi|221218424|dbj|AB449184.1|	78.12	320	32	25	1	317	1	285	1e-38	 169
89_fungi	gi|216963613|gb|FJ440197.1|	88.08	151	7	10	1	147	9	152	1e-38	 169
89_fungi	gi|216963613|gb|FJ440197.1|	91.40	93	4	4	226	317	198	287	3e-25	 124
89_fungi	gi|129561467|gb|EF160071.1|	92.50	120	5	3	198	317	53	168	1e-38	 169
89_fungi	gi|129561467|gb|EF160071.1|	97.44	39	0	1	112	150	1	38	2e-07	65.8
89_fungi	gi|76561738|gb|DQ028800.1|	92.50	120	5	4	198	317	116	231	1e-38	 169
89_fungi	gi|70906653|gb|DQ102428.1|	88.08	151	7	10	1	147	9	152	1e-38	 169
89_fungi	gi|70906652|gb|DQ102427.1|	88.08	151	7	10	1	147	9	152	1e-38	 169
89_fungi	gi|70906652|gb|DQ102427.1|	90.32	93	5	4	226	317	198	287	1e-23	 119
89_fungi	gi|70906649|gb|DQ102424.1|	88.08	151	7	10	1	147	9	152	1e-38	 169
89_fungi	gi|70906649|gb|DQ102424.1|	91.40	93	4	4	226	317	198	287	3e-25	 124
89_fungi	gi|18181850|emb|AJ242893.1|	88.00	150	9	8	1	147	26	169	1e-38	 169
89_fungi	gi|18181850|emb|AJ242893.1|	91.40	93	4	4	226	317	215	304	3e-25	 124
89_fungi	gi|264716485|gb|FJ788717.1|	91.34	127	4	7	194	317	129	251	4e-38	 167
89_fungi	gi|220680936|dbj|AB454411.1|	87.84	148	10	7	1	147	12	152	4e-38	 167
89_fungi	gi|220680936|dbj|AB454411.1|	87.80	123	6	9	199	317	170	287	1e-28	 135
89_fungi	gi|70906626|gb|DQ102401.1|	87.92	149	9	8	1	147	9	150	4e-38	 167
89_fungi	gi|70906626|gb|DQ102401.1|	93.26	89	1	5	231	317	200	285	7e-26	 126
89_fungi	gi|18181857|emb|AJ242900.1|	87.58	153	8	10	1	147	23	170	4e-38	 167
89_fungi	gi|18181857|emb|AJ242900.1|	92.47	93	4	3	226	317	219	309	6e-27	 130
89_fungi	gi|18181854|emb|AJ242897.1|	87.84	148	11	7	1	147	24	165	4e-38	 167
89_fungi	gi|18181854|emb|AJ242897.1|	93.26	89	1	5	231	317	215	300	7e-26	 126
89_fungi	gi|226938508|gb|FJ827246.1|	78.83	307	20	26	17	317	1	268	2e-37	 165
89_fungi	gi|226938433|gb|FJ827171.1|	78.83	307	20	26	17	317	1	268	2e-37	 165
89_fungi	gi|264716447|gb|FJ788679.1|	90.62	128	6	5	192	317	139	262	2e-37	 165
89_fungi	gi|264716447|gb|FJ788679.1|	90.00	130	7	6	24	152	1	125	6e-37	 163
89_fungi	gi|264716440|gb|FJ788672.1|	87.84	148	9	9	1	147	12	151	2e-37	 165
89_fungi	gi|264716440|gb|FJ788672.1|	90.00	120	7	5	198	317	163	277	4e-33	 150
89_fungi	gi|299810483|gb|HM141045.1|	79.23	284	23	23	35	317	1	249	2e-37	 165
89_fungi	gi|158442064|gb|EU191041.1|	92.50	120	2	6	202	317	102	218	2e-37	 165
89_fungi	gi|146218702|emb|AM697954.1|	79.78	277	16	20	49	317	3	247	2e-37	 165
89_fungi	gi|146218701|emb|AM697953.1|	79.78	277	16	20	49	317	3	247	2e-37	 165
89_fungi	gi|146218700|emb|AM697952.1|	79.78	277	16	20	49	317	3	247	2e-37	 165
89_fungi	gi|116833240|gb|DQ979011.1|	87.50	152	8	10	1	147	652	507	2e-37	 165
89_fungi	gi|116833240|gb|DQ979011.1|	91.40	93	4	4	226	317	460	371	3e-25	 124
89_fungi	gi|76561736|gb|DQ028798.1|	91.67	120	6	4	198	317	116	231	2e-37	 165
89_fungi	gi|93278075|gb|DQ452073.1|	87.50	152	8	10	1	147	13	158	2e-37	 165
89_fungi	gi|93278075|gb|DQ452073.1|	91.40	93	4	4	226	317	205	294	3e-25	 124
89_fungi	gi|19913080|emb|AJ419929.1|	91.74	121	7	3	197	317	129	246	2e-37	 165
89_fungi	gi|299810482|gb|HM141044.1|	87.76	147	8	9	1	146	12	149	6e-37	 163
89_fungi	gi|299810482|gb|HM141044.1|	85.37	123	6	11	200	317	169	284	4e-23	 117
89_fungi	gi|299810454|gb|HM141016.1|	90.98	122	7	3	197	317	9	127	6e-37	 163
89_fungi	gi|260065655|gb|FJ809765.1|	81.62	234	9	19	90	317	51	256	6e-37	 163
89_fungi	gi|242199749|gb|GQ200570.1|	87.42	151	8	11	1	147	24	167	6e-37	 163
89_fungi	gi|242199749|gb|GQ200570.1|	89.26	121	3	9	201	317	194	308	7e-31	 143
89_fungi	gi|242199743|gb|GQ175311.1|	87.42	151	8	11	1	147	24	167	6e-37	 163
89_fungi	gi|242199743|gb|GQ175311.1|	89.26	121	3	9	201	317	194	308	7e-31	 143
89_fungi	gi|242199742|gb|GQ175310.1|	87.42	151	8	11	1	147	24	167	6e-37	 163
89_fungi	gi|242199742|gb|GQ175310.1|	89.26	121	3	9	201	317	194	308	7e-31	 143
89_fungi	gi|242199741|gb|GQ175309.1|	87.42	151	8	11	1	147	24	167	6e-37	 163
89_fungi	gi|242199741|gb|GQ175309.1|	89.26	121	3	9	201	317	194	308	7e-31	 143
89_fungi	gi|242199740|gb|GQ175308.1|	87.42	151	8	11	1	147	24	167	6e-37	 163
89_fungi	gi|242199740|gb|GQ175308.1|	89.26	121	3	9	201	317	194	308	7e-31	 143
89_fungi	gi|242199739|gb|GQ175307.1|	87.42	151	8	11	1	147	24	167	6e-37	 163
89_fungi	gi|242199739|gb|GQ175307.1|	89.26	121	3	9	201	317	194	308	7e-31	 143
89_fungi	gi|242199738|gb|GQ175306.1|	87.42	151	8	11	1	147	24	167	6e-37	 163
89_fungi	gi|242199738|gb|GQ175306.1|	89.26	121	3	9	201	317	194	308	7e-31	 143
89_fungi	gi|242199737|gb|GQ175305.1|	87.42	151	8	11	1	147	24	167	6e-37	 163
89_fungi	gi|242199737|gb|GQ175305.1|	89.26	121	3	9	201	317	194	308	7e-31	 143
89_fungi	gi|219813957|gb|FJ554171.1|	87.76	147	9	8	1	147	315	452	6e-37	 163
89_fungi	gi|219813957|gb|FJ554171.1|	89.17	120	8	5	198	317	466	580	2e-31	 145
89_fungi	gi|219813956|gb|FJ554170.1|	87.76	147	9	8	1	147	315	452	6e-37	 163
89_fungi	gi|219813956|gb|FJ554170.1|	89.17	120	8	5	198	317	466	580	2e-31	 145
89_fungi	gi|219813249|gb|FJ553463.1|	87.76	147	9	8	1	147	315	452	6e-37	 163
89_fungi	gi|219813249|gb|FJ553463.1|	89.17	120	8	5	198	317	466	580	2e-31	 145
89_fungi	gi|219812768|gb|FJ552982.1|	87.76	147	9	8	1	147	315	452	6e-37	 163
89_fungi	gi|219812768|gb|FJ552982.1|	88.33	120	9	5	198	317	466	580	9e-30	 139
89_fungi	gi|219812669|gb|FJ552883.1|	87.76	147	9	8	1	147	316	453	6e-37	 163
89_fungi	gi|219812669|gb|FJ552883.1|	89.17	120	8	5	198	317	467	581	2e-31	 145
89_fungi	gi|216963616|gb|FJ440200.1|	78.89	289	26	24	36	317	1	261	6e-37	 163
89_fungi	gi|109895321|gb|DQ661861.1|	87.76	147	9	8	1	147	24	161	6e-37	 163
89_fungi	gi|76561737|gb|DQ028799.1|	91.53	118	6	4	200	317	109	222	6e-37	 163
89_fungi	gi|70906639|gb|DQ102414.1|	87.25	149	11	7	1	147	9	151	6e-37	 163
89_fungi	gi|70906639|gb|DQ102414.1|	91.40	93	4	4	226	317	197	286	3e-25	 124
89_fungi	gi|18181859|emb|AJ242902.1|	87.76	147	8	9	1	144	23	162	6e-37	 163
89_fungi	gi|18181859|emb|AJ242902.1|	91.40	93	4	4	226	317	213	302	3e-25	 124
89_fungi	gi|323689976|dbj|AB576886.1|	91.67	120	4	6	199	317	84	198	2e-36	 161
89_fungi	gi|303305917|gb|HM625908.1|	87.16	148	11	7	1	147	5	145	2e-36	 161
89_fungi	gi|303305917|gb|HM625908.1|	93.26	89	1	5	231	317	195	280	7e-26	 126
89_fungi	gi|299810447|gb|HM141009.1|	90.98	122	7	3	197	317	179	297	2e-36	 161
89_fungi	gi|188496668|emb|AM999665.1|	91.06	123	6	5	197	317	118	237	2e-36	 161
89_fungi	gi|70906627|gb|DQ102402.1|	87.16	148	11	7	1	147	9	149	2e-36	 161
89_fungi	gi|70906627|gb|DQ102402.1|	93.26	89	1	5	231	317	199	284	7e-26	 126
89_fungi	gi|70906624|gb|DQ102399.1|	87.16	148	11	7	1	147	9	149	2e-36	 161
89_fungi	gi|70906624|gb|DQ102399.1|	93.26	89	1	5	231	317	199	284	7e-26	 126
89_fungi	gi|70906623|gb|DQ102398.1|	87.16	148	11	7	1	147	9	149	2e-36	 161
89_fungi	gi|70906623|gb|DQ102398.1|	93.26	89	1	5	231	317	199	284	7e-26	 126
89_fungi	gi|70906622|gb|DQ102397.1|	87.16	148	11	7	1	147	9	149	2e-36	 161
89_fungi	gi|70906622|gb|DQ102397.1|	93.26	89	1	5	231	317	199	284	7e-26	 126
89_fungi	gi|309320801|gb|GQ850415.1|	91.06	123	3	6	198	317	114	231	7e-36	 159
89_fungi	gi|308913400|gb|GQ405537.1|	90.98	122	6	4	197	317	116	233	7e-36	 159
89_fungi	gi|308913400|gb|GQ405537.1|	86.79	106	5	9	49	150	2	102	7e-21	 110
89_fungi	gi|300077913|gb|GU053836.1|	87.25	149	8	10	1	147	6	145	7e-36	 159
89_fungi	gi|300077913|gb|GU053836.1|	88.33	120	8	6	199	317	160	274	9e-30	 139
89_fungi	gi|264716441|gb|FJ788673.1|	78.69	291	25	22	31	317	1	258	7e-36	 159
89_fungi	gi|299810484|gb|HM141046.1|	91.60	119	5	4	199	317	142	255	7e-36	 159
89_fungi	gi|260181608|gb|GQ892611.1|	90.98	122	6	5	198	317	113	231	7e-36	 159
89_fungi	gi|260181606|gb|GQ892609.1|	90.98	122	6	5	198	317	113	231	7e-36	 159
89_fungi	gi|260181605|gb|GQ892608.1|	90.98	122	6	5	198	317	113	231	7e-36	 159
89_fungi	gi|260181603|gb|GQ892606.1|	90.98	122	6	5	198	317	113	231	7e-36	 159
89_fungi	gi|260181602|gb|GQ892605.1|	90.98	122	6	5	198	317	113	231	7e-36	 159
89_fungi	gi|216963619|gb|FJ440203.1|	78.55	289	29	22	36	317	1	263	7e-36	 159
89_fungi	gi|76561754|gb|DQ028816.1|	90.98	122	6	4	197	317	116	233	7e-36	 159
89_fungi	gi|76561754|gb|DQ028816.1|	86.67	105	6	8	49	150	3	102	7e-21	 110
89_fungi	gi|70906648|gb|DQ102423.1|	86.93	153	7	12	1	147	9	154	7e-36	 159
89_fungi	gi|70906648|gb|DQ102423.1|	91.40	93	4	4	226	317	200	289	3e-25	 124
89_fungi	gi|312598413|gb|GU086224.1|	90.83	120	7	4	198	317	113	228	3e-35	 158
89_fungi	gi|309320840|gb|GQ850454.1|	90.83	120	7	4	198	317	113	228	3e-35	 158
89_fungi	gi|309320798|gb|GQ850412.1|	90.83	120	7	4	198	317	113	228	3e-35	 158
89_fungi	gi|309320797|gb|GQ850411.1|	90.83	120	7	4	198	317	113	228	3e-35	 158
89_fungi	gi|309320797|gb|GQ850411.1|	90.59	85	6	2	66	150	16	98	6e-22	 113
89_fungi	gi|309320788|gb|GQ850402.1|	90.91	121	5	6	198	317	113	228	3e-35	 158
89_fungi	gi|309320788|gb|GQ850402.1|	91.76	85	5	2	66	150	16	98	4e-23	 117
89_fungi	gi|309320784|gb|GQ850398.1|	90.83	120	7	4	198	317	113	228	3e-35	 158
89_fungi	gi|308913412|gb|GQ405549.1|	90.83	120	7	4	198	317	115	230	3e-35	 158
89_fungi	gi|308913408|gb|GQ405545.1|	90.83	120	7	4	198	317	115	230	3e-35	 158
89_fungi	gi|308913403|gb|GQ405540.1|	90.83	120	7	4	198	317	115	230	3e-35	 158
89_fungi	gi|299810449|gb|HM141011.1|	86.67	150	10	10	1	146	13	156	3e-35	 158
89_fungi	gi|299810449|gb|HM141011.1|	93.90	82	2	3	238	317	221	301	3e-24	 121
89_fungi	gi|187961781|gb|EU516859.1|	90.91	121	5	6	198	317	92	207	3e-35	 158
89_fungi	gi|179399534|gb|EU591782.1|	88.41	138	6	9	16	147	1	134	3e-35	 158
89_fungi	gi|179399534|gb|EU591782.1|	92.47	93	4	3	226	317	184	274	6e-27	 130
89_fungi	gi|126843692|gb|EF090491.1|	90.83	120	7	4	198	317	265	380	3e-35	 158
89_fungi	gi|146218697|emb|AM697949.1|	90.91	121	5	6	198	317	107	222	3e-35	 158
89_fungi	gi|122703729|dbj|AB286931.1|	78.47	288	29	22	36	317	1	261	3e-35	 158
89_fungi	gi|122703728|dbj|AB286930.1|	78.47	288	29	22	36	317	1	261	3e-35	 158
89_fungi	gi|76561745|gb|DQ028807.1|	90.83	120	7	4	198	317	116	231	3e-35	 158
89_fungi	gi|76561744|gb|DQ028806.1|	90.83	120	7	4	198	317	116	231	3e-35	 158
89_fungi	gi|76561743|gb|DQ028805.1|	90.83	120	7	4	198	317	116	231	3e-35	 158
89_fungi	gi|76561742|gb|DQ028804.1|	90.83	120	7	4	198	317	116	231	3e-35	 158
89_fungi	gi|76561741|gb|DQ028803.1|	90.83	120	7	4	198	317	116	231	3e-35	 158
89_fungi	gi|76561739|gb|DQ028801.1|	90.83	120	7	4	198	317	116	231	3e-35	 158
89_fungi	gi|63148147|gb|AY643803.3|	90.83	120	7	4	198	317	127	242	3e-35	 158
89_fungi	gi|319738925|gb|HQ738653.1|	88.32	137	6	9	17	147	1	133	9e-35	 156
89_fungi	gi|319738925|gb|HQ738653.1|	92.47	93	4	3	226	317	182	272	6e-27	 130
89_fungi	gi|317415234|emb|FM200484.1|	90.83	120	6	5	199	317	128	243	9e-35	 156
89_fungi	gi|309320809|gb|GQ850423.1|	93.52	108	1	4	212	317	128	231	9e-35	 156
89_fungi	gi|309320808|gb|GQ850422.1|	93.52	108	1	4	212	317	128	231	9e-35	 156
89_fungi	gi|309320796|gb|GQ850410.1|	93.52	108	1	4	212	317	129	232	9e-35	 156
89_fungi	gi|309320795|gb|GQ850409.1|	93.52	108	1	4	212	317	128	231	9e-35	 156
89_fungi	gi|308913420|gb|GQ405557.1|	93.52	108	1	4	212	317	130	233	9e-35	 156
89_fungi	gi|308913413|gb|GQ405550.1|	93.52	108	1	4	212	317	130	233	9e-35	 156
89_fungi	gi|303305918|gb|HM625909.1|	86.49	148	12	7	1	147	5	145	9e-35	 156
89_fungi	gi|303305918|gb|HM625909.1|	93.26	89	1	5	231	317	195	280	7e-26	 126
89_fungi	gi|303305916|gb|HM625907.1|	86.49	148	12	7	1	147	5	145	9e-35	 156
89_fungi	gi|303305916|gb|HM625907.1|	93.26	89	1	5	231	317	195	280	7e-26	 126
89_fungi	gi|299810481|gb|HM141043.1|	90.32	124	5	7	196	317	138	256	9e-35	 156
89_fungi	gi|299810446|gb|HM141008.1|	90.16	122	8	3	197	317	175	293	9e-35	 156
89_fungi	gi|76561757|gb|DQ028819.1|	93.52	108	1	4	212	317	131	234	9e-35	 156
89_fungi	gi|76561756|gb|DQ028818.1|	93.52	108	1	4	212	317	131	234	9e-35	 156
89_fungi	gi|70906620|gb|DQ102395.1|	86.49	148	12	7	1	147	9	149	9e-35	 156
89_fungi	gi|70906620|gb|DQ102395.1|	92.13	89	2	5	231	317	199	284	3e-24	 121
89_fungi	gi|20531615|gb|AF502808.1|	90.76	119	7	4	200	317	77	192	9e-35	 156
89_fungi	gi|309320842|gb|GQ850456.1|	90.83	120	3	6	202	317	115	230	3e-34	 154
89_fungi	gi|309320841|gb|GQ850455.1|	90.83	120	3	6	202	317	119	234	3e-34	 154
89_fungi	gi|309320812|gb|GQ850426.1|	90.83	120	3	6	202	317	116	231	3e-34	 154
89_fungi	gi|309320802|gb|GQ850416.1|	90.83	120	3	6	202	317	113	228	3e-34	 154
89_fungi	gi|309320791|gb|GQ850405.1|	90.83	120	3	6	202	317	115	230	3e-34	 154
89_fungi	gi|309320790|gb|GQ850404.1|	90.83	120	3	6	202	317	115	230	3e-34	 154
89_fungi	gi|309320786|gb|GQ850400.1|	90.00	120	8	4	198	317	110	225	3e-34	 154
89_fungi	gi|309320786|gb|GQ850400.1|	89.41	85	7	2	66	150	13	95	3e-20	 108
89_fungi	gi|309320783|gb|GQ850397.1|	90.83	120	3	6	202	317	115	230	3e-34	 154
89_fungi	gi|309320782|gb|GQ850396.1|	90.83	120	3	6	202	317	115	230	3e-34	 154
89_fungi	gi|309320781|gb|GQ850395.1|	90.83	120	3	6	202	317	117	232	3e-34	 154
89_fungi	gi|308913416|gb|GQ405553.1|	90.83	120	3	6	202	317	118	233	3e-34	 154
89_fungi	gi|308913411|gb|GQ405548.1|	90.83	120	3	6	202	317	117	232	3e-34	 154
89_fungi	gi|308913401|gb|GQ405538.1|	90.00	120	8	4	198	317	115	230	3e-34	 154
89_fungi	gi|299767782|gb|GQ999374.1|	86.39	147	12	6	1	147	6	144	3e-34	 154
89_fungi	gi|299767782|gb|GQ999374.1|	89.17	120	6	5	198	317	156	268	7e-31	 143
89_fungi	gi|264716488|gb|FJ788720.1|	90.76	119	6	5	199	317	121	234	3e-34	 154
89_fungi	gi|299480140|gb|HM146802.1|	85.81	155	10	12	1	151	25	171	3e-34	 154
89_fungi	gi|299480140|gb|HM146802.1|	95.45	88	2	2	230	317	215	300	9e-30	 139
89_fungi	gi|260181611|gb|GQ892614.1|	90.24	123	5	7	198	317	113	231	3e-34	 154
89_fungi	gi|260181610|gb|GQ892613.1|	90.24	123	5	7	198	317	113	231	3e-34	 154
89_fungi	gi|260181609|gb|GQ892612.1|	90.24	123	5	7	198	317	113	231	3e-34	 154
89_fungi	gi|260181607|gb|GQ892610.1|	90.24	123	5	7	198	317	114	232	3e-34	 154
89_fungi	gi|260181604|gb|GQ892607.1|	90.16	122	7	5	198	317	113	231	3e-34	 154
89_fungi	gi|187961822|gb|EU516900.1|	90.76	119	6	5	199	317	106	219	3e-34	 154
89_fungi	gi|187961707|gb|EU516785.1|	90.76	119	6	5	199	317	104	217	3e-34	 154
89_fungi	gi|216963615|gb|FJ440199.1|	78.05	287	34	20	36	317	1	263	3e-34	 154
89_fungi	gi|159576941|dbj|AB303050.1|	86.90	145	9	9	1	143	1	137	3e-34	 154
89_fungi	gi|159576941|dbj|AB303050.1|	91.67	108	4	5	211	317	187	290	2e-31	 145
89_fungi	gi|121511811|gb|EF176459.1|	97.78	90	1	1	228	317	18	106	3e-34	 154
89_fungi	gi|121511810|gb|EF176458.1|	97.78	90	1	1	228	317	18	106	3e-34	 154
89_fungi	gi|76561758|gb|DQ028820.1|	90.83	120	3	6	202	317	115	230	3e-34	 154
89_fungi	gi|76561755|gb|DQ028817.1|	90.24	123	5	5	197	317	117	234	3e-34	 154
89_fungi	gi|309320834|gb|GQ850448.1|	97.75	89	1	1	229	317	142	229	1e-33	 152
89_fungi	gi|309320826|gb|GQ850440.1|	97.75	89	1	1	229	317	144	231	1e-33	 152
89_fungi	gi|309320825|gb|GQ850439.1|	97.75	89	1	1	229	317	144	231	1e-33	 152
89_fungi	gi|309320824|gb|GQ850438.1|	97.75	89	1	1	229	317	144	231	1e-33	 152
89_fungi	gi|309320823|gb|GQ850437.1|	97.75	89	1	1	229	317	144	231	1e-33	 152
89_fungi	gi|309320822|gb|GQ850436.1|	97.75	89	1	1	229	317	142	229	1e-33	 152
89_fungi	gi|309320821|gb|GQ850435.1|	97.75	89	1	1	229	317	141	228	1e-33	 152
89_fungi	gi|309320773|gb|GQ850387.1|	92.59	108	2	4	212	317	128	231	1e-33	 152
89_fungi	gi|308913425|gb|GQ405562.1|	97.75	89	1	1	229	317	146	233	1e-33	 152
89_fungi	gi|308913423|gb|GQ405560.1|	97.75	89	1	1	229	317	146	233	1e-33	 152
89_fungi	gi|307948743|gb|HQ270171.1|	88.15	135	7	8	17	147	1	130	1e-33	 152
89_fungi	gi|307948743|gb|HQ270171.1|	90.32	93	5	4	226	317	177	266	1e-23	 119
89_fungi	gi|251734362|gb|GQ221863.1|	89.92	119	11	1	199	317	127	244	1e-33	 152
89_fungi	gi|242199748|gb|GQ175316.1|	86.09	151	10	11	1	147	22	165	1e-33	 152
89_fungi	gi|242199748|gb|GQ175316.1|	89.26	121	3	9	201	317	192	306	7e-31	 143
89_fungi	gi|242199747|gb|GQ175315.1|	86.09	151	10	11	1	147	22	165	1e-33	 152
89_fungi	gi|242199747|gb|GQ175315.1|	89.26	121	3	9	201	317	192	306	7e-31	 143
