# BLASTN 2.2.23+
# Query:  410_fungi
# Database: /home/rohinis/blastdb/blast_nt/nt
# Fields: query id, subject id, % identity, alignment length, mismatches, gap opens, q. start, q. end, s. start, s. end, evalue, bit score
# 500 hits found
410_fungi	gi|300078123|gb|GU054046.1|	99.57	235	1	0	1	235	6	240	4e-117	 429
410_fungi	gi|317184228|gb|HQ649985.1|	97.89	237	2	3	1	235	1	236	2e-110	 407
410_fungi	gi|317184117|gb|HQ649874.1|	97.88	236	4	1	1	235	1	236	2e-110	 407
410_fungi	gi|317184116|gb|HQ649873.1|	97.88	236	4	1	1	235	1	236	2e-110	 407
410_fungi	gi|317184113|gb|HQ649870.1|	97.88	236	4	1	1	235	1	236	2e-110	 407
410_fungi	gi|317184112|gb|HQ649869.1|	97.88	236	4	1	1	235	1	236	2e-110	 407
410_fungi	gi|317184111|gb|HQ649868.1|	97.88	236	4	1	1	235	1	236	2e-110	 407
410_fungi	gi|295883728|gb|HM037659.1|	97.89	237	2	3	1	235	23	258	2e-110	 407
410_fungi	gi|239606189|gb|FJ439590.2|	97.88	236	4	1	1	235	1720	1955	2e-110	 407
410_fungi	gi|157419202|gb|EF694650.1|	97.89	237	2	3	1	235	8	243	2e-110	 407
410_fungi	gi|148595478|emb|AM410609.1|	97.87	235	5	0	1	235	135	369	2e-110	 407
410_fungi	gi|148595477|emb|AM410608.1|	97.87	235	5	0	1	235	138	372	2e-110	 407
410_fungi	gi|117653012|gb|EF060607.1|	97.88	236	4	1	1	235	314	549	2e-110	 407
410_fungi	gi|317184115|gb|HQ649872.1|	97.46	236	5	1	1	235	1	236	8e-109	 401
410_fungi	gi|317184114|gb|HQ649871.1|	97.46	236	5	1	1	235	1	236	8e-109	 401
410_fungi	gi|314947178|gb|HQ647321.1|	97.86	234	2	3	4	235	14	246	8e-109	 401
410_fungi	gi|295883720|gb|HM037651.1|	97.46	236	5	1	1	235	11	246	8e-109	 401
410_fungi	gi|259105162|gb|GQ508640.1|	97.46	236	5	1	1	235	23	258	8e-109	 401
410_fungi	gi|256855632|emb|FN397262.1|	97.46	236	5	1	1	235	23	258	8e-109	 401
410_fungi	gi|256855631|emb|FN397261.1|	97.46	236	5	1	1	235	23	258	8e-109	 401
410_fungi	gi|256855630|emb|FN397260.1|	97.46	236	5	1	1	235	23	258	8e-109	 401
410_fungi	gi|256855629|emb|FN397259.1|	97.46	236	5	1	1	235	23	258	8e-109	 401
410_fungi	gi|148595476|emb|AM410607.1|	97.45	235	6	0	1	235	2	236	8e-109	 401
410_fungi	gi|259096561|gb|GQ518859.1|	97.05	237	5	2	1	235	23	259	1e-107	 398
410_fungi	gi|259092840|gb|GQ524546.1|	97.05	237	5	2	1	235	23	259	1e-107	 398
410_fungi	gi|112418332|gb|DQ682585.1|	98.25	228	2	2	9	235	1	227	1e-107	 398
410_fungi	gi|261871823|gb|GU055577.1|	97.03	236	6	1	1	235	1	236	4e-107	 396
410_fungi	gi|257122660|gb|FJ528687.1|	96.62	237	6	2	1	235	1	237	5e-106	 392
410_fungi	gi|259094541|gb|GQ526247.1|	96.62	237	6	2	1	235	23	259	5e-106	 392
410_fungi	gi|255468539|gb|GQ225161.1|	96.22	238	6	3	1	235	25	262	2e-104	 387
410_fungi	gi|82623066|gb|DQ282123.1|	96.22	238	5	4	1	235	97	333	2e-104	 387
410_fungi	gi|295883711|gb|HM037642.1|	96.19	236	8	1	1	235	23	258	8e-104	 385
410_fungi	gi|256855633|emb|FN397263.1|	96.19	236	8	1	1	235	23	258	8e-104	 385
410_fungi	gi|157419203|gb|EF694651.1|	97.75	222	2	3	16	235	1	221	4e-102	 379
410_fungi	gi|292453915|gb|GU722051.1|	95.04	242	5	5	1	235	15	256	2e-100	 374
410_fungi	gi|164598027|gb|EU372830.1|	95.38	238	5	6	1	235	1	235	2e-100	 374
410_fungi	gi|154002638|gb|EF505607.1|	96.85	222	5	2	15	235	1	221	2e-99	 370
410_fungi	gi|164598030|gb|EU372833.1|	94.96	238	6	6	1	235	1	235	8e-99	 368
410_fungi	gi|183206712|gb|EU437440.1|	96.77	217	6	1	1	216	1	217	1e-96	 361
410_fungi	gi|162285924|gb|EU326201.1|	94.54	238	6	5	1	235	10	243	1e-96	 361
410_fungi	gi|53125366|emb|AJ608973.1|	96.36	220	6	2	17	235	1	219	1e-96	 361
410_fungi	gi|126015648|gb|EF377335.1|	97.17	212	5	1	24	234	1	212	2e-95	 357
410_fungi	gi|321531590|gb|HQ839784.1|	95.91	220	8	1	17	235	1	220	6e-95	 355
410_fungi	gi|193850649|gb|EU754977.1|	97.10	207	5	1	30	235	1	207	1e-92	 348
410_fungi	gi|291461324|dbj|AB551216.1|	96.65	209	6	1	28	235	1	209	4e-92	 346
410_fungi	gi|291461308|dbj|AB551200.1|	96.65	209	6	1	28	235	1	209	4e-92	 346
410_fungi	gi|193850650|gb|EU754978.1|	96.65	209	6	1	28	235	2	210	4e-92	 346
410_fungi	gi|111621068|gb|DQ825969.1|	98.47	196	3	0	40	235	1	196	4e-92	 346
410_fungi	gi|304651419|gb|HQ115677.1|	97.51	201	3	2	36	235	1	200	5e-91	 342
410_fungi	gi|83627169|emb|AM176722.1|	97.52	202	2	3	36	235	1	201	5e-91	 342
410_fungi	gi|83627167|emb|AM176720.1|	97.52	202	2	3	36	235	1	201	5e-91	 342
410_fungi	gi|111621062|gb|DQ825963.1|	92.89	239	9	8	1	235	8	242	2e-90	 340
410_fungi	gi|193850648|gb|EU754976.1|	96.15	208	6	2	30	235	3	210	6e-90	 339
410_fungi	gi|291461312|dbj|AB551204.1|	97.01	201	5	1	36	235	1	201	2e-89	 337
410_fungi	gi|291461306|dbj|AB551198.1|	97.01	201	5	1	36	235	1	201	2e-89	 337
410_fungi	gi|114704072|gb|DQ865092.1|	97.01	201	5	1	36	235	1	201	2e-89	 337
410_fungi	gi|304375751|dbj|AB581233.1|	97.46	197	4	1	22	217	1	197	8e-89	 335
410_fungi	gi|111621069|gb|DQ825970.1|	97.47	198	2	3	40	235	1	197	8e-89	 335
410_fungi	gi|39753147|gb|AY378154.1|	97.46	197	4	1	40	235	1	197	8e-89	 335
410_fungi	gi|209922412|gb|FJ196603.1|	92.47	239	8	8	1	235	12	244	3e-88	 333
410_fungi	gi|209922409|gb|FJ196600.1|	92.47	239	8	8	1	235	11	243	3e-88	 333
410_fungi	gi|111621064|gb|DQ825965.1|	92.77	235	9	8	5	235	1	231	3e-88	 333
410_fungi	gi|261871812|gb|GU055566.1|	96.52	201	6	1	36	235	1	201	1e-87	 331
410_fungi	gi|209922416|gb|FJ196607.1|	92.44	238	8	8	2	235	12	243	1e-87	 331
410_fungi	gi|111621063|gb|DQ825964.1|	92.12	241	9	10	1	235	6	242	1e-87	 331
410_fungi	gi|317184222|gb|HQ649979.1|	92.05	239	9	8	1	235	1	233	1e-86	 327
410_fungi	gi|317184221|gb|HQ649978.1|	92.05	239	9	8	1	235	1	233	1e-86	 327
410_fungi	gi|299777249|gb|GQ921802.1|	92.05	239	9	7	1	235	1	233	1e-86	 327
410_fungi	gi|296410158|gb|HM216207.1|	92.05	239	9	7	1	235	10	242	1e-86	 327
410_fungi	gi|262035034|gb|GU062300.1|	92.05	239	9	7	1	235	12	244	1e-86	 327
410_fungi	gi|257449882|gb|FJ769425.1|	92.37	236	8	8	4	235	1	230	1e-86	 327
410_fungi	gi|255468529|gb|GQ225151.1|	92.05	239	9	7	1	235	23	255	1e-86	 327
410_fungi	gi|226930845|gb|FJ781252.1|	92.08	240	8	9	1	235	23	256	1e-86	 327
410_fungi	gi|224994373|emb|FM875860.1|	92.05	239	9	7	1	235	571	339	1e-86	 327
410_fungi	gi|224994368|emb|FM875855.1|	92.05	239	9	7	1	235	23	255	1e-86	 327
410_fungi	gi|212549480|dbj|AB469880.1|	92.05	239	9	7	1	235	9	241	1e-86	 327
410_fungi	gi|157741930|gb|EU002935.1|	92.27	233	14	4	5	235	1	231	1e-86	 327
410_fungi	gi|163257840|emb|AM901905.1|	92.05	239	9	7	1	235	178	410	1e-86	 327
410_fungi	gi|114225499|gb|DQ980574.1|	92.05	239	9	7	1	235	102	334	1e-86	 327
410_fungi	gi|21702251|emb|AJ492873.1|	92.05	239	9	7	1	235	9	241	1e-86	 327
410_fungi	gi|5123861|emb|AJ246154.1|	92.05	239	9	7	1	235	75	307	1e-86	 327
410_fungi	gi|304272518|gb|GU180631.1|	96.92	195	5	1	42	235	1	195	5e-86	 326
410_fungi	gi|228480058|emb|FN386267.1|	96.46	198	6	1	39	235	1	198	5e-86	 326
410_fungi	gi|304651435|gb|HQ115693.1|	96.45	197	6	1	40	235	1	197	2e-85	 324
410_fungi	gi|156616859|gb|EF543855.1|	96.91	194	5	1	43	235	1	194	2e-85	 324
410_fungi	gi|156616858|gb|EF543854.1|	96.91	194	5	1	43	235	1	194	2e-85	 324
410_fungi	gi|156616853|gb|EF543849.1|	96.91	194	5	1	43	235	1	194	2e-85	 324
410_fungi	gi|166797307|gb|EU400150.1|	92.31	234	8	8	6	235	1	228	2e-85	 324
410_fungi	gi|317184224|gb|HQ649981.1|	91.63	239	10	8	1	235	1	233	6e-85	 322
410_fungi	gi|317184223|gb|HQ649980.1|	91.63	239	10	8	1	235	1	233	6e-85	 322
410_fungi	gi|262035049|gb|GU062315.1|	91.63	239	10	8	1	235	24	256	6e-85	 322
410_fungi	gi|255468502|gb|GQ225124.1|	91.63	239	10	10	1	235	23	255	6e-85	 322
410_fungi	gi|224994375|emb|FM875862.1|	91.63	239	10	7	1	235	23	255	6e-85	 322
410_fungi	gi|224994367|emb|FM875854.1|	91.67	240	9	11	1	235	23	256	6e-85	 322
410_fungi	gi|224994366|emb|FM875853.1|	91.63	239	10	7	1	235	23	255	6e-85	 322
410_fungi	gi|111621074|gb|DQ825975.1|	97.37	190	4	1	47	235	1	190	6e-85	 322
410_fungi	gi|47934213|gb|AY615879.1|	96.43	196	5	2	42	235	1	196	6e-85	 322
410_fungi	gi|4836225|gb|AF108473.1|	95.98	199	5	3	38	235	2	198	2e-84	 320
410_fungi	gi|47934211|gb|AY615877.1|	96.41	195	6	1	42	235	1	195	2e-84	 320
410_fungi	gi|156616861|gb|EF543857.1|	96.39	194	6	1	43	235	1	194	8e-84	 318
410_fungi	gi|156616857|gb|EF543853.1|	96.39	194	6	1	43	235	1	194	8e-84	 318
410_fungi	gi|156616855|gb|EF543851.1|	96.39	194	6	1	43	235	1	194	8e-84	 318
410_fungi	gi|156616854|gb|EF543850.1|	96.39	194	6	1	43	235	1	194	8e-84	 318
410_fungi	gi|156616849|gb|EF543845.1|	96.39	194	5	2	43	235	1	193	8e-84	 318
410_fungi	gi|156616848|gb|EF543844.1|	96.39	194	5	2	43	235	1	193	8e-84	 318
410_fungi	gi|112418343|gb|DQ682596.1|	93.24	222	6	8	18	235	1	217	8e-84	 318
410_fungi	gi|12657459|emb|AJ292440.1|	96.39	194	6	1	43	235	1	194	8e-84	 318
410_fungi	gi|315200941|gb|HQ637291.1|	96.37	193	4	3	44	235	8	198	1e-82	 315
410_fungi	gi|111621065|gb|DQ825966.1|	91.49	235	10	10	7	235	1	231	1e-82	 315
410_fungi	gi|190350704|emb|AM998789.1|	97.31	186	2	3	52	235	1	185	4e-82	 313
410_fungi	gi|262211891|gb|GU083250.1|	92.34	222	11	5	14	235	1	216	1e-81	 311
410_fungi	gi|224994361|emb|FM875848.1|	90.46	241	11	12	1	235	23	257	2e-80	 307
410_fungi	gi|157419206|gb|EF694654.1|	92.27	220	11	6	18	235	1	216	2e-80	 307
410_fungi	gi|6606310|gb|AF176952.1|AF176952	92.00	225	8	10	15	235	1	219	2e-80	 307
410_fungi	gi|974148|gb|L36640.1|LPCITS	92.00	225	8	10	15	235	1	219	2e-80	 307
410_fungi	gi|262211729|gb|GU083088.1|	92.27	220	9	7	17	235	1	213	6e-80	 305
410_fungi	gi|260751228|gb|GQ913662.1|	95.79	190	6	2	47	235	1	189	6e-80	 305
410_fungi	gi|49424879|gb|AY555959.1|	95.81	191	5	3	47	235	1	190	6e-80	 305
410_fungi	gi|49424877|gb|AY555957.1|	95.79	190	6	2	47	235	1	189	6e-80	 305
410_fungi	gi|111621083|gb|DQ825984.1|	97.74	177	3	1	59	235	1	176	2e-79	 303
410_fungi	gi|298160888|dbj|AB537556.1|	91.56	225	9	10	15	235	1	219	8e-79	 302
410_fungi	gi|224994376|emb|FM875863.1|	90.08	242	10	8	1	234	23	258	8e-79	 302
410_fungi	gi|220967578|gb|EU977309.1|	98.28	174	0	3	62	235	1	171	8e-79	 302
410_fungi	gi|163263087|emb|AM922222.1|	97.19	178	5	0	58	235	1	178	8e-79	 302
410_fungi	gi|112418344|gb|DQ682597.1|	91.56	225	9	10	15	235	538	320	8e-79	 302
410_fungi	gi|71148981|gb|DQ093685.1|	90.68	236	8	12	8	235	1	230	8e-79	 302
410_fungi	gi|291461307|dbj|AB551199.1|	97.19	178	4	1	58	235	1	177	3e-78	 300
410_fungi	gi|259101463|gb|GQ514351.1|	90.04	241	10	12	1	235	23	255	3e-78	 300
410_fungi	gi|255762427|gb|GQ220357.1|	97.18	177	5	0	59	235	1	177	3e-78	 300
410_fungi	gi|154002643|gb|EF505612.1|	91.56	225	8	11	15	235	1	218	3e-78	 300
410_fungi	gi|82780201|gb|DQ266224.1|	97.18	177	5	0	59	235	1	177	3e-78	 300
410_fungi	gi|291461311|dbj|AB551203.1|	97.18	177	4	1	59	235	1	176	1e-77	 298
410_fungi	gi|291461309|dbj|AB551201.1|	97.18	177	4	1	59	235	1	176	1e-77	 298
410_fungi	gi|291461313|dbj|AB551205.1|	96.63	178	4	2	58	235	14	189	1e-76	 294
410_fungi	gi|49424878|gb|AY555958.1|	94.74	190	8	2	47	235	1	189	1e-76	 294
410_fungi	gi|257044182|gb|GQ407099.1|	91.03	223	10	10	17	235	1	217	5e-76	 292
410_fungi	gi|237872399|gb|FJ914673.1|	91.03	223	10	10	17	235	1	217	5e-76	 292
410_fungi	gi|111621071|gb|DQ825972.1|	93.14	204	6	7	36	235	1	200	5e-76	 292
410_fungi	gi|183230098|gb|EU594566.1|	91.03	223	10	10	17	235	1	217	5e-76	 292
410_fungi	gi|17426918|emb|AJ301962.1|	89.21	241	16	10	1	235	1716	1952	5e-76	 292
410_fungi	gi|310687460|dbj|AB540563.1|	88.76	249	12	11	1	235	9	255	2e-75	 291
410_fungi	gi|291461310|dbj|AB551202.1|	97.11	173	4	1	63	235	1	172	2e-75	 291
410_fungi	gi|262348190|gb|FJ765365.1|	88.76	249	12	11	1	235	10	256	2e-75	 291
410_fungi	gi|259094278|gb|GQ525984.1|	89.30	243	10	14	1	235	23	257	2e-75	 291
410_fungi	gi|111621070|gb|DQ825971.1|	93.47	199	6	6	40	235	1	195	6e-75	 289
410_fungi	gi|146217057|gb|EF495236.1|	90.67	225	9	11	16	235	1	218	6e-75	 289
410_fungi	gi|310659910|gb|HQ248206.1|	90.58	223	11	9	17	235	2	218	2e-74	 287
410_fungi	gi|224419325|emb|AM944352.1|	90.58	223	11	10	17	235	1	217	2e-74	 287
410_fungi	gi|221164163|gb|FJ571442.1|	97.63	169	1	3	68	235	1	167	2e-74	 287
410_fungi	gi|154425483|dbj|AB353349.1|	97.06	170	5	0	66	235	1	170	2e-74	 287
410_fungi	gi|115354028|emb|AM397676.1|	91.83	208	13	4	17	222	2	207	2e-74	 287
410_fungi	gi|310687473|dbj|AB540576.1|	88.35	249	13	11	1	235	9	255	8e-74	 285
410_fungi	gi|217316185|gb|FJ449912.1|	95.51	178	7	1	58	235	20	196	3e-73	 283
410_fungi	gi|112253165|gb|DQ825986.1|	91.16	215	10	9	25	235	1	210	3e-73	 283
410_fungi	gi|310687476|dbj|AB540579.1|	88.21	246	16	12	1	235	9	252	1e-72	 281
410_fungi	gi|121663493|emb|AM411179.1|	90.45	220	11	10	17	232	1	214	1e-72	 281
410_fungi	gi|94982458|gb|DQ493934.1|	90.78	217	10	10	23	235	3	213	1e-72	 281
410_fungi	gi|262348192|gb|FJ765367.1|	87.95	249	14	13	1	235	10	256	4e-72	 279
410_fungi	gi|193850647|gb|EU754975.1|	91.43	210	8	10	30	235	1	204	4e-72	 279
410_fungi	gi|213876628|gb|FJ430715.1|	90.70	215	10	10	25	235	1791	1999	1e-71	 278
410_fungi	gi|242253889|emb|FM178318.1|	91.00	211	9	10	29	235	1	205	5e-71	 276
410_fungi	gi|217316184|gb|FJ449911.1|	96.43	168	5	1	68	235	29	195	5e-71	 276
410_fungi	gi|221164181|gb|FJ571460.1|	96.41	167	5	1	69	235	1	166	2e-70	 274
410_fungi	gi|193850680|gb|EU755008.1|	90.95	210	9	10	30	235	3	206	2e-70	 274
410_fungi	gi|289718949|gb|GQ131880.1|	88.89	234	9	15	11	235	1	226	6e-70	 272
410_fungi	gi|260678513|gb|GQ866203.1|	88.14	236	18	9	1	235	23	249	6e-70	 272
410_fungi	gi|255468497|gb|GQ225119.1|	88.14	236	18	9	1	235	23	249	6e-70	 272
410_fungi	gi|111621084|gb|DQ825985.1|	95.83	168	7	0	68	235	1	168	6e-70	 272
410_fungi	gi|117653258|gb|EF060853.1|	88.14	236	18	9	1	235	299	525	6e-70	 272
410_fungi	gi|117652883|gb|EF060478.1|	88.14	236	18	9	1	235	309	535	6e-70	 272
410_fungi	gi|78771367|gb|DQ227289.1|	90.57	212	10	10	28	235	2	207	6e-70	 272
410_fungi	gi|114225495|gb|DQ980570.1|	88.14	236	18	9	1	235	101	327	6e-70	 272
410_fungi	gi|304333793|gb|HQ008920.1|	90.87	208	9	9	32	235	1	202	2e-69	 270
410_fungi	gi|156616863|gb|EF543859.1|	91.84	196	13	2	43	235	1	196	2e-69	 270
410_fungi	gi|261872044|gb|GU060637.1|	88.19	237	12	11	1	235	9	231	8e-69	 268
410_fungi	gi|111621082|gb|DQ825983.1|	98.05	154	3	0	82	235	1	154	8e-69	 268
410_fungi	gi|111621067|gb|DQ825968.1|	91.50	200	9	8	40	235	1	196	8e-69	 268
410_fungi	gi|157741931|gb|EU002936.1|	90.82	207	9	9	33	235	505	305	8e-69	 268
410_fungi	gi|159034186|gb|EU109532.1|	88.19	237	12	11	1	235	9	231	8e-69	 268
410_fungi	gi|6537145|gb|AF104926.1|AF104926	88.19	237	12	11	1	235	2359	2581	8e-69	 268
410_fungi	gi|1698681|gb|U66732.1|PSU66732	91.18	204	8	10	36	235	1	198	8e-69	 268
410_fungi	gi|311408886|gb|HQ191307.1|	87.71	236	19	9	1	235	1716	1942	3e-68	 267
410_fungi	gi|156616850|gb|EF543846.1|	91.92	198	5	10	43	235	1	192	3e-68	 267
410_fungi	gi|115354026|emb|AM397674.1|	90.78	206	9	10	34	235	18	217	3e-68	 267
410_fungi	gi|37574748|gb|AY258149.1|	90.78	206	9	10	34	235	1	200	3e-68	 267
410_fungi	gi|320447179|gb|HQ450012.1|	92.23	193	6	8	47	235	1	188	1e-67	 265
410_fungi	gi|156602015|gb|EF597242.1|	91.37	197	12	4	43	235	1	196	1e-67	 265
410_fungi	gi|163256128|dbj|AB264788.1|	91.09	202	9	9	38	235	1	197	1e-67	 265
410_fungi	gi|163256124|dbj|AB264784.1|	91.09	202	8	10	38	235	1	196	1e-67	 265
410_fungi	gi|163256121|dbj|AB264781.1|	91.09	202	8	10	38	235	1	196	1e-67	 265
410_fungi	gi|154721257|gb|EU030361.1|	91.09	202	8	10	38	235	1	196	1e-67	 265
410_fungi	gi|123299545|dbj|AB266252.1|	91.09	202	8	10	38	235	1	196	1e-67	 265
410_fungi	gi|123299539|dbj|AB266250.1|	91.09	202	9	9	38	235	1	197	1e-67	 265
410_fungi	gi|123299537|dbj|AB266249.1|	91.09	202	9	9	38	235	1	197	1e-67	 265
410_fungi	gi|123299533|dbj|AB266248.1|	91.09	202	9	9	38	235	1	197	1e-67	 265
410_fungi	gi|123299527|dbj|AB266247.1|	91.13	203	7	11	38	235	1	197	1e-67	 265
410_fungi	gi|304272519|gb|GU180632.1|	91.33	196	11	6	42	235	1	192	4e-67	 263
410_fungi	gi|299777253|gb|GQ921806.1|	86.94	245	19	9	1	235	1	242	4e-67	 263
410_fungi	gi|214011009|gb|FJ424082.1|	87.82	238	11	12	1	235	10	232	4e-67	 263
410_fungi	gi|133919233|emb|AM408781.1|	90.69	204	9	10	36	235	1	198	4e-67	 263
410_fungi	gi|41351293|emb|AJ621770.1|	92.15	191	7	8	49	235	4	190	4e-67	 263
410_fungi	gi|41351290|emb|AJ621769.1|	92.15	191	7	8	49	235	4	190	4e-67	 263
410_fungi	gi|41351273|emb|AJ621765.1|	92.15	191	7	8	49	235	4	190	4e-67	 263
410_fungi	gi|41351272|emb|AJ621764.1|	92.15	191	7	8	49	235	4	190	4e-67	 263
410_fungi	gi|41351271|emb|AJ621763.1|	92.15	191	8	7	49	235	4	191	4e-67	 263
410_fungi	gi|41351270|emb|AJ621762.1|	92.15	191	8	7	49	235	4	191	4e-67	 263
410_fungi	gi|41351269|emb|AJ621761.1|	92.15	191	7	8	49	235	4	190	4e-67	 263
410_fungi	gi|41351267|emb|AJ621759.1|	92.15	191	7	8	49	235	4	190	4e-67	 263
410_fungi	gi|41351266|emb|AJ621758.1|	92.15	191	7	8	49	235	4	190	4e-67	 263
410_fungi	gi|41351265|emb|AJ621757.1|	92.15	191	7	8	49	235	4	190	4e-67	 263
410_fungi	gi|41351264|emb|AJ621756.1|	92.15	191	7	8	49	235	4	190	4e-67	 263
410_fungi	gi|41351263|emb|AJ621755.1|	92.15	191	7	8	49	235	4	190	4e-67	 263
410_fungi	gi|41351262|emb|AJ621754.1|	92.15	191	7	8	49	235	4	190	4e-67	 263
410_fungi	gi|299766472|gb|GU327453.1|	90.59	202	9	10	38	235	1	196	5e-66	 259
410_fungi	gi|307548389|dbj|AB190395.1|	87.71	236	11	11	9	235	1	227	5e-66	 259
410_fungi	gi|111621072|gb|DQ825973.1|	91.71	193	6	9	47	235	1	187	5e-66	 259
410_fungi	gi|156616862|gb|EF543858.1|	90.77	195	16	2	43	235	1	195	5e-66	 259
410_fungi	gi|163256127|dbj|AB264787.1|	90.59	202	9	10	38	235	1	196	5e-66	 259
410_fungi	gi|163256126|dbj|AB264786.1|	90.59	202	9	10	38	235	1	196	5e-66	 259
410_fungi	gi|163256125|dbj|AB264785.1|	90.59	202	9	10	38	235	1	196	5e-66	 259
410_fungi	gi|163256122|dbj|AB264782.1|	90.59	202	9	10	38	235	1	196	5e-66	 259
410_fungi	gi|123299548|dbj|AB266253.1|	90.59	202	9	10	38	235	1	196	5e-66	 259
410_fungi	gi|123299543|dbj|AB266251.1|	90.59	202	9	10	38	235	1	196	5e-66	 259
410_fungi	gi|94466383|emb|AJ970308.1|	87.93	232	12	11	6	235	1	218	5e-66	 259
410_fungi	gi|37574749|gb|AY258150.1|	90.34	207	7	12	34	235	1	199	5e-66	 259
410_fungi	gi|15592959|gb|AF324878.1|AF324878	89.35	216	9	12	28	235	1	210	5e-66	 259
410_fungi	gi|13160440|emb|AJ292422.1|	90.77	195	16	2	43	235	1	195	5e-66	 259
410_fungi	gi|304272517|gb|GU180630.1|	90.91	198	8	10	42	235	1	192	2e-65	 257
410_fungi	gi|304272516|gb|GU180629.1|	90.91	198	8	10	42	235	1	192	2e-65	 257
410_fungi	gi|163263108|emb|AM924165.1|	90.55	201	9	10	39	235	1	195	2e-65	 257
410_fungi	gi|41351276|emb|AJ621768.1|	91.62	191	8	8	49	235	4	190	2e-65	 257
410_fungi	gi|41351275|emb|AJ621767.1|	91.62	191	8	8	49	235	4	190	2e-65	 257
410_fungi	gi|41351274|emb|AJ621766.1|	91.62	191	8	8	49	235	4	190	2e-65	 257
410_fungi	gi|298105151|gb|HM101034.1|	89.76	205	11	10	35	235	2	200	2e-64	 254
410_fungi	gi|119710003|gb|DQ993622.1|	90.50	200	7	11	41	235	1	193	2e-64	 254
410_fungi	gi|58293807|gb|AY746003.1|	92.70	178	9	4	59	235	35	209	2e-64	 254
410_fungi	gi|60656574|gb|AY935947.1|	90.58	191	16	2	47	235	1	191	8e-64	 252
410_fungi	gi|47934216|gb|AY615882.1|	90.40	198	9	10	42	235	1	192	8e-64	 252
410_fungi	gi|47934214|gb|AY615880.1|	90.40	198	9	9	42	235	1	192	8e-64	 252
410_fungi	gi|291359217|gb|GU724982.1|	91.10	191	7	10	49	235	3	187	3e-63	 250
410_fungi	gi|291359216|gb|GU724981.1|	91.10	191	7	10	49	235	3	187	3e-63	 250
410_fungi	gi|291359214|gb|GU724979.1|	91.10	191	7	10	49	235	3	187	3e-63	 250
410_fungi	gi|197313477|dbj|AB425979.1|	91.10	191	7	10	49	235	3	187	3e-63	 250
410_fungi	gi|197313476|dbj|AB425978.1|	91.10	191	7	10	49	235	3	187	3e-63	 250
410_fungi	gi|156602016|gb|EF597243.1|	89.85	197	16	2	43	235	1	197	3e-63	 250
410_fungi	gi|156616851|gb|EF543847.1|	90.36	197	10	9	43	235	1	192	3e-63	 250
410_fungi	gi|184191084|gb|EU480698.1|	91.10	191	7	9	49	235	3	187	3e-63	 250
410_fungi	gi|4809019|gb|AF132805.1|AF132805	91.10	191	7	10	49	235	3	187	3e-63	 250
410_fungi	gi|119710017|gb|DQ993636.1|	90.00	200	9	11	41	235	1	194	1e-62	 248
410_fungi	gi|50882133|gb|AY572021.1|	89.37	207	9	12	34	235	1	199	1e-62	 248
410_fungi	gi|50882131|gb|AY572019.1|	89.37	207	9	12	34	235	1	199	1e-62	 248
410_fungi	gi|50882130|gb|AY572018.1|	89.37	207	9	12	34	235	1	199	1e-62	 248
410_fungi	gi|50882127|gb|AY572015.1|	89.37	207	9	12	34	235	1	199	1e-62	 248
410_fungi	gi|37574795|gb|AY288197.1|	89.37	207	9	12	34	235	1	199	1e-62	 248
410_fungi	gi|37574793|gb|AY288195.1|	89.37	207	9	12	34	235	1	199	1e-62	 248
410_fungi	gi|37574792|gb|AY288194.1|	89.37	207	9	12	34	235	1	199	1e-62	 248
410_fungi	gi|37574791|gb|AY288193.1|	89.37	207	9	12	34	235	1	199	1e-62	 248
410_fungi	gi|37574790|gb|AY288192.1|	89.37	207	9	12	34	235	1	199	1e-62	 248
410_fungi	gi|37574789|gb|AY288191.1|	89.37	207	9	12	34	235	1	199	1e-62	 248
410_fungi	gi|37574788|gb|AY288190.1|	89.37	207	9	12	34	235	1	199	1e-62	 248
410_fungi	gi|37574787|gb|AY288189.1|	89.37	207	9	12	34	235	1	199	1e-62	 248
410_fungi	gi|37574786|gb|AY288188.1|	89.37	207	9	12	34	235	1	199	1e-62	 248
410_fungi	gi|37574785|gb|AY288187.1|	89.37	207	9	12	34	235	1	199	1e-62	 248
410_fungi	gi|37574784|gb|AY288186.1|	89.37	207	9	12	34	235	1	199	1e-62	 248
410_fungi	gi|37574783|gb|AY288185.1|	89.37	207	9	12	34	235	1	199	1e-62	 248
410_fungi	gi|37574782|gb|AY288184.1|	89.37	207	9	12	34	235	1	199	1e-62	 248
410_fungi	gi|37574781|gb|AY288183.1|	89.37	207	9	12	34	235	1	199	1e-62	 248
410_fungi	gi|37574780|gb|AY288182.1|	89.37	207	9	12	34	235	1	199	1e-62	 248
410_fungi	gi|37574779|gb|AY288181.1|	89.37	207	9	12	34	235	1	199	1e-62	 248
410_fungi	gi|37574778|gb|AY288180.1|	89.37	207	9	12	34	235	1	199	1e-62	 248
410_fungi	gi|37574777|gb|AY288179.1|	89.37	207	9	12	34	235	1	199	1e-62	 248
410_fungi	gi|37574776|gb|AY288178.1|	89.37	207	9	12	34	235	1	199	1e-62	 248
410_fungi	gi|37574774|gb|AY288176.1|	89.37	207	9	12	34	235	1	199	1e-62	 248
410_fungi	gi|37574773|gb|AY288175.1|	89.37	207	9	12	34	235	1	199	1e-62	 248
410_fungi	gi|37574772|gb|AY288174.1|	89.37	207	9	12	34	235	1	199	1e-62	 248
410_fungi	gi|37574771|gb|AY288173.1|	89.37	207	9	12	34	235	1	199	1e-62	 248
410_fungi	gi|37574770|gb|AY288172.1|	89.37	207	9	12	34	235	1	199	1e-62	 248
410_fungi	gi|37574769|gb|AY288171.1|	89.37	207	9	12	34	235	1	199	1e-62	 248
410_fungi	gi|37574768|gb|AY288170.1|	89.37	207	9	12	34	235	1	199	1e-62	 248
410_fungi	gi|37574767|gb|AY288169.1|	89.37	207	9	12	34	235	1	199	1e-62	 248
410_fungi	gi|37574766|gb|AY288168.1|	89.37	207	9	12	34	235	1	199	1e-62	 248
410_fungi	gi|37574765|gb|AY288167.1|	89.37	207	9	12	34	235	1	199	1e-62	 248
410_fungi	gi|37574764|gb|AY288166.1|	89.37	207	9	12	34	235	1	199	1e-62	 248
410_fungi	gi|37574763|gb|AY288165.1|	89.37	207	9	12	34	235	1	199	1e-62	 248
410_fungi	gi|37574762|gb|AY288164.1|	89.37	207	9	12	34	235	1	199	1e-62	 248
410_fungi	gi|37574761|gb|AY288163.1|	89.37	207	9	12	34	235	1	199	1e-62	 248
410_fungi	gi|37574760|gb|AY288162.1|	89.37	207	9	12	34	235	1	199	1e-62	 248
410_fungi	gi|37574759|gb|AY288161.1|	89.37	207	9	12	34	235	1	199	1e-62	 248
410_fungi	gi|37574758|gb|AY288160.1|	89.37	207	9	12	34	235	1	199	1e-62	 248
410_fungi	gi|37574757|gb|AY288159.1|	89.37	207	9	12	34	235	1	199	1e-62	 248
410_fungi	gi|37574756|gb|AY288158.1|	89.37	207	9	12	34	235	1	199	1e-62	 248
410_fungi	gi|37574755|gb|AY288157.1|	89.37	207	9	12	34	235	1	199	1e-62	 248
410_fungi	gi|37574754|gb|AY288156.1|	89.37	207	9	12	34	235	1	199	1e-62	 248
410_fungi	gi|37574753|gb|AY288155.1|	89.37	207	9	12	34	235	1	199	1e-62	 248
410_fungi	gi|37574752|gb|AY288154.1|	89.37	207	9	12	34	235	1	199	1e-62	 248
410_fungi	gi|37574751|gb|AY288153.1|	89.37	207	9	12	34	235	1	199	1e-62	 248
410_fungi	gi|37574750|gb|AY258151.1|	89.37	207	9	12	34	235	1	199	1e-62	 248
410_fungi	gi|317184110|gb|HQ649867.1|	86.50	237	16	14	8	235	1	230	4e-62	 246
410_fungi	gi|292807490|gb|GQ221095.1|	89.00	209	9	12	35	235	1	203	4e-62	 246
410_fungi	gi|222477051|gb|FJ418209.1|	89.90	198	10	10	42	235	8	199	4e-62	 246
410_fungi	gi|46408957|emb|AJ557747.1|	96.67	150	2	3	40	187	1	149	4e-62	 246
410_fungi	gi|41351268|emb|AJ621760.1|	90.62	192	8	10	49	235	4	190	4e-62	 246
410_fungi	gi|320447160|gb|HQ449995.1|	90.58	191	8	10	49	235	3	187	1e-61	 244
410_fungi	gi|291359215|gb|GU724980.1|	90.58	191	8	10	49	235	3	187	1e-61	 244
410_fungi	gi|197313475|dbj|AB425977.1|	90.62	192	6	11	49	235	3	187	1e-61	 244
410_fungi	gi|197313474|dbj|AB425976.1|	90.62	192	6	11	49	235	3	187	1e-61	 244
410_fungi	gi|197313473|dbj|AB425975.1|	90.62	192	6	11	49	235	3	187	1e-61	 244
410_fungi	gi|197313472|dbj|AB425974.1|	90.62	192	6	11	49	235	3	187	1e-61	 244
410_fungi	gi|197313471|dbj|AB425973.1|	90.62	192	6	11	49	235	3	187	1e-61	 244
410_fungi	gi|111621073|gb|DQ825974.1|	91.35	185	6	9	55	235	8	186	1e-61	 244
410_fungi	gi|184191095|gb|EU480709.1|	90.62	192	6	11	49	235	3	187	1e-61	 244
410_fungi	gi|184191094|gb|EU480708.1|	90.62	192	6	11	49	235	3	187	1e-61	 244
410_fungi	gi|184191093|gb|EU480707.1|	90.62	192	6	11	49	235	3	187	1e-61	 244
410_fungi	gi|184191092|gb|EU480706.1|	90.62	192	6	11	49	235	3	187	1e-61	 244
410_fungi	gi|184191091|gb|EU480705.1|	90.62	192	6	11	49	235	3	187	1e-61	 244
410_fungi	gi|184191090|gb|EU480704.1|	90.62	192	6	11	49	235	3	187	1e-61	 244
410_fungi	gi|184191079|gb|EU480693.1|	90.62	192	6	11	49	235	3	187	1e-61	 244
410_fungi	gi|184191078|gb|EU480692.1|	90.62	192	6	11	49	235	3	187	1e-61	 244
410_fungi	gi|184191077|gb|EU480691.1|	90.62	192	6	11	49	235	3	187	1e-61	 244
410_fungi	gi|163256123|dbj|AB264783.1|	89.50	200	11	10	38	234	1	193	1e-61	 244
410_fungi	gi|37574794|gb|AY288196.1|	89.27	205	9	12	36	235	3	199	1e-61	 244
410_fungi	gi|210063810|gb|FJ386953.1|	89.23	195	14	6	43	235	1	190	2e-59	 237
410_fungi	gi|111621081|gb|DQ825982.1|	90.81	185	5	11	56	235	1	178	2e-59	 237
410_fungi	gi|110725183|gb|DQ779781.1|	90.37	187	8	10	53	235	1	181	2e-59	 237
410_fungi	gi|50882132|gb|AY572020.1|	89.05	201	9	12	40	235	7	199	2e-59	 237
410_fungi	gi|50882129|gb|AY572017.1|	89.05	201	9	12	40	235	7	199	2e-59	 237
410_fungi	gi|50882128|gb|AY572016.1|	89.05	201	9	12	40	235	7	199	2e-59	 237
410_fungi	gi|37574775|gb|AY288177.1|	89.05	201	9	12	40	235	1	193	2e-59	 237
410_fungi	gi|13160439|emb|AJ292421.1|	89.05	201	8	12	43	235	1	195	2e-59	 237
410_fungi	gi|13160438|emb|AJ292420.1|	89.05	201	8	12	43	235	1	195	2e-59	 237
410_fungi	gi|111621079|gb|DQ825980.1|	91.91	173	5	8	67	235	4	171	3e-58	 233
410_fungi	gi|50882126|gb|AY572014.1|	88.94	199	9	12	42	235	7	197	3e-58	 233
410_fungi	gi|46408943|emb|AJ557729.1|	95.27	148	6	1	40	186	1	148	3e-58	 233
410_fungi	gi|213876627|gb|FJ430714.1|	91.38	174	7	8	65	235	1795	1963	1e-57	 231
410_fungi	gi|315200940|gb|HQ637290.1|	89.12	193	9	11	48	235	9	194	4e-57	 230
410_fungi	gi|111621080|gb|DQ825981.1|	91.76	170	6	7	69	235	1	165	4e-57	 230
410_fungi	gi|294612745|gb|GU813970.1|	89.78	186	8	10	55	235	4	183	1e-56	 228
410_fungi	gi|157419204|gb|EF694652.1|	86.98	215	12	11	35	235	1	213	1e-56	 228
410_fungi	gi|78771366|gb|DQ227288.1|	90.80	174	8	8	65	235	6	174	1e-56	 228
410_fungi	gi|239786493|gb|FJ999652.1|	88.36	189	12	10	51	235	6	188	5e-56	 226
410_fungi	gi|184191089|gb|EU480703.1|	89.06	192	8	12	49	235	3	186	5e-56	 226
410_fungi	gi|184191088|gb|EU480702.1|	89.06	192	8	12	49	235	3	186	5e-56	 226
410_fungi	gi|184191087|gb|EU480701.1|	89.06	192	8	12	49	235	3	186	5e-56	 226
410_fungi	gi|184191086|gb|EU480700.1|	89.06	192	8	12	49	235	3	186	5e-56	 226
410_fungi	gi|184191085|gb|EU480699.1|	89.06	192	8	12	49	235	3	186	5e-56	 226
410_fungi	gi|184191083|gb|EU480697.1|	89.06	192	8	12	49	235	3	186	5e-56	 226
410_fungi	gi|184191082|gb|EU480696.1|	89.06	192	8	12	49	235	3	186	5e-56	 226
410_fungi	gi|184191081|gb|EU480695.1|	89.06	192	8	12	49	235	3	186	5e-56	 226
410_fungi	gi|184191080|gb|EU480694.1|	89.06	192	8	12	49	235	3	186	5e-56	 226
410_fungi	gi|116710907|gb|EF017210.1|	91.28	172	6	8	67	235	20	185	5e-56	 226
410_fungi	gi|284158502|gb|GU291257.1|	86.85	213	12	11	25	235	1	199	2e-55	 224
410_fungi	gi|258546352|dbj|AB520859.1|	90.86	175	5	10	65	235	5	172	2e-55	 224
410_fungi	gi|49424888|gb|AY555968.1|	89.30	187	8	10	55	235	10	190	2e-55	 224
410_fungi	gi|49424887|gb|AY555967.1|	89.30	187	8	10	55	235	10	190	2e-55	 224
410_fungi	gi|198278345|dbj|AB426617.1|	87.88	198	12	10	43	235	1	191	6e-55	 222
410_fungi	gi|193246441|gb|EU687048.1|	86.79	212	12	10	38	235	1	210	6e-55	 222
410_fungi	gi|304333770|gb|HQ107991.1|	92.41	158	6	5	80	235	4	157	2e-54	 220
410_fungi	gi|111621066|gb|DQ825967.1|	89.07	183	12	8	59	235	25	205	2e-54	 220
410_fungi	gi|221164218|gb|FJ571497.1|	89.39	179	8	10	62	235	1	173	1e-52	 215
410_fungi	gi|221164200|gb|FJ571479.1|	91.77	158	7	6	80	235	6	159	1e-52	 215
410_fungi	gi|288558446|dbj|AB545896.1|	91.03	156	12	2	82	235	3	158	5e-51	 209
410_fungi	gi|31789263|gb|AY266400.1|	83.13	243	21	16	1	235	9	239	2e-49	 204
410_fungi	gi|156616856|gb|EF543852.1|	97.46	118	3	0	118	235	3	120	8e-49	 202
410_fungi	gi|156616860|gb|EF543856.1|	95.76	118	5	0	118	235	3	120	2e-45	 191
410_fungi	gi|12657460|emb|AJ292463.1|	85.71	196	10	13	43	235	1	181	2e-45	 191
410_fungi	gi|193246422|gb|EU687029.1|	84.54	207	15	16	38	235	1	199	7e-45	 189
410_fungi	gi|156616852|gb|EF543848.1|	99.05	105	1	0	131	235	16	120	7e-45	 189
410_fungi	gi|307101593|gb|HM211297.1|	81.89	243	23	18	1	235	11	240	9e-44	 185
410_fungi	gi|307101581|gb|HM211285.1|	81.89	243	23	18	1	235	12	241	9e-44	 185
410_fungi	gi|307101576|gb|HM211280.1|	81.89	243	23	18	1	235	10	239	9e-44	 185
410_fungi	gi|307101574|gb|HM211278.1|	81.89	243	23	18	1	235	11	240	9e-44	 185
410_fungi	gi|307101565|gb|HM211269.1|	81.89	243	23	18	1	235	11	240	9e-44	 185
410_fungi	gi|307101563|gb|HM211267.1|	81.89	243	23	18	1	235	11	240	9e-44	 185
410_fungi	gi|307101556|gb|HM211260.1|	81.89	243	23	18	1	235	10	239	9e-44	 185
410_fungi	gi|307101548|gb|HM211252.1|	81.89	243	23	18	1	235	11	240	9e-44	 185
410_fungi	gi|60656575|gb|AY935948.1|	85.42	192	10	13	47	235	1	177	3e-43	 183
410_fungi	gi|300086213|gb|HM162088.1|	80.08	246	27	17	1	235	24	258	4e-37	 163
410_fungi	gi|226925611|gb|FJ776018.1|	80.00	245	26	20	1	235	23	254	5e-36	 159
410_fungi	gi|304651467|gb|HQ115725.1|	95.05	101	3	2	137	235	1	101	2e-35	 158
410_fungi	gi|226927470|gb|FJ777877.1|	79.67	246	26	21	1	235	25	257	7e-35	 156
410_fungi	gi|226930640|gb|FJ781047.1|	92.16	102	3	4	1	100	23	121	7e-30	 139
410_fungi	gi|226927478|gb|FJ777885.1|	92.16	102	3	4	1	100	23	121	7e-30	 139
410_fungi	gi|226926910|gb|FJ777317.1|	92.16	102	3	4	1	100	23	121	7e-30	 139
410_fungi	gi|90102961|gb|DQ421277.1|	91.26	103	3	6	1	100	23	122	9e-29	 135
410_fungi	gi|300872420|gb|HM537050.1|	90.29	103	6	3	1	100	23	124	1e-27	 132
410_fungi	gi|300872408|gb|HM537038.1|	90.29	103	6	3	1	100	23	124	1e-27	 132
410_fungi	gi|300872397|gb|HM537027.1|	90.29	103	6	3	1	100	23	124	1e-27	 132
410_fungi	gi|300872394|gb|HM537024.1|	90.29	103	6	3	1	100	23	124	1e-27	 132
410_fungi	gi|300872393|gb|HM537023.1|	90.29	103	6	3	1	100	23	124	1e-27	 132
410_fungi	gi|298353210|gb|HM146134.1|	90.29	103	6	3	1	100	10	111	1e-27	 132
410_fungi	gi|273542630|gb|GU174551.1|	90.29	103	6	3	1	100	8	109	1e-27	 132
410_fungi	gi|273542626|gb|GU174547.1|	90.29	103	6	3	1	100	8	109	1e-27	 132
410_fungi	gi|273542624|gb|GU174545.1|	90.29	103	6	3	1	100	8	109	1e-27	 132
410_fungi	gi|273542623|gb|GU174544.1|	90.29	103	6	3	1	100	8	109	1e-27	 132
410_fungi	gi|273542622|gb|GU174543.1|	90.29	103	6	3	1	100	8	109	1e-27	 132
410_fungi	gi|273542621|gb|GU174542.1|	90.29	103	6	3	1	100	8	109	1e-27	 132
410_fungi	gi|262340744|gb|GU108951.1|	90.29	103	6	3	1	100	12	113	1e-27	 132
410_fungi	gi|259108503|gb|GQ511981.1|	90.29	103	6	3	1	100	23	124	1e-27	 132
410_fungi	gi|259098742|gb|GQ521040.1|	90.29	103	6	3	1	100	18	119	1e-27	 132
410_fungi	gi|259094316|gb|GQ526022.1|	90.29	103	6	3	1	100	18	119	1e-27	 132
410_fungi	gi|259091493|gb|GQ523199.1|	90.29	103	6	3	1	100	23	124	1e-27	 132
410_fungi	gi|256427100|gb|GQ369600.1|	87.83	115	10	4	1	113	6	118	1e-27	 132
410_fungi	gi|223006255|gb|FJ612887.1|	90.29	103	6	3	1	100	11	112	1e-27	 132
410_fungi	gi|223006100|gb|FJ612732.1|	90.29	103	6	3	1	100	10	111	1e-27	 132
410_fungi	gi|217316070|gb|FJ455527.1|	90.29	103	6	3	1	100	10	111	1e-27	 132
410_fungi	gi|215490351|gb|FJ441626.1|	90.29	103	6	3	1	100	11	112	1e-27	 132
410_fungi	gi|215490344|gb|FJ441619.1|	90.29	103	6	3	1	100	11	112	1e-27	 132
410_fungi	gi|189909439|gb|EU552111.1|	90.29	103	6	3	1	100	98	199	1e-27	 132
410_fungi	gi|157697353|gb|EF672288.1|	90.29	103	6	3	1	100	15	116	1e-27	 132
410_fungi	gi|157697347|gb|EF672282.1|	90.29	103	6	3	1	100	9	110	1e-27	 132
410_fungi	gi|170522568|gb|EU530697.1|	90.29	103	6	3	1	100	21	122	1e-27	 132
410_fungi	gi|162285927|gb|EU326204.1|	90.29	103	6	3	1	100	11	112	1e-27	 132
410_fungi	gi|162285920|gb|EU326197.1|	90.29	103	6	3	1	100	11	112	1e-27	 132
410_fungi	gi|162285906|gb|EU326183.1|	90.29	103	6	3	1	100	10	111	1e-27	 132
410_fungi	gi|162285905|gb|EU326182.1|	90.29	103	6	3	1	100	10	111	1e-27	 132
410_fungi	gi|162285902|gb|EU326179.1|	90.29	103	6	3	1	100	11	112	1e-27	 132
410_fungi	gi|126131241|gb|EF423552.1|	90.29	103	6	3	1	100	10	111	1e-27	 132
410_fungi	gi|126131229|gb|EF423540.1|	90.29	103	6	3	1	100	10	111	1e-27	 132
410_fungi	gi|126131216|gb|EF423527.1|	90.29	103	6	3	1	100	10	111	1e-27	 132
410_fungi	gi|126131215|gb|EF423526.1|	90.29	103	6	3	1	100	10	111	1e-27	 132
410_fungi	gi|124484037|emb|AM491334.1|	90.29	103	6	3	1	100	9	110	1e-27	 132
410_fungi	gi|117653002|gb|EF060597.1|	90.29	103	6	3	1	100	311	412	1e-27	 132
410_fungi	gi|117652990|gb|EF060585.1|	90.29	103	6	3	1	100	310	411	1e-27	 132
410_fungi	gi|117652918|gb|EF060513.1|	90.29	103	6	3	1	100	315	416	1e-27	 132
410_fungi	gi|82799476|gb|DQ286224.1|	90.29	103	6	3	1	100	6	107	1e-27	 132
410_fungi	gi|82799455|gb|DQ286203.1|	90.29	103	6	3	1	100	24	125	1e-27	 132
410_fungi	gi|82799454|gb|DQ286202.1|	90.29	103	6	3	1	100	12	113	1e-27	 132
410_fungi	gi|82799452|gb|DQ286200.1|	90.29	103	6	3	1	100	2	103	1e-27	 132
410_fungi	gi|82799450|gb|DQ286198.1|	90.29	103	6	3	1	100	12	113	1e-27	 132
410_fungi	gi|82799448|gb|DQ286196.1|	90.29	103	6	3	1	100	12	113	1e-27	 132
410_fungi	gi|82799446|gb|DQ286194.1|	90.29	103	6	3	1	100	9	110	1e-27	 132
410_fungi	gi|37695564|gb|AY423475.1|	90.29	103	6	3	1	100	11	112	1e-27	 132
410_fungi	gi|31789266|gb|AY266403.1|	87.83	115	10	4	1	113	9	121	1e-27	 132
410_fungi	gi|31789265|gb|AY266402.1|	87.83	115	10	4	1	113	9	121	1e-27	 132
410_fungi	gi|31789258|gb|AY266395.1|	90.29	103	6	3	1	100	9	110	1e-27	 132
410_fungi	gi|31789257|gb|AY266394.1|	90.29	103	6	3	1	100	9	110	1e-27	 132
410_fungi	gi|31789256|gb|AY266393.1|	90.29	103	6	3	1	100	9	110	1e-27	 132
410_fungi	gi|31789255|gb|AY266392.1|	90.29	103	6	3	1	100	9	110	1e-27	 132
410_fungi	gi|31789254|gb|AY266391.1|	90.29	103	6	3	1	100	9	110	1e-27	 132
410_fungi	gi|31789250|gb|AY266387.1|	90.29	103	6	3	1	100	9	110	1e-27	 132
410_fungi	gi|31789248|gb|AY266385.1|	90.29	103	6	3	1	100	9	110	1e-27	 132
410_fungi	gi|31789232|gb|AY266369.1|	90.29	103	6	3	1	100	9	110	1e-27	 132
410_fungi	gi|67043904|gb|DQ062671.1|	90.29	103	6	3	1	100	23	124	1e-27	 132
410_fungi	gi|62199653|gb|AY902476.1|	90.29	103	6	3	1	100	9	110	1e-27	 132
410_fungi	gi|56785678|gb|AY714052.1|	90.29	103	6	3	1	100	10	111	1e-27	 132
410_fungi	gi|17426687|emb|AJ301986.1|	90.29	103	6	3	1	100	328	429	1e-27	 132
410_fungi	gi|17426623|emb|AJ301919.1|	90.29	103	6	3	1	100	601	702	1e-27	 132
410_fungi	gi|17426612|emb|AJ301908.1|	90.29	103	6	3	1	100	1712	1813	1e-27	 132
410_fungi	gi|270303629|gb|GU183172.1|	90.29	103	4	5	1	100	9	108	4e-27	 130
410_fungi	gi|302651849|gb|HM989908.1|	90.10	101	6	3	3	100	1	100	1e-26	 128
410_fungi	gi|226930333|gb|FJ780740.1|	90.29	103	3	6	1	100	23	121	1e-26	 128
410_fungi	gi|162285915|gb|EU326192.1|	90.10	101	6	3	3	100	13	112	1e-26	 128
410_fungi	gi|134305048|gb|EF488444.1|	90.10	101	6	3	3	100	1	100	1e-26	 128
410_fungi	gi|31789267|gb|AY266404.1|	87.18	117	9	5	1	113	9	123	1e-26	 128
410_fungi	gi|307603177|gb|HM575266.1|	89.32	103	7	3	1	100	9	110	5e-26	 126
410_fungi	gi|307603176|gb|HM575265.1|	89.32	103	7	3	1	100	9	110	5e-26	 126
410_fungi	gi|307603175|gb|HM575264.1|	89.32	103	7	3	1	100	9	110	5e-26	 126
410_fungi	gi|307603174|gb|HM575263.1|	89.32	103	7	3	1	100	7	108	5e-26	 126
410_fungi	gi|307603171|gb|HM575260.1|	89.32	103	7	3	1	100	9	110	5e-26	 126
410_fungi	gi|307603170|gb|HM575259.1|	89.32	103	7	3	1	100	9	110	5e-26	 126
410_fungi	gi|307603169|gb|HM575258.1|	89.32	103	7	3	1	100	10	111	5e-26	 126
410_fungi	gi|307603168|gb|HM575257.1|	89.32	103	7	3	1	100	9	110	5e-26	 126
410_fungi	gi|307603165|gb|HM575254.1|	89.32	103	7	3	1	100	9	110	5e-26	 126
410_fungi	gi|307603164|gb|HM575253.1|	89.32	103	7	3	1	100	9	110	5e-26	 126
410_fungi	gi|307603162|gb|HM575251.1|	89.32	103	7	3	1	100	9	110	5e-26	 126
410_fungi	gi|307603161|gb|HM575250.1|	89.32	103	7	3	1	100	9	110	5e-26	 126
410_fungi	gi|307603159|gb|HM575248.1|	89.32	103	7	3	1	100	9	110	5e-26	 126
410_fungi	gi|307603157|gb|HM575246.1|	89.32	103	7	3	1	100	8	109	5e-26	 126
410_fungi	gi|307603156|gb|HM575245.1|	89.32	103	7	3	1	100	9	110	5e-26	 126
410_fungi	gi|307603155|gb|HM575244.1|	89.32	103	7	3	1	100	9	110	5e-26	 126
410_fungi	gi|307603152|gb|HM575241.1|	89.32	103	7	3	1	100	9	110	5e-26	 126
410_fungi	gi|307603151|gb|HM575240.1|	89.32	103	7	3	1	100	9	110	5e-26	 126
410_fungi	gi|307603150|gb|HM575239.1|	89.32	103	7	3	1	100	9	110	5e-26	 126
410_fungi	gi|307603148|gb|HM575237.1|	89.32	103	7	3	1	100	9	110	5e-26	 126
410_fungi	gi|307603147|gb|HM575236.1|	89.32	103	7	3	1	100	9	110	5e-26	 126
410_fungi	gi|307603145|gb|HM575234.1|	89.32	103	7	3	1	100	9	110	5e-26	 126
410_fungi	gi|307603144|gb|HM575233.1|	89.32	103	7	3	1	100	9	110	5e-26	 126
410_fungi	gi|307603143|gb|HM575232.1|	89.32	103	7	3	1	100	9	110	5e-26	 126
410_fungi	gi|307603142|gb|HM575231.1|	89.32	103	7	3	1	100	9	110	5e-26	 126
410_fungi	gi|307603140|gb|HM575229.1|	89.32	103	7	3	1	100	9	110	5e-26	 126
410_fungi	gi|307603139|gb|HM575228.1|	89.32	103	7	3	1	100	9	110	5e-26	 126
410_fungi	gi|307603138|gb|HM575227.1|	89.32	103	7	3	1	100	9	110	5e-26	 126
410_fungi	gi|307603133|gb|HM575222.1|	89.32	103	7	3	1	100	9	110	5e-26	 126
410_fungi	gi|307101554|gb|HM211258.1|	89.32	103	7	3	1	100	10	111	5e-26	 126
410_fungi	gi|307101549|gb|HM211253.1|	89.32	103	7	3	1	100	10	111	5e-26	 126
410_fungi	gi|307101547|gb|HM211251.1|	89.32	103	7	3	1	100	11	112	5e-26	 126
410_fungi	gi|307101545|gb|HM211249.1|	89.32	103	7	3	1	100	10	111	5e-26	 126
410_fungi	gi|307101541|gb|HM211245.1|	89.32	103	7	3	1	100	11	112	5e-26	 126
410_fungi	gi|307101538|gb|HM211242.1|	89.32	103	7	3	1	100	10	111	5e-26	 126
410_fungi	gi|307101535|gb|HM211239.1|	89.32	103	7	3	1	100	10	111	5e-26	 126
410_fungi	gi|307101530|gb|HM211234.1|	89.32	103	7	3	1	100	10	111	5e-26	 126
410_fungi	gi|307101525|gb|HM211229.1|	89.32	103	7	3	1	100	11	112	5e-26	 126
410_fungi	gi|307101521|gb|HM211225.1|	89.32	103	7	3	1	100	11	112	5e-26	 126
410_fungi	gi|307101518|gb|HM211222.1|	89.32	103	7	3	1	100	11	112	5e-26	 126
410_fungi	gi|307101511|gb|HM211215.1|	89.32	103	7	3	1	100	10	111	5e-26	 126
410_fungi	gi|307101510|gb|HM211214.1|	89.32	103	7	3	1	100	10	111	5e-26	 126
410_fungi	gi|307101509|gb|HM211213.1|	89.32	103	7	3	1	100	10	111	5e-26	 126
410_fungi	gi|307101508|gb|HM211212.1|	89.32	103	7	3	1	100	11	112	5e-26	 126
410_fungi	gi|307101507|gb|HM211211.1|	89.32	103	7	3	1	100	10	111	5e-26	 126
410_fungi	gi|307101505|gb|HM211209.1|	89.32	103	7	3	1	100	10	111	5e-26	 126
