# BLASTN 2.2.23+
# Query:  268_fungi
# Database: /home/rohinis/blastdb/blast_nt/nt
# Fields: query id, subject id, % identity, alignment length, mismatches, gap opens, q. start, q. end, s. start, s. end, evalue, bit score
# 500 hits found
268_fungi	gi|317184155|gb|HQ649912.1|	99.23	259	1	1	1	258	1	259	3e-128	 466
268_fungi	gi|299034370|emb|FN689668.1|	98.84	259	2	1	1	258	583	325	1e-126	 460
268_fungi	gi|259091774|gb|GQ523480.1|	98.46	260	2	2	1	258	18	277	2e-125	 457
268_fungi	gi|85376516|gb|DQ317352.1|	98.46	260	2	2	1	258	1	260	2e-125	 457
268_fungi	gi|298356904|emb|FN868451.1|	98.08	261	2	3	1	258	24	284	8e-124	 451
268_fungi	gi|259109162|gb|GQ512640.1|	98.08	260	3	1	1	258	15	274	8e-124	 451
268_fungi	gi|134141228|gb|EF159228.1|	98.08	260	3	1	1	258	20	279	8e-124	 451
268_fungi	gi|134141166|gb|EF159166.1|	97.70	261	3	1	1	258	20	280	4e-122	 446
268_fungi	gi|318101589|gb|HQ674659.1|	97.32	261	4	2	1	258	113	373	2e-120	 440
268_fungi	gi|313757597|gb|HM101093.1|	98.03	254	2	2	8	258	1	254	7e-120	 438
268_fungi	gi|186695979|gb|EU480248.1|	98.79	247	2	1	13	258	1	247	7e-120	 438
268_fungi	gi|6715474|gb|AF218791.1|AF218791	96.92	260	6	2	1	258	1755	2014	2e-119	 436
268_fungi	gi|31075471|gb|AY278837.1|	98.78	245	2	1	15	258	1	245	9e-119	 435
268_fungi	gi|237872418|gb|FJ914692.1|	98.77	243	2	1	17	258	1	243	1e-117	 431
268_fungi	gi|148357893|gb|EF589899.1|	98.77	243	2	1	17	258	1	243	1e-117	 431
268_fungi	gi|48374913|gb|AY625072.1|	98.77	243	2	1	17	258	1	243	1e-117	 431
268_fungi	gi|294861900|gb|HM036619.1|	98.37	245	2	2	15	258	1	244	4e-117	 429
268_fungi	gi|134141348|gb|EF159348.1|	97.98	248	3	1	13	258	1	248	4e-117	 429
268_fungi	gi|48374912|gb|AY625071.1|	98.36	244	2	2	17	258	1	244	1e-116	 427
268_fungi	gi|214028072|gb|FJ266490.1|	99.16	237	1	1	23	258	2	238	5e-116	 425
268_fungi	gi|214028069|gb|FJ266487.1|	99.16	237	1	1	23	258	2	238	5e-116	 425
268_fungi	gi|214028068|gb|FJ266486.1|	99.16	237	1	1	23	258	2	238	5e-116	 425
268_fungi	gi|214028066|gb|FJ266484.1|	99.16	237	1	1	23	258	2	238	5e-116	 425
268_fungi	gi|214028065|gb|FJ266483.1|	99.16	237	1	1	23	258	2	238	5e-116	 425
268_fungi	gi|259105300|gb|GQ508778.1|	96.17	261	5	5	1	258	15	273	7e-115	 422
268_fungi	gi|259102938|gb|GQ515826.1|	96.17	261	5	5	1	258	18	276	7e-115	 422
268_fungi	gi|224969865|gb|FJ757411.1|	96.17	261	5	5	1	258	15	273	7e-115	 422
268_fungi	gi|10197609|gb|AF177738.1|	95.82	263	5	5	1	258	3	264	7e-115	 422
268_fungi	gi|110456091|gb|DQ458903.1|	97.95	244	2	3	17	258	1	243	2e-114	 420
268_fungi	gi|110456088|gb|DQ458901.1|	98.73	237	1	2	24	258	1	237	2e-114	 420
268_fungi	gi|31075475|gb|AY278841.1|	97.57	247	3	2	15	258	1	247	2e-114	 420
268_fungi	gi|259103788|gb|GQ516676.1|	95.79	261	7	4	1	258	15	274	9e-114	 418
268_fungi	gi|259098364|gb|GQ520662.1|	95.80	262	5	6	1	258	15	274	9e-114	 418
268_fungi	gi|259096609|gb|GQ518907.1|	95.80	262	5	6	1	258	15	274	9e-114	 418
268_fungi	gi|259094256|gb|GQ525962.1|	95.80	262	5	6	1	258	15	274	9e-114	 418
268_fungi	gi|259093273|gb|GQ524979.1|	95.80	262	5	6	1	258	15	274	9e-114	 418
268_fungi	gi|259092466|gb|GQ524172.1|	95.80	262	5	6	1	258	15	274	9e-114	 418
268_fungi	gi|259091707|gb|GQ523413.1|	95.80	262	5	6	1	258	14	273	9e-114	 418
268_fungi	gi|259091684|gb|GQ523390.1|	95.82	263	4	7	1	258	15	275	9e-114	 418
268_fungi	gi|224970561|gb|FJ758107.1|	95.80	262	5	6	1	258	18	277	9e-114	 418
268_fungi	gi|224970218|gb|FJ757764.1|	95.80	262	5	6	1	258	15	274	9e-114	 418
268_fungi	gi|224970118|gb|FJ757664.1|	95.80	262	5	6	1	258	15	274	9e-114	 418
268_fungi	gi|318101592|gb|HQ674662.1|	95.79	261	6	5	1	258	112	370	3e-113	 416
268_fungi	gi|318101591|gb|HQ674661.1|	95.79	261	6	5	1	258	114	372	3e-113	 416
268_fungi	gi|317383291|gb|HQ630970.1|	95.79	261	6	5	1	258	25	283	3e-113	 416
268_fungi	gi|317184205|gb|HQ649962.1|	95.79	261	6	5	1	258	1	259	3e-113	 416
268_fungi	gi|317184204|gb|HQ649961.1|	95.79	261	6	5	1	258	1	259	3e-113	 416
268_fungi	gi|317184203|gb|HQ649960.1|	95.79	261	6	5	1	258	1	259	3e-113	 416
268_fungi	gi|315435165|gb|GU584951.1|	95.79	261	6	5	1	258	107	365	3e-113	 416
268_fungi	gi|315435164|gb|GU584950.1|	95.79	261	6	5	1	258	107	365	3e-113	 416
268_fungi	gi|315435163|gb|GU584949.1|	95.79	261	6	5	1	258	107	365	3e-113	 416
268_fungi	gi|315435162|gb|GU584948.1|	95.79	261	6	5	1	258	107	365	3e-113	 416
268_fungi	gi|315435161|gb|GU584947.1|	95.79	261	6	5	1	258	107	365	3e-113	 416
268_fungi	gi|315435160|gb|GU584946.1|	95.79	261	6	5	1	258	107	365	3e-113	 416
268_fungi	gi|311409122|gb|HQ219359.1|	95.79	261	6	5	1	258	1716	1974	3e-113	 416
268_fungi	gi|311294996|gb|HQ380767.1|	97.54	244	4	2	17	258	1	244	3e-113	 416
268_fungi	gi|311294994|gb|HQ380765.1|	97.55	245	3	1	17	258	1	245	3e-113	 416
268_fungi	gi|310768616|gb|HM559432.1|	95.79	261	6	5	1	258	9	267	3e-113	 416
268_fungi	gi|307101580|gb|HM211284.1|	95.79	261	6	5	1	258	11	269	3e-113	 416
268_fungi	gi|305670528|gb|HQ026495.1|	95.79	261	6	5	1	258	23	281	3e-113	 416
268_fungi	gi|303270699|gb|HM754629.1|	95.79	261	6	5	1	258	26	284	3e-113	 416
268_fungi	gi|302030946|gb|HM596872.1|	95.79	261	6	5	1	258	23	281	3e-113	 416
268_fungi	gi|300872423|gb|HM537053.1|	95.79	261	6	5	1	258	23	281	3e-113	 416
268_fungi	gi|300086428|gb|HM162303.1|	95.79	261	6	5	1	258	23	281	3e-113	 416
268_fungi	gi|300086331|gb|HM162206.1|	95.79	261	6	5	1	258	23	281	3e-113	 416
268_fungi	gi|300086156|gb|HM162031.1|	95.79	261	6	5	1	258	23	281	3e-113	 416
268_fungi	gi|298573104|gb|GU065589.1|	95.79	261	6	5	1	258	23	281	3e-113	 416
268_fungi	gi|298573094|gb|GU065579.1|	95.79	261	6	5	1	258	23	281	3e-113	 416
268_fungi	gi|298573067|gb|GU065552.1|	95.79	261	6	5	1	258	23	281	3e-113	 416
268_fungi	gi|298573051|gb|GU065536.1|	95.79	261	6	5	1	258	23	281	3e-113	 416
268_fungi	gi|298572973|gb|GU065458.1|	95.79	261	6	5	1	258	23	281	3e-113	 416
268_fungi	gi|298572962|gb|GU065447.1|	95.79	261	6	5	1	258	23	281	3e-113	 416
268_fungi	gi|290767258|gb|GQ169728.1|	95.79	261	6	5	1	258	12	270	3e-113	 416
268_fungi	gi|295651257|gb|HM013817.1|	95.79	261	6	5	1	258	8	266	3e-113	 416
268_fungi	gi|295651256|gb|HM013816.1|	95.79	261	6	5	1	258	8	266	3e-113	 416
268_fungi	gi|295651255|gb|HM013815.1|	95.79	261	6	5	1	258	8	266	3e-113	 416
268_fungi	gi|295651254|gb|HM013814.1|	95.79	261	6	5	1	258	8	266	3e-113	 416
268_fungi	gi|295651253|gb|HM013813.1|	95.79	261	6	5	1	258	8	266	3e-113	 416
268_fungi	gi|295651252|gb|HM013812.1|	95.79	261	6	5	1	258	8	266	3e-113	 416
268_fungi	gi|292453926|gb|GU722062.1|	95.79	261	6	5	1	258	15	273	3e-113	 416
268_fungi	gi|292453812|gb|GU721948.1|	95.79	261	6	5	1	258	22	280	3e-113	 416
268_fungi	gi|292453811|gb|GU721947.1|	95.79	261	6	5	1	258	22	280	3e-113	 416
268_fungi	gi|292453810|gb|GU721946.1|	95.79	261	6	5	1	258	22	280	3e-113	 416
268_fungi	gi|292453809|gb|GU721945.1|	95.79	261	6	5	1	258	22	280	3e-113	 416
268_fungi	gi|292453808|gb|GU721944.1|	95.79	261	6	5	1	258	22	280	3e-113	 416
268_fungi	gi|292453807|gb|GU721943.1|	95.79	261	6	5	1	258	22	280	3e-113	 416
268_fungi	gi|292453806|gb|GU721942.1|	95.79	261	6	5	1	258	22	280	3e-113	 416
268_fungi	gi|292453805|gb|GU721941.1|	95.79	261	6	5	1	258	22	280	3e-113	 416
268_fungi	gi|292453804|gb|GU721940.1|	95.79	261	6	5	1	258	22	280	3e-113	 416
268_fungi	gi|292453803|gb|GU721939.1|	95.79	261	6	5	1	258	22	280	3e-113	 416
268_fungi	gi|292453802|gb|GU721938.1|	95.79	261	6	5	1	258	22	280	3e-113	 416
268_fungi	gi|292453801|gb|GU721937.1|	95.79	261	6	5	1	258	22	280	3e-113	 416
268_fungi	gi|292453800|gb|GU721936.1|	95.79	261	6	5	1	258	22	280	3e-113	 416
268_fungi	gi|292453799|gb|GU721935.1|	95.79	261	6	5	1	258	22	280	3e-113	 416
268_fungi	gi|292453798|gb|GU721934.1|	95.79	261	6	5	1	258	15	273	3e-113	 416
268_fungi	gi|292453797|gb|GU721933.1|	95.79	261	6	5	1	258	15	273	3e-113	 416
268_fungi	gi|292453796|gb|GU721932.1|	95.79	261	6	5	1	258	18	276	3e-113	 416
268_fungi	gi|292453795|gb|GU721931.1|	95.79	261	6	5	1	258	18	276	3e-113	 416
268_fungi	gi|292453794|gb|GU721930.1|	95.79	261	6	5	1	258	15	273	3e-113	 416
268_fungi	gi|292453793|gb|GU721929.1|	95.79	261	6	5	1	258	22	280	3e-113	 416
268_fungi	gi|292453790|gb|GU721926.1|	95.79	261	6	5	1	258	15	273	3e-113	 416
268_fungi	gi|292453788|gb|GU721924.1|	95.79	261	6	5	1	258	22	280	3e-113	 416
268_fungi	gi|292453785|gb|GU721921.1|	95.79	261	6	5	1	258	15	273	3e-113	 416
268_fungi	gi|292453784|gb|GU721920.1|	95.79	261	6	5	1	258	15	273	3e-113	 416
268_fungi	gi|292453767|gb|GU721903.1|	95.79	261	6	5	1	258	22	280	3e-113	 416
268_fungi	gi|292453653|gb|GU721789.1|	95.79	261	6	5	1	258	23	281	3e-113	 416
268_fungi	gi|292453652|gb|GU721788.1|	95.79	261	6	5	1	258	23	281	3e-113	 416
268_fungi	gi|292453651|gb|GU721787.1|	95.79	261	6	5	1	258	23	281	3e-113	 416
268_fungi	gi|292453650|gb|GU721786.1|	95.79	261	6	5	1	258	23	281	3e-113	 416
268_fungi	gi|292453649|gb|GU721785.1|	95.79	261	6	5	1	258	23	281	3e-113	 416
268_fungi	gi|292453648|gb|GU721784.1|	95.79	261	6	5	1	258	23	281	3e-113	 416
268_fungi	gi|292453647|gb|GU721783.1|	95.79	261	6	5	1	258	23	281	3e-113	 416
268_fungi	gi|292453646|gb|GU721782.1|	95.79	261	6	5	1	258	23	281	3e-113	 416
268_fungi	gi|292453645|gb|GU721781.1|	95.79	261	6	5	1	258	23	281	3e-113	 416
268_fungi	gi|292453644|gb|GU721780.1|	95.79	261	6	5	1	258	23	281	3e-113	 416
268_fungi	gi|292453640|gb|GU721776.1|	95.79	261	6	5	1	258	23	281	3e-113	 416
268_fungi	gi|292453637|gb|GU721773.1|	95.79	261	6	5	1	258	23	281	3e-113	 416
268_fungi	gi|292453636|gb|GU721772.1|	95.79	261	6	5	1	258	23	281	3e-113	 416
268_fungi	gi|292453635|gb|GU721771.1|	95.79	261	6	5	1	258	23	281	3e-113	 416
268_fungi	gi|292453634|gb|GU721770.1|	95.79	261	6	5	1	258	23	281	3e-113	 416
268_fungi	gi|292453633|gb|GU721769.1|	95.79	261	6	5	1	258	23	281	3e-113	 416
268_fungi	gi|292453632|gb|GU721768.1|	95.79	261	6	5	1	258	23	281	3e-113	 416
268_fungi	gi|292453630|gb|GU721766.1|	95.79	261	6	5	1	258	23	281	3e-113	 416
268_fungi	gi|292453629|gb|GU721765.1|	95.79	261	6	5	1	258	23	281	3e-113	 416
268_fungi	gi|292453628|gb|GU721764.1|	95.79	261	6	5	1	258	23	281	3e-113	 416
268_fungi	gi|292453627|gb|GU721763.1|	95.79	261	6	5	1	258	23	281	3e-113	 416
268_fungi	gi|292453626|gb|GU721762.1|	95.79	261	6	5	1	258	23	281	3e-113	 416
268_fungi	gi|292453625|gb|GU721761.1|	95.79	261	6	5	1	258	23	281	3e-113	 416
268_fungi	gi|292453624|gb|GU721760.1|	95.79	261	6	5	1	258	23	281	3e-113	 416
268_fungi	gi|292453623|gb|GU721759.1|	95.79	261	6	5	1	258	23	281	3e-113	 416
268_fungi	gi|292453622|gb|GU721758.1|	95.79	261	6	5	1	258	23	281	3e-113	 416
268_fungi	gi|292453621|gb|GU721757.1|	95.79	261	6	5	1	258	23	281	3e-113	 416
268_fungi	gi|292453620|gb|GU721756.1|	95.79	261	6	5	1	258	23	281	3e-113	 416
268_fungi	gi|292453617|gb|GU721753.1|	95.79	261	6	5	1	258	23	281	3e-113	 416
268_fungi	gi|292453614|gb|GU721750.1|	95.79	261	6	5	1	258	23	281	3e-113	 416
268_fungi	gi|292453613|gb|GU721749.1|	95.79	261	6	5	1	258	23	281	3e-113	 416
268_fungi	gi|292453608|gb|GU721744.1|	95.79	261	6	5	1	258	23	281	3e-113	 416
268_fungi	gi|292453607|gb|GU721743.1|	95.79	261	6	5	1	258	23	281	3e-113	 416
268_fungi	gi|292453604|gb|GU721740.1|	95.79	261	6	5	1	258	23	281	3e-113	 416
268_fungi	gi|292453601|gb|GU721737.1|	95.79	261	6	5	1	258	23	281	3e-113	 416
268_fungi	gi|292453600|gb|GU721736.1|	95.79	261	6	5	1	258	23	281	3e-113	 416
268_fungi	gi|292453597|gb|GU721733.1|	95.79	261	6	5	1	258	23	281	3e-113	 416
268_fungi	gi|292453412|gb|GU721548.1|	95.79	261	6	5	1	258	23	281	3e-113	 416
268_fungi	gi|292453407|gb|GU721543.1|	95.79	261	6	5	1	258	23	281	3e-113	 416
268_fungi	gi|292453399|gb|GU721535.1|	95.79	261	6	5	1	258	23	281	3e-113	 416
268_fungi	gi|292453394|gb|GU721530.1|	95.79	261	6	5	1	258	23	281	3e-113	 416
268_fungi	gi|292453385|gb|GU721521.1|	95.79	261	6	5	1	258	23	281	3e-113	 416
268_fungi	gi|292453380|gb|GU721516.1|	95.79	261	6	5	1	258	23	281	3e-113	 416
268_fungi	gi|292453367|gb|GU721503.1|	95.79	261	6	5	1	258	23	281	3e-113	 416
268_fungi	gi|292453349|gb|GU721485.1|	95.79	261	6	5	1	258	22	280	3e-113	 416
268_fungi	gi|292453344|gb|GU721480.1|	95.79	261	6	5	1	258	23	281	3e-113	 416
268_fungi	gi|292453332|gb|GU721468.1|	95.79	261	6	5	1	258	23	281	3e-113	 416
268_fungi	gi|292453321|gb|GU721457.1|	95.79	261	6	5	1	258	23	281	3e-113	 416
268_fungi	gi|292453303|gb|GU721439.1|	95.79	261	6	5	1	258	22	280	3e-113	 416
268_fungi	gi|292453298|gb|GU721434.1|	95.79	261	6	5	1	258	23	281	3e-113	 416
268_fungi	gi|292453286|gb|GU721422.1|	95.79	261	6	5	1	258	23	281	3e-113	 416
268_fungi	gi|292453279|gb|GU721415.1|	95.79	261	6	5	1	258	22	280	3e-113	 416
268_fungi	gi|292453269|gb|GU721405.1|	95.79	261	6	5	1	258	23	281	3e-113	 416
268_fungi	gi|292453259|gb|GU721395.1|	95.79	261	6	5	1	258	23	281	3e-113	 416
268_fungi	gi|292453245|gb|GU721381.1|	95.79	261	6	5	1	258	22	280	3e-113	 416
268_fungi	gi|292453244|gb|GU721380.1|	95.79	261	6	5	1	258	22	280	3e-113	 416
268_fungi	gi|292453243|gb|GU721379.1|	95.79	261	6	5	1	258	22	280	3e-113	 416
268_fungi	gi|292453233|gb|GU721369.1|	95.79	261	6	5	1	258	23	281	3e-113	 416
268_fungi	gi|292453223|gb|GU721359.1|	95.79	261	6	5	1	258	23	281	3e-113	 416
268_fungi	gi|292453209|gb|GU721345.1|	95.79	261	6	5	1	258	22	280	3e-113	 416
268_fungi	gi|292453208|gb|GU721344.1|	95.79	261	6	5	1	258	22	280	3e-113	 416
268_fungi	gi|292453198|gb|GU721334.1|	95.79	261	6	5	1	258	23	281	3e-113	 416
268_fungi	gi|292453197|gb|GU721333.1|	95.79	261	6	5	1	258	23	281	3e-113	 416
268_fungi	gi|292453196|gb|GU721332.1|	95.79	261	6	5	1	258	23	281	3e-113	 416
268_fungi	gi|292453193|gb|GU721329.1|	95.79	261	6	5	1	258	18	276	3e-113	 416
268_fungi	gi|292453189|gb|GU721325.1|	95.79	261	6	5	1	258	23	281	3e-113	 416
268_fungi	gi|292453181|gb|GU721317.1|	95.79	261	6	5	1	258	23	281	3e-113	 416
268_fungi	gi|292453178|gb|GU721314.1|	95.79	261	6	5	1	258	23	281	3e-113	 416
268_fungi	gi|292453165|gb|GU721301.1|	95.79	261	6	5	1	258	23	281	3e-113	 416
268_fungi	gi|292453161|gb|GU721297.1|	95.79	261	6	5	1	258	23	281	3e-113	 416
268_fungi	gi|292453158|gb|GU721294.1|	95.79	261	6	5	1	258	18	276	3e-113	 416
268_fungi	gi|292453147|gb|GU721283.1|	95.79	261	6	5	1	258	23	281	3e-113	 416
268_fungi	gi|292453144|gb|GU721280.1|	95.79	261	6	5	1	258	23	281	3e-113	 416
268_fungi	gi|292453131|gb|GU721267.1|	95.79	261	6	5	1	258	23	281	3e-113	 416
268_fungi	gi|291498491|gb|GU566303.1|	95.79	261	6	5	1	258	23	281	3e-113	 416
268_fungi	gi|291361459|gb|GU797145.1|	95.79	261	6	5	1	258	113	371	3e-113	 416
268_fungi	gi|291361458|gb|GU797144.1|	95.79	261	6	5	1	258	113	371	3e-113	 416
268_fungi	gi|291361452|gb|GU797138.1|	95.79	261	6	5	1	258	113	371	3e-113	 416
268_fungi	gi|284520038|gb|GU055986.1|	95.79	261	6	5	1	258	25	283	3e-113	 416
268_fungi	gi|283856123|gb|GU256941.1|	95.79	261	6	5	1	258	23	281	3e-113	 416
268_fungi	gi|270359011|gb|GU187964.1|	95.79	261	6	5	1	258	20	278	3e-113	 416
268_fungi	gi|270303624|gb|GU183167.1|	95.79	261	6	5	1	258	6	264	3e-113	 416
268_fungi	gi|270303618|gb|GU183161.1|	95.79	261	6	5	1	258	6	264	3e-113	 416
268_fungi	gi|262035013|gb|GU062279.1|	95.79	261	6	5	1	258	15	273	3e-113	 416
268_fungi	gi|226442099|gb|FJ210505.1|	95.79	261	6	5	1	258	24	282	3e-113	 416
268_fungi	gi|226442095|gb|FJ210501.1|	95.79	261	6	5	1	258	18	276	3e-113	 416
268_fungi	gi|226442092|gb|FJ210498.1|	95.79	261	6	5	1	258	24	282	3e-113	 416
268_fungi	gi|226442084|gb|FJ210490.1|	95.79	261	6	5	1	258	24	282	3e-113	 416
268_fungi	gi|226442082|gb|FJ210488.1|	95.79	261	6	5	1	258	24	282	3e-113	 416
268_fungi	gi|226442077|gb|FJ210483.1|	95.79	261	6	5	1	258	24	282	3e-113	 416
268_fungi	gi|226442075|gb|FJ210481.1|	95.79	261	6	5	1	258	24	282	3e-113	 416
268_fungi	gi|226442070|gb|FJ210476.1|	95.79	261	6	5	1	258	24	282	3e-113	 416
268_fungi	gi|259109031|gb|GQ512509.1|	95.77	260	8	3	1	258	15	273	3e-113	 416
268_fungi	gi|259108909|gb|GQ512387.1|	95.79	261	6	5	1	258	15	273	3e-113	 416
268_fungi	gi|259108155|gb|GQ511633.1|	95.79	261	6	5	1	258	15	273	3e-113	 416
268_fungi	gi|259108064|gb|GQ511542.1|	95.79	261	6	5	1	258	14	272	3e-113	 416
268_fungi	gi|259107946|gb|GQ511424.1|	95.79	261	6	5	1	258	15	273	3e-113	 416
268_fungi	gi|259107783|gb|GQ511261.1|	95.79	261	6	5	1	258	16	274	3e-113	 416
268_fungi	gi|259107599|gb|GQ511077.1|	95.77	260	7	4	1	258	15	272	3e-113	 416
268_fungi	gi|259107385|gb|GQ510863.1|	95.79	261	6	5	1	258	15	273	3e-113	 416
268_fungi	gi|259107193|gb|GQ510671.1|	95.79	261	6	5	1	258	15	273	3e-113	 416
268_fungi	gi|259107121|gb|GQ510599.1|	95.79	261	6	5	1	258	15	273	3e-113	 416
268_fungi	gi|259107072|gb|GQ510550.1|	95.79	261	6	5	1	258	15	273	3e-113	 416
268_fungi	gi|259106822|gb|GQ510300.1|	95.79	261	6	5	1	258	13	271	3e-113	 416
268_fungi	gi|259106449|gb|GQ509927.1|	95.79	261	6	5	1	258	19	277	3e-113	 416
268_fungi	gi|259106105|gb|GQ509583.1|	95.79	261	6	5	1	258	19	277	3e-113	 416
268_fungi	gi|259105815|gb|GQ509293.1|	95.80	262	4	7	1	258	18	276	3e-113	 416
268_fungi	gi|259105806|gb|GQ509284.1|	95.79	261	6	5	1	258	19	277	3e-113	 416
268_fungi	gi|259105574|gb|GQ509052.1|	95.79	261	6	5	1	258	15	273	3e-113	 416
268_fungi	gi|259105459|gb|GQ508937.1|	95.79	261	6	5	1	258	15	273	3e-113	 416
268_fungi	gi|259105430|gb|GQ508908.1|	95.79	261	6	5	1	258	18	276	3e-113	 416
268_fungi	gi|259105371|gb|GQ508849.1|	95.79	261	6	5	1	258	18	276	3e-113	 416
268_fungi	gi|259105363|gb|GQ508841.1|	95.79	261	6	5	1	258	15	273	3e-113	 416
268_fungi	gi|259105180|gb|GQ508658.1|	95.77	260	8	3	1	258	18	276	3e-113	 416
268_fungi	gi|259105048|gb|GQ508526.1|	95.79	261	6	5	1	258	14	272	3e-113	 416
268_fungi	gi|259104967|gb|GQ508445.1|	95.79	261	6	5	1	258	15	273	3e-113	 416
268_fungi	gi|259104961|gb|GQ508439.1|	95.79	261	6	5	1	258	15	273	3e-113	 416
268_fungi	gi|259104778|gb|GQ508256.1|	95.79	261	6	5	1	258	15	273	3e-113	 416
268_fungi	gi|259104267|gb|GQ517155.1|	95.79	261	5	6	1	258	14	271	3e-113	 416
268_fungi	gi|259104145|gb|GQ517033.1|	95.79	261	6	5	1	258	17	275	3e-113	 416
268_fungi	gi|259102381|gb|GQ515269.1|	95.79	261	6	5	1	258	15	273	3e-113	 416
268_fungi	gi|259102112|gb|GQ515000.1|	95.79	261	6	5	1	258	18	276	3e-113	 416
268_fungi	gi|259102047|gb|GQ514935.1|	95.79	261	6	5	1	258	15	273	3e-113	 416
268_fungi	gi|259100619|gb|GQ513507.1|	95.79	261	6	5	1	258	15	273	3e-113	 416
268_fungi	gi|259100231|gb|GQ513119.1|	95.79	261	6	5	1	258	15	273	3e-113	 416
268_fungi	gi|259100160|gb|GQ513048.1|	95.79	261	6	5	1	258	14	272	3e-113	 416
268_fungi	gi|259100086|gb|GQ512974.1|	95.79	261	6	5	1	258	14	272	3e-113	 416
268_fungi	gi|259099582|gb|GQ521880.1|	95.79	261	6	5	1	258	18	276	3e-113	 416
268_fungi	gi|259097759|gb|GQ520057.1|	95.80	262	4	7	1	258	15	273	3e-113	 416
268_fungi	gi|259097127|gb|GQ519425.1|	95.80	262	4	7	1	258	18	276	3e-113	 416
268_fungi	gi|259097117|gb|GQ519415.1|	95.79	261	6	5	1	258	15	273	3e-113	 416
268_fungi	gi|259096834|gb|GQ519132.1|	95.79	261	6	5	1	258	15	273	3e-113	 416
268_fungi	gi|259096606|gb|GQ518904.1|	95.79	261	6	5	1	258	14	272	3e-113	 416
268_fungi	gi|259096209|gb|GQ518507.1|	95.79	261	6	5	1	258	14	272	3e-113	 416
268_fungi	gi|259095625|gb|GQ517923.1|	95.77	260	7	4	1	258	15	272	3e-113	 416
268_fungi	gi|259095028|gb|GQ526734.1|	95.79	261	6	5	1	258	13	271	3e-113	 416
268_fungi	gi|259093870|gb|GQ525576.1|	95.79	261	6	5	1	258	14	272	3e-113	 416
268_fungi	gi|259093841|gb|GQ525547.1|	95.79	261	6	5	1	258	18	276	3e-113	 416
268_fungi	gi|259093486|gb|GQ525192.1|	95.79	261	6	5	1	258	23	281	3e-113	 416
268_fungi	gi|259092858|gb|GQ524564.1|	95.77	260	8	3	1	258	17	275	3e-113	 416
268_fungi	gi|259092845|gb|GQ524551.1|	95.79	261	6	5	1	258	15	273	3e-113	 416
268_fungi	gi|259092400|gb|GQ524106.1|	95.77	260	7	4	1	258	15	272	3e-113	 416
268_fungi	gi|259091880|gb|GQ523586.1|	95.79	261	6	5	1	258	15	273	3e-113	 416
268_fungi	gi|259091630|gb|GQ523336.1|	95.79	261	6	5	1	258	18	276	3e-113	 416
268_fungi	gi|259091128|gb|GQ522834.1|	95.79	261	6	5	1	258	15	273	3e-113	 416
268_fungi	gi|255468532|gb|GQ225154.1|	95.79	261	6	5	1	258	23	281	3e-113	 416
268_fungi	gi|241017504|gb|FJ904919.1|	95.79	261	6	5	1	258	23	281	3e-113	 416
268_fungi	gi|240129385|gb|GQ169445.1|	97.93	242	2	2	19	258	1	241	3e-113	 416
268_fungi	gi|239509264|gb|GQ120986.1|	95.79	261	6	5	1	258	8	266	3e-113	 416
268_fungi	gi|237641507|gb|FJ903288.1|	95.79	261	6	5	1	258	13	271	3e-113	 416
268_fungi	gi|237626560|gb|FJ872066.1|	95.79	261	6	5	1	258	26	284	3e-113	 416
268_fungi	gi|226968443|gb|FJ860118.1|	95.79	261	6	5	1	258	9	267	3e-113	 416
268_fungi	gi|226968442|gb|FJ860117.1|	95.79	261	6	5	1	258	9	267	3e-113	 416
268_fungi	gi|226968441|gb|FJ860116.1|	95.79	261	6	5	1	258	9	267	3e-113	 416
268_fungi	gi|226968440|gb|FJ860115.1|	95.79	261	6	5	1	258	9	267	3e-113	 416
268_fungi	gi|226968438|gb|FJ860113.1|	95.79	261	6	5	1	258	9	267	3e-113	 416
268_fungi	gi|226968437|gb|FJ860112.1|	95.79	261	6	5	1	258	9	267	3e-113	 416
268_fungi	gi|226968436|gb|FJ860111.1|	95.79	261	6	5	1	258	9	267	3e-113	 416
268_fungi	gi|226968432|gb|FJ860107.1|	95.79	261	6	5	1	258	9	267	3e-113	 416
268_fungi	gi|226968430|gb|FJ860105.1|	95.79	261	6	5	1	258	9	267	3e-113	 416
268_fungi	gi|226968428|gb|FJ860103.1|	95.79	261	6	5	1	258	9	267	3e-113	 416
268_fungi	gi|226968427|gb|FJ860102.1|	95.79	261	6	5	1	258	9	267	3e-113	 416
268_fungi	gi|226968426|gb|FJ860101.1|	95.79	261	6	5	1	258	9	267	3e-113	 416
268_fungi	gi|226968425|gb|FJ860100.1|	95.79	261	6	5	1	258	9	267	3e-113	 416
268_fungi	gi|226968422|gb|FJ860097.1|	95.79	261	6	5	1	258	9	267	3e-113	 416
268_fungi	gi|226968419|gb|FJ860094.1|	95.79	261	6	5	1	258	9	267	3e-113	 416
268_fungi	gi|226968418|gb|FJ860093.1|	95.79	261	6	5	1	258	9	267	3e-113	 416
268_fungi	gi|226968416|gb|FJ860091.1|	95.79	261	6	5	1	258	9	267	3e-113	 416
268_fungi	gi|226968414|gb|FJ860089.1|	95.79	261	6	5	1	258	9	267	3e-113	 416
268_fungi	gi|226968412|gb|FJ860087.1|	95.79	261	6	5	1	258	9	267	3e-113	 416
268_fungi	gi|226968411|gb|FJ860086.1|	95.79	261	6	5	1	258	9	267	3e-113	 416
268_fungi	gi|226968409|gb|FJ860084.1|	95.79	261	6	5	1	258	9	267	3e-113	 416
268_fungi	gi|226968407|gb|FJ860082.1|	95.79	261	6	5	1	258	9	267	3e-113	 416
268_fungi	gi|226968404|gb|FJ860079.1|	95.79	261	6	5	1	258	9	267	3e-113	 416
268_fungi	gi|226968402|gb|FJ860077.1|	95.79	261	6	5	1	258	9	267	3e-113	 416
268_fungi	gi|226968401|gb|FJ860076.1|	95.79	261	6	5	1	258	9	267	3e-113	 416
268_fungi	gi|226968399|gb|FJ860074.1|	95.79	261	6	5	1	258	9	267	3e-113	 416
268_fungi	gi|226968393|gb|FJ860068.1|	95.79	261	6	5	1	258	8	266	3e-113	 416
268_fungi	gi|226968384|gb|FJ860059.1|	95.79	261	6	5	1	258	9	267	3e-113	 416
268_fungi	gi|226815571|emb|FM875864.1|	95.79	261	6	5	1	258	25	283	3e-113	 416
268_fungi	gi|225638402|gb|FJ808035.1|	95.79	261	6	5	1	258	23	281	3e-113	 416
268_fungi	gi|224975591|gb|FJ763137.1|	95.79	261	5	6	1	258	15	272	3e-113	 416
268_fungi	gi|224975566|gb|FJ763112.1|	95.79	261	6	5	1	258	17	275	3e-113	 416
268_fungi	gi|224975087|gb|FJ762633.1|	95.79	261	5	6	1	258	15	272	3e-113	 416
268_fungi	gi|224974665|gb|FJ762211.1|	95.79	261	6	5	1	258	16	274	3e-113	 416
268_fungi	gi|224974462|gb|FJ762008.1|	95.79	261	6	5	1	258	19	277	3e-113	 416
268_fungi	gi|224974184|gb|FJ761730.1|	95.79	261	6	5	1	258	16	274	3e-113	 416
268_fungi	gi|224973393|gb|FJ760939.1|	95.79	261	6	5	1	258	15	273	3e-113	 416
268_fungi	gi|224973227|gb|FJ760773.1|	95.79	261	6	5	1	258	14	272	3e-113	 416
268_fungi	gi|224972970|gb|FJ760516.1|	95.79	261	6	5	1	258	17	275	3e-113	 416
268_fungi	gi|224972802|gb|FJ760348.1|	95.79	261	6	5	1	258	11	269	3e-113	 416
268_fungi	gi|224972508|gb|FJ760054.1|	95.79	261	6	5	1	258	15	273	3e-113	 416
268_fungi	gi|224972441|gb|FJ759987.1|	95.79	261	5	6	1	258	15	272	3e-113	 416
268_fungi	gi|224970638|gb|FJ758184.1|	95.79	261	6	5	1	258	17	275	3e-113	 416
268_fungi	gi|224970498|gb|FJ758044.1|	95.79	261	6	5	1	258	15	273	3e-113	 416
268_fungi	gi|224970472|gb|FJ758018.1|	95.79	261	6	5	1	258	14	272	3e-113	 416
268_fungi	gi|224970421|gb|FJ757967.1|	95.79	261	6	5	1	258	16	274	3e-113	 416
268_fungi	gi|224970186|gb|FJ757732.1|	95.79	261	6	5	1	258	17	275	3e-113	 416
268_fungi	gi|224970047|gb|FJ757593.1|	95.79	261	6	5	1	258	15	273	3e-113	 416
268_fungi	gi|224969889|gb|FJ757435.1|	95.79	261	6	5	1	258	15	273	3e-113	 416
268_fungi	gi|224969841|gb|FJ757387.1|	95.79	261	6	5	1	258	15	273	3e-113	 416
268_fungi	gi|224969804|gb|FJ757350.1|	95.79	261	6	5	1	258	15	273	3e-113	 416
268_fungi	gi|224969759|gb|FJ757305.1|	95.79	261	6	5	1	258	14	272	3e-113	 416
268_fungi	gi|224969738|gb|FJ757284.1|	95.79	261	6	5	1	258	15	273	3e-113	 416
268_fungi	gi|224969721|gb|FJ757267.1|	95.79	261	6	5	1	258	15	273	3e-113	 416
268_fungi	gi|224969600|gb|FJ757146.1|	95.77	260	8	3	1	258	18	276	3e-113	 416
268_fungi	gi|224969545|gb|FJ757091.1|	95.79	261	6	5	1	258	15	273	3e-113	 416
268_fungi	gi|224969464|gb|FJ757010.1|	95.79	261	6	5	1	258	15	273	3e-113	 416
268_fungi	gi|224038245|gb|FJ643574.1|	95.79	261	6	5	1	258	202	460	3e-113	 416
268_fungi	gi|186695711|gb|EU479980.1|	95.79	261	6	5	1	258	20	278	3e-113	 416
268_fungi	gi|186695599|gb|EU479868.1|	95.79	261	6	5	1	258	20	278	3e-113	 416
268_fungi	gi|186695580|gb|EU479849.1|	95.79	261	6	5	1	258	20	278	3e-113	 416
268_fungi	gi|170516713|gb|EU490167.1|	95.79	261	6	5	1	258	128	386	3e-113	 416
268_fungi	gi|170516704|gb|EU490141.1|	95.79	261	6	5	1	258	128	386	3e-113	 416
268_fungi	gi|170516630|gb|EU490009.1|	95.79	261	6	5	1	258	128	386	3e-113	 416
268_fungi	gi|170516626|gb|EU490005.1|	95.79	261	6	5	1	258	128	386	3e-113	 416
268_fungi	gi|170516594|gb|EU489956.1|	95.79	261	6	5	1	258	71	329	3e-113	 416
268_fungi	gi|170516572|gb|EU489925.1|	95.79	261	6	5	1	258	128	386	3e-113	 416
268_fungi	gi|170516560|gb|EU489911.1|	95.79	261	6	5	1	258	128	386	3e-113	 416
268_fungi	gi|98975364|gb|DQ491089.1|	95.79	261	6	5	1	258	24	282	3e-113	 416
268_fungi	gi|98975363|gb|DQ491088.1|	95.79	261	6	5	1	258	13	271	3e-113	 416
268_fungi	gi|212725731|gb|FJ213531.1|	95.79	261	6	5	1	258	23	281	3e-113	 416
268_fungi	gi|212276781|gb|FJ025362.1|	95.79	261	6	5	1	258	105	363	3e-113	 416
268_fungi	gi|209922422|gb|FJ196613.1|	95.79	261	6	5	1	258	10	268	3e-113	 416
268_fungi	gi|209922419|gb|FJ196610.1|	95.79	261	6	5	1	258	11	269	3e-113	 416
268_fungi	gi|206149118|gb|FJ176475.1|	95.79	261	6	5	1	258	9	267	3e-113	 416
268_fungi	gi|190887178|gb|EU759976.1|	95.79	261	6	5	1	258	3	261	3e-113	 416
268_fungi	gi|148806554|gb|EF452443.1|	95.79	261	6	5	1	258	1	259	3e-113	 416
268_fungi	gi|156712503|emb|AM503890.2|	95.79	261	6	5	1	258	9	267	3e-113	 416
268_fungi	gi|164580312|gb|EU338388.1|	95.79	261	6	5	1	258	23	281	3e-113	 416
268_fungi	gi|154002258|gb|EF505227.1|	95.79	261	6	5	1	258	556	298	3e-113	 416
268_fungi	gi|154002144|gb|EF505113.1|	95.79	261	6	5	1	258	557	299	3e-113	 416
268_fungi	gi|154002075|gb|EF505044.1|	95.79	261	6	5	1	258	1	259	3e-113	 416
268_fungi	gi|154002022|gb|EF504991.1|	95.79	261	6	5	1	258	1	259	3e-113	 416
268_fungi	gi|154002017|gb|EF504986.1|	95.79	261	6	5	1	258	1	259	3e-113	 416
268_fungi	gi|154001992|gb|EF504961.1|	95.79	261	6	5	1	258	1	259	3e-113	 416
268_fungi	gi|154001986|gb|EF504955.1|	95.79	261	6	5	1	258	522	264	3e-113	 416
268_fungi	gi|154001963|gb|EF504932.1|	95.79	261	6	5	1	258	546	288	3e-113	 416
268_fungi	gi|154001949|gb|EF504918.1|	95.79	261	6	5	1	258	1	259	3e-113	 416
268_fungi	gi|154001944|gb|EF504913.1|	95.79	261	6	5	1	258	556	298	3e-113	 416
268_fungi	gi|154001900|gb|EF504869.1|	95.79	261	6	5	1	258	574	316	3e-113	 416
268_fungi	gi|154001882|gb|EF504851.1|	95.79	261	6	5	1	258	556	298	3e-113	 416
268_fungi	gi|154001867|gb|EF504836.1|	95.79	261	6	5	1	258	1	259	3e-113	 416
268_fungi	gi|154001855|gb|EF504824.1|	95.79	261	6	5	1	258	1	259	3e-113	 416
268_fungi	gi|154001829|gb|EF504798.1|	95.79	261	6	5	1	258	1	259	3e-113	 416
268_fungi	gi|154001762|gb|EF504731.1|	95.79	261	6	5	1	258	1	259	3e-113	 416
268_fungi	gi|154001739|gb|EF504708.1|	95.79	261	6	5	1	258	1	259	3e-113	 416
268_fungi	gi|154001696|gb|EF504665.1|	95.79	261	6	5	1	258	1	259	3e-113	 416
268_fungi	gi|154001693|gb|EF504662.1|	95.79	261	6	5	1	258	1	259	3e-113	 416
268_fungi	gi|154001676|gb|EF504645.1|	95.79	261	6	5	1	258	1	259	3e-113	 416
268_fungi	gi|162285908|gb|EU326185.1|	95.79	261	6	5	1	258	10	268	3e-113	 416
268_fungi	gi|162285904|gb|EU326181.1|	95.79	261	6	5	1	258	10	268	3e-113	 416
268_fungi	gi|134141415|gb|EF159415.1|	97.17	247	5	2	13	258	1	246	3e-113	 416
268_fungi	gi|134141290|gb|EF159290.1|	95.79	261	6	5	1	258	20	278	3e-113	 416
268_fungi	gi|134141271|gb|EF159271.1|	95.79	261	6	5	1	258	20	278	3e-113	 416
268_fungi	gi|134141174|gb|EF159174.1|	95.79	261	6	5	1	258	20	278	3e-113	 416
268_fungi	gi|156865888|gb|EU098120.1|	95.79	261	6	5	1	258	10	268	3e-113	 416
268_fungi	gi|148357894|gb|EF589900.1|	97.55	245	3	1	17	258	1	245	3e-113	 416
268_fungi	gi|129562687|gb|EF432277.1|	95.79	261	6	5	1	258	12	270	3e-113	 416
268_fungi	gi|129562684|gb|EF432274.1|	95.79	261	6	5	1	258	11	269	3e-113	 416
268_fungi	gi|129562679|gb|EF432269.1|	95.79	261	6	5	1	258	10	268	3e-113	 416
268_fungi	gi|129562670|gb|EF432260.1|	95.79	261	6	5	1	258	14	272	3e-113	 416
268_fungi	gi|129562666|gb|EF432256.1|	95.79	261	6	5	1	258	4	262	3e-113	 416
268_fungi	gi|129562543|gb|EF419940.1|	95.79	261	6	5	1	258	14	272	3e-113	 416
268_fungi	gi|118640780|gb|EF104190.1|	95.79	261	6	5	1	258	2	260	3e-113	 416
268_fungi	gi|117652944|gb|EF060539.1|	95.79	261	6	5	1	258	314	572	3e-113	 416
268_fungi	gi|81361868|gb|DQ242506.1|	95.79	261	6	5	1	258	11	269	3e-113	 416
268_fungi	gi|81361818|gb|DQ242504.1|	95.79	261	6	5	1	258	11	269	3e-113	 416
268_fungi	gi|109627743|gb|DQ499661.1|	95.79	261	6	5	1	258	27	285	3e-113	 416
268_fungi	gi|90102583|gb|DQ420899.1|	95.79	261	6	5	1	258	23	281	3e-113	 416
268_fungi	gi|90102582|gb|DQ420898.1|	95.79	261	6	5	1	258	23	281	3e-113	 416
268_fungi	gi|90102581|gb|DQ420897.1|	95.79	261	6	5	1	258	23	281	3e-113	 416
268_fungi	gi|90102580|gb|DQ420896.1|	95.79	261	6	5	1	258	23	281	3e-113	 416
268_fungi	gi|90102579|gb|DQ420895.1|	95.79	261	6	5	1	258	23	281	3e-113	 416
268_fungi	gi|90102578|gb|DQ420894.1|	95.79	261	6	5	1	258	23	281	3e-113	 416
268_fungi	gi|90102577|gb|DQ420893.1|	95.79	261	6	5	1	258	23	281	3e-113	 416
268_fungi	gi|90102574|gb|DQ420890.1|	95.79	261	6	5	1	258	23	281	3e-113	 416
268_fungi	gi|90102569|gb|DQ420885.1|	95.79	261	6	5	1	258	23	281	3e-113	 416
268_fungi	gi|90102568|gb|DQ420884.1|	95.79	261	6	5	1	258	23	281	3e-113	 416
268_fungi	gi|90102566|gb|DQ420882.1|	95.79	261	6	5	1	258	23	281	3e-113	 416
268_fungi	gi|90102565|gb|DQ420881.1|	95.79	261	6	5	1	258	23	281	3e-113	 416
268_fungi	gi|74058358|gb|DQ166551.1|	95.79	261	6	5	1	258	4	262	3e-113	 416
268_fungi	gi|38018006|gb|AY433814.1|	95.79	261	6	5	1	258	12	270	3e-113	 416
268_fungi	gi|32394890|gb|AY154712.1|	95.79	261	6	5	1	258	333	591	3e-113	 416
268_fungi	gi|32394889|gb|AY154711.1|	95.79	261	6	5	1	258	333	591	3e-113	 416
268_fungi	gi|32394888|gb|AY154710.1|	95.79	261	6	5	1	258	333	591	3e-113	 416
268_fungi	gi|32394887|gb|AY154709.1|	95.79	261	6	5	1	258	333	591	3e-113	 416
268_fungi	gi|32394886|gb|AY154708.1|	95.79	261	6	5	1	258	333	591	3e-113	 416
268_fungi	gi|32394884|gb|AY154706.1|	95.79	261	6	5	1	258	333	591	3e-113	 416
268_fungi	gi|32394877|gb|AY154699.1|	95.79	261	6	5	1	258	333	591	3e-113	 416
268_fungi	gi|32394876|gb|AY154698.1|	95.79	261	6	5	1	258	333	591	3e-113	 416
268_fungi	gi|32394872|gb|AY154694.1|	95.79	261	6	5	1	258	333	591	3e-113	 416
268_fungi	gi|32394871|gb|AY154693.1|	95.79	261	6	5	1	258	333	591	3e-113	 416
268_fungi	gi|32394865|gb|AY154687.1|	95.79	261	6	5	1	258	333	591	3e-113	 416
268_fungi	gi|32394864|gb|AY154686.1|	95.79	261	6	5	1	258	333	591	3e-113	 416
268_fungi	gi|32394862|gb|AY154684.1|	95.79	261	6	5	1	258	333	591	3e-113	 416
268_fungi	gi|32394861|gb|AY154683.1|	95.79	261	6	5	1	258	333	591	3e-113	 416
268_fungi	gi|32394860|gb|AY154682.1|	95.79	261	6	5	1	258	333	591	3e-113	 416
268_fungi	gi|21666975|gb|AF455540.1|	95.79	261	6	5	1	258	9	267	3e-113	 416
268_fungi	gi|21666974|gb|AF455539.1|	95.79	261	6	5	1	258	9	267	3e-113	 416
268_fungi	gi|21666972|gb|AF455537.1|	95.79	261	6	5	1	258	9	267	3e-113	 416
268_fungi	gi|21666951|gb|AF455516.1|	95.79	261	6	5	1	258	9	267	3e-113	 416
268_fungi	gi|21666879|gb|AF455448.1|	95.79	261	6	5	1	258	9	267	3e-113	 416
268_fungi	gi|21666874|gb|AF455444.1|	95.79	261	6	5	1	258	9	267	3e-113	 416
268_fungi	gi|21666871|gb|AF455441.1|	95.79	261	6	5	1	258	9	267	3e-113	 416
268_fungi	gi|21666834|gb|AF455406.1|	95.79	261	6	5	1	258	9	267	3e-113	 416
268_fungi	gi|88696968|gb|DQ369931.1|	95.79	261	6	5	1	258	9	267	3e-113	 416
268_fungi	gi|88696965|gb|DQ369928.1|	95.79	261	6	5	1	258	9	267	3e-113	 416
268_fungi	gi|88696963|gb|DQ369926.1|	95.79	261	6	5	1	258	9	267	3e-113	 416
268_fungi	gi|88696958|gb|DQ369921.1|	95.79	261	6	5	1	258	9	267	3e-113	 416
268_fungi	gi|66390962|gb|DQ023279.1|	95.79	261	6	5	1	258	23	281	3e-113	 416
268_fungi	gi|37998958|dbj|AB094666.1|	95.79	261	6	5	1	258	9	267	3e-113	 416
268_fungi	gi|62718905|emb|AJ890440.1|	95.79	261	6	5	1	258	1	259	3e-113	 416
268_fungi	gi|317184206|gb|HQ649963.1|	95.77	260	6	5	2	258	1	258	1e-112	 414
268_fungi	gi|154002298|gb|EF505267.1|	96.11	257	5	5	5	258	1	255	1e-112	 414
268_fungi	gi|154002183|gb|EF505152.1|	95.77	260	6	5	2	258	1	258	1e-112	 414
268_fungi	gi|154002148|gb|EF505117.1|	95.77	260	6	5	2	258	1	258	1e-112	 414
268_fungi	gi|154002118|gb|EF505087.1|	95.77	260	6	5	2	258	1	258	1e-112	 414
268_fungi	gi|154002014|gb|EF504983.1|	95.77	260	6	5	2	258	1	258	1e-112	 414
268_fungi	gi|154001966|gb|EF504935.1|	95.77	260	6	5	2	258	1	258	1e-112	 414
268_fungi	gi|154001863|gb|EF504832.1|	95.77	260	6	5	2	258	1	258	1e-112	 414
268_fungi	gi|154001783|gb|EF504752.1|	95.77	260	6	5	2	258	1	258	1e-112	 414
268_fungi	gi|154001694|gb|EF504663.1|	95.77	260	6	5	2	258	1	258	1e-112	 414
268_fungi	gi|154001692|gb|EF504661.1|	95.77	260	6	5	2	258	1	258	1e-112	 414
268_fungi	gi|129562663|gb|EF432253.1|	95.77	260	6	5	2	258	1	258	1e-112	 414
268_fungi	gi|311780297|gb|HQ402558.1|	95.75	259	6	5	3	258	13	269	4e-112	 412
268_fungi	gi|292453256|gb|GU721392.1|	95.75	259	6	5	3	258	25	281	4e-112	 412
268_fungi	gi|292453220|gb|GU721356.1|	95.75	259	6	5	3	258	25	281	4e-112	 412
268_fungi	gi|226442083|gb|FJ210489.1|	95.42	262	6	6	1	258	21	280	4e-112	 412
268_fungi	gi|226442073|gb|FJ210479.1|	95.40	261	7	5	1	258	18	276	4e-112	 412
268_fungi	gi|226442071|gb|FJ210477.1|	95.40	261	7	5	1	258	18	276	4e-112	 412
268_fungi	gi|226442069|gb|FJ210475.1|	95.40	261	7	5	1	258	18	276	4e-112	 412
268_fungi	gi|259109319|gb|GQ512797.1|	95.42	262	6	6	1	258	15	274	4e-112	 412
268_fungi	gi|259109251|gb|GQ512729.1|	95.42	262	6	6	1	258	18	277	4e-112	 412
268_fungi	gi|259109108|gb|GQ512586.1|	95.40	261	8	4	1	258	15	274	4e-112	 412
268_fungi	gi|259109095|gb|GQ512573.1|	95.44	263	5	7	1	258	15	275	4e-112	 412
268_fungi	gi|259109063|gb|GQ512541.1|	95.42	262	6	6	1	258	15	274	4e-112	 412
268_fungi	gi|259109035|gb|GQ512513.1|	95.42	262	6	6	1	258	18	277	4e-112	 412
268_fungi	gi|259108865|gb|GQ512343.1|	95.42	262	6	6	1	258	15	274	4e-112	 412
268_fungi	gi|259108810|gb|GQ512288.1|	95.44	263	5	7	1	258	15	275	4e-112	 412
268_fungi	gi|259108809|gb|GQ512287.1|	95.42	262	6	6	1	258	15	274	4e-112	 412
268_fungi	gi|259108804|gb|GQ512282.1|	95.42	262	6	5	1	258	15	274	4e-112	 412
268_fungi	gi|259108552|gb|GQ512030.1|	95.42	262	6	6	1	258	15	274	4e-112	 412
268_fungi	gi|259108508|gb|GQ511986.1|	95.42	262	6	6	1	258	17	276	4e-112	 412
268_fungi	gi|259108406|gb|GQ511884.1|	95.42	262	6	6	1	258	15	274	4e-112	 412
268_fungi	gi|259108142|gb|GQ511620.1|	95.42	262	6	6	1	258	15	274	4e-112	 412
268_fungi	gi|259108034|gb|GQ511512.1|	95.44	263	5	7	1	258	15	275	4e-112	 412
268_fungi	gi|259108023|gb|GQ511501.1|	95.42	262	6	6	1	258	18	277	4e-112	 412
268_fungi	gi|259107981|gb|GQ511459.1|	95.42	262	6	6	1	258	15	274	4e-112	 412
268_fungi	gi|259107967|gb|GQ511445.1|	95.42	262	6	6	1	258	15	274	4e-112	 412
268_fungi	gi|259107479|gb|GQ510957.1|	95.42	262	6	6	1	258	18	277	4e-112	 412
268_fungi	gi|259107152|gb|GQ510630.1|	95.40	261	8	4	1	258	18	277	4e-112	 412
268_fungi	gi|259107031|gb|GQ510509.1|	95.42	262	6	6	1	258	15	274	4e-112	 412
268_fungi	gi|259106615|gb|GQ510093.1|	95.42	262	6	6	1	258	15	274	4e-112	 412
268_fungi	gi|259106411|gb|GQ509889.1|	95.42	262	6	6	1	258	15	274	4e-112	 412
268_fungi	gi|259106315|gb|GQ509793.1|	95.42	262	6	6	1	258	15	274	4e-112	 412
268_fungi	gi|259106243|gb|GQ509721.1|	95.42	262	6	6	1	258	15	274	4e-112	 412
268_fungi	gi|259105915|gb|GQ509393.1|	95.42	262	6	5	1	258	18	277	4e-112	 412
268_fungi	gi|259105865|gb|GQ509343.1|	95.44	263	5	7	1	258	15	275	4e-112	 412
268_fungi	gi|259105822|gb|GQ509300.1|	95.42	262	6	6	1	258	17	276	4e-112	 412
268_fungi	gi|259105780|gb|GQ509258.1|	95.42	262	6	6	1	258	18	277	4e-112	 412
268_fungi	gi|259105251|gb|GQ508729.1|	95.42	262	6	6	1	258	15	274	4e-112	 412
268_fungi	gi|259105058|gb|GQ508536.1|	95.75	259	6	5	3	258	18	274	4e-112	 412
268_fungi	gi|259104785|gb|GQ508263.1|	95.42	262	6	6	1	258	18	277	4e-112	 412
268_fungi	gi|259104748|gb|GQ517636.1|	95.42	262	6	6	1	258	15	274	4e-112	 412
268_fungi	gi|259104619|gb|GQ517507.1|	95.42	262	6	6	1	258	18	277	4e-112	 412
268_fungi	gi|259104311|gb|GQ517199.1|	95.42	262	6	5	1	258	15	274	4e-112	 412
268_fungi	gi|259104249|gb|GQ517137.1|	95.42	262	6	6	1	258	15	274	4e-112	 412
268_fungi	gi|259104183|gb|GQ517071.1|	95.42	262	6	6	1	258	15	274	4e-112	 412
268_fungi	gi|259104160|gb|GQ517048.1|	95.42	262	6	6	1	258	18	277	4e-112	 412
268_fungi	gi|259103687|gb|GQ516575.1|	95.44	263	5	7	1	258	18	278	4e-112	 412
268_fungi	gi|259103393|gb|GQ516281.1|	95.42	262	6	6	1	258	15	274	4e-112	 412
268_fungi	gi|259103083|gb|GQ515971.1|	95.42	262	6	6	1	258	15	274	4e-112	 412
268_fungi	gi|259101970|gb|GQ514858.1|	95.42	262	6	5	1	258	14	273	4e-112	 412
268_fungi	gi|259101932|gb|GQ514820.1|	95.42	262	6	6	1	258	15	274	4e-112	 412
268_fungi	gi|259101909|gb|GQ514797.1|	95.42	262	6	6	1	258	23	282	4e-112	 412
268_fungi	gi|259101904|gb|GQ514792.1|	95.42	262	6	6	1	258	18	277	4e-112	 412
268_fungi	gi|259101697|gb|GQ514585.1|	95.42	262	6	6	1	258	15	274	4e-112	 412
268_fungi	gi|259101505|gb|GQ514393.1|	95.42	262	6	6	1	258	18	277	4e-112	 412
268_fungi	gi|259100948|gb|GQ513836.1|	95.42	262	6	6	1	258	15	274	4e-112	 412
268_fungi	gi|259100413|gb|GQ513301.1|	95.42	262	6	5	1	258	18	277	4e-112	 412
268_fungi	gi|259099925|gb|GQ522223.1|	95.42	262	6	6	1	258	15	274	4e-112	 412
268_fungi	gi|259099750|gb|GQ522048.1|	95.42	262	6	6	1	258	18	277	4e-112	 412
268_fungi	gi|259099569|gb|GQ521867.1|	95.42	262	6	6	1	258	15	274	4e-112	 412
268_fungi	gi|259099423|gb|GQ521721.1|	95.44	263	5	7	1	258	15	275	4e-112	 412
268_fungi	gi|259099259|gb|GQ521557.1|	95.42	262	6	6	1	258	15	274	4e-112	 412
268_fungi	gi|259098627|gb|GQ520925.1|	95.42	262	6	6	1	258	15	274	4e-112	 412
268_fungi	gi|259098588|gb|GQ520886.1|	95.42	262	6	6	1	258	18	277	4e-112	 412
268_fungi	gi|259098581|gb|GQ520879.1|	95.42	262	6	6	1	258	15	274	4e-112	 412
268_fungi	gi|259098133|gb|GQ520431.1|	95.42	262	7	5	1	258	15	275	4e-112	 412
268_fungi	gi|259098123|gb|GQ520421.1|	95.42	262	6	6	1	258	15	274	4e-112	 412
268_fungi	gi|259097804|gb|GQ520102.1|	95.42	262	6	6	1	258	15	274	4e-112	 412
268_fungi	gi|259097687|gb|GQ519985.1|	95.42	262	6	6	1	258	15	274	4e-112	 412
268_fungi	gi|259097348|gb|GQ519646.1|	95.42	262	6	6	1	258	15	274	4e-112	 412
268_fungi	gi|259097029|gb|GQ519327.1|	95.42	262	6	6	1	258	18	277	4e-112	 412
