# BLASTN 2.2.25+
# Query: 92 PSP.FSM.1006_13677
# Database: /home/rohinis/blastdb/blast_nt/nt
# Fields: query id, subject id, % identity, alignment length, mismatches, gap opens, q. start, q. end, s. start, s. end, evalue, bit score
# 100 hits found
92	gi|166797297|gb|EU400140.1|	100.00	275	0	0	8	282	1	275	2e-137	 497
92	gi|2114365|gb|U66007.1|PDU66007	98.94	283	1	2	1	282	1	282	3e-135	 489
92	gi|291359255|gb|GU731563.1|	97.21	251	7	0	32	282	1	251	1e-114	 421
92	gi|291359256|gb|GU731564.1|	99.56	225	1	0	58	282	1	225	1e-108	 401
92	gi|317445745|emb|FR686564.1|	99.55	221	1	0	62	282	1	221	2e-106	 394
92	gi|224714094|gb|FJ711053.1|	96.79	218	7	0	65	282	1	218	1e-96	 361
92	gi|224714093|gb|FJ711052.1|	96.74	215	7	0	68	282	1	215	5e-95	 356
92	gi|4235187|gb|U85796.1|ASU85796	83.39	289	37	7	1	282	22	306	2e-73	 284
92	gi|327180271|gb|JF340289.1|	83.22	292	31	11	1	282	12	295	4e-70	 273
92	gi|323398698|gb|GU991578.1|	82.76	290	37	8	1	282	9	293	4e-70	 273
92	gi|327533098|gb|JF713080.1|	83.45	290	33	11	1	282	11	293	1e-69	 271
92	gi|327533099|gb|JF713081.1|	83.80	284	31	11	7	282	1	277	5e-69	 269
92	gi|169409347|gb|EU340898.1|	82.53	292	39	9	1	282	13	302	2e-68	 268
92	gi|33327004|gb|AF527514.1|	81.23	293	38	10	1	282	23	309	1e-64	 255
92	gi|3688531|emb|AJ006670.1|	82.94	293	29	15	1	282	10	292	1e-64	 255
92	gi|3688275|emb|AJ006682.1|	81.85	292	35	11	1	282	12	295	1e-64	 255
92	gi|374081111|gb|JN710603.1|	80.89	293	41	10	1	282	13	301	2e-61	 244
92	gi|354720367|gb|JF289110.1|	81.38	290	43	10	1	282	6	292	2e-61	 244
92	gi|299767956|gb|GQ999548.1|	81.54	298	35	14	1	282	6	299	2e-61	 244
92	gi|292453088|gb|GU721224.1|	80.20	298	40	10	1	282	14	308	2e-61	 244
92	gi|292453042|gb|GU721178.1|	80.20	298	40	10	1	282	14	308	2e-61	 244
92	gi|262225527|emb|FM872460.1|	80.48	292	45	8	1	282	23	312	2e-61	 244
92	gi|228015439|gb|FJ403211.1|	80.60	299	35	12	1	282	29	321	2e-61	 244
92	gi|16116668|emb|AJ416068.1|	82.12	274	36	9	17	282	1	269	2e-61	 244
92	gi|3688533|emb|AJ006678.1|	80.46	307	30	15	1	282	9	310	7e-61	 242
92	gi|237641526|gb|FJ903307.1|	80.55	293	42	10	1	282	2	290	3e-60	 241
92	gi|228015447|gb|FJ403219.1|	80.20	298	40	11	1	282	13	307	9e-60	 239
92	gi|228015446|gb|FJ403218.1|	80.20	298	40	11	1	282	13	307	9e-60	 239
92	gi|228015444|gb|FJ403216.1|	80.20	298	40	11	1	282	13	307	9e-60	 239
92	gi|117573952|gb|DQ979686.1|	81.49	281	34	11	12	282	1	273	9e-60	 239
92	gi|300078235|gb|GU054158.1|	81.88	287	35	14	1	282	6	280	1e-58	 235
92	gi|306441174|gb|HM195127.1|	80.87	298	33	15	1	282	22	311	1e-58	 235
92	gi|226331191|gb|FJ791151.1|	79.53	298	34	13	8	282	7	300	5e-57	 230
92	gi|63147721|gb|AY966450.1|	81.54	260	35	8	31	282	1	255	2e-56	 228
92	gi|354720409|gb|JF289152.1|	79.87	298	36	14	1	282	6	295	6e-56	 226
92	gi|46560551|gb|L43380.1|PBIRGEBNC	80.54	298	33	16	1	282	6	294	6e-56	 226
92	gi|46560550|gb|L43379.1|PBIRGEBNB	80.54	298	33	16	1	282	6	294	6e-56	 226
92	gi|342674549|gb|JN182921.1|	81.00	279	33	13	16	282	5	275	2e-55	 224
92	gi|300959472|gb|HM136669.1|	79.22	308	31	16	1	282	11	311	2e-55	 224
92	gi|363500893|gb|JN905176.1|	79.80	297	38	14	1	282	23	312	7e-55	 223
92	gi|83940766|gb|DQ320135.1|	80.28	289	33	15	10	282	1	281	8e-54	 219
92	gi|339649252|gb|HQ659223.1|	80.00	270	36	11	23	282	1	262	3e-53	 217
92	gi|300078040|gb|GU053963.1|	79.19	298	37	14	1	282	6	294	3e-53	 217
92	gi|3688573|emb|AJ006676.1|	79.04	291	48	10	1	282	13	299	3e-53	 217
92	gi|300252468|gb|GQ851783.1|	78.41	301	42	13	1	282	6	302	1e-51	 212
92	gi|63147720|gb|AY966449.1|	80.66	274	31	14	28	282	2	272	1e-51	 212
92	gi|354720416|gb|JF289159.1|	77.70	287	46	8	1	282	6	279	4e-51	 210
92	gi|315270789|gb|HQ604799.1|	78.43	306	37	16	1	282	12	312	1e-50	 208
92	gi|300077978|gb|GU053901.1|	78.69	291	39	13	9	282	1	285	1e-50	 208
92	gi|31323973|gb|AF511442.1|	78.43	306	37	16	1	282	293	593	1e-50	 208
92	gi|31323971|gb|AF511440.1|	78.43	306	37	16	1	282	295	595	1e-50	 208
92	gi|310753898|gb|HQ211788.1|	78.35	291	42	12	1	282	23	301	5e-50	 206
92	gi|284517593|gb|GU319996.1|	80.44	271	31	14	31	282	1	268	5e-50	 206
92	gi|113208373|dbj|AB210081.1|	78.86	298	36	16	4	282	1	290	5e-50	 206
92	gi|71066849|gb|DQ068962.1|	79.79	282	33	15	17	282	1	274	5e-50	 206
92	gi|365768656|gb|JN563707.1|	79.15	283	33	14	1	263	1	277	2e-49	 205
92	gi|226348991|gb|FJ820614.1|	78.33	300	39	15	1	282	6	297	2e-49	 205
92	gi|157057308|gb|EU118656.1|	78.04	296	46	12	2	282	19	310	2e-49	 205
92	gi|113208376|dbj|AB210084.1|	78.79	297	36	16	5	282	1	289	2e-49	 205
92	gi|31323970|gb|AF511439.1|	78.03	305	41	15	1	282	295	596	2e-49	 205
92	gi|31323969|gb|AF511438.1|	78.03	305	41	15	1	282	295	596	2e-49	 205
92	gi|31323968|gb|AF511437.1|	78.03	305	41	15	1	282	295	596	2e-49	 205
92	gi|26280286|gb|AY148452.1|	78.60	285	34	13	21	282	551	271	2e-49	 205
92	gi|363501115|gb|JN905398.1|	78.57	294	37	15	1	282	23	302	6e-49	 203
92	gi|317408935|gb|HM536100.1|	78.20	289	49	11	1	282	14	295	6e-49	 203
92	gi|166361522|gb|EU232195.1|	80.59	237	36	6	52	282	5	237	6e-49	 203
92	gi|262035004|gb|GU062270.1|	78.41	301	38	16	1	282	12	304	6e-49	 203
92	gi|113208371|dbj|AB210079.1|	78.60	299	37	16	3	282	1	291	6e-49	 203
92	gi|33325951|gb|AF518759.1|	77.23	303	46	12	1	282	295	595	6e-49	 203
92	gi|300432875|gb|HM030585.1|	77.66	291	45	11	1	282	23	302	2e-48	 201
92	gi|166361521|gb|EU232194.1|	80.67	238	34	7	52	282	5	237	2e-48	 201
92	gi|166361538|gb|EU232211.1|	80.33	244	31	9	52	282	5	244	8e-48	 199
92	gi|283854320|gb|GQ268659.1|	78.22	303	37	17	1	282	9	303	8e-48	 199
92	gi|157741673|gb|EU009978.1|	77.94	272	48	7	20	282	1	269	8e-48	 199
92	gi|21666890|gb|AF455458.1|	78.22	303	37	17	1	282	10	304	8e-48	 199
92	gi|363409478|gb|JN394908.1|	77.81	302	38	16	1	282	102	394	3e-47	 197
92	gi|166361523|gb|EU232196.1|	80.25	238	35	7	52	282	5	237	3e-47	 197
92	gi|187939445|gb|EU686158.1|	78.07	301	39	16	1	282	23	315	3e-47	 197
92	gi|113208375|dbj|AB210083.1|	78.38	296	37	16	6	282	1	288	3e-47	 197
92	gi|16417747|gb|AF423113.1|AF423113	80.25	243	31	9	53	282	1	239	3e-47	 197
92	gi|29465789|gb|AY089737.1|	79.84	258	34	11	35	282	1	250	3e-47	 197
92	gi|363502443|gb|JN906726.1|	78.22	303	36	18	1	282	23	316	9e-47	 196
92	gi|169656004|gb|EU486443.1|	77.67	300	38	16	7	282	1	295	9e-47	 196
92	gi|113208374|dbj|AB210082.1|	78.45	297	36	17	6	282	1	289	9e-47	 196
92	gi|298357239|emb|FN907909.1|	80.16	247	31	11	46	282	1	239	1e-45	 192
92	gi|64153339|gb|AY968078.1|	77.74	283	42	12	17	282	1	279	1e-45	 192
92	gi|33325950|gb|AF518758.1|	78.60	257	44	8	35	282	1	255	1e-45	 192
92	gi|157057271|gb|EU118619.1|	77.00	287	54	9	1	282	21	300	4e-45	 190
92	gi|13398468|gb|AF335447.1|	78.49	265	41	10	29	282	1	260	4e-45	 190
92	gi|363500018|gb|JN904301.1|	77.55	294	41	15	3	282	1	283	1e-44	 188
92	gi|61228959|gb|AY840578.1|	78.15	270	46	10	17	282	1	261	1e-44	 188
92	gi|295809794|emb|FN812727.1|	79.61	255	40	11	36	282	1	251	5e-44	 187
92	gi|262225538|emb|FM872471.1|	78.91	256	35	11	42	282	1	252	5e-44	 187
92	gi|219523230|gb|FJ475673.1|	74.34	304	24	13	1	282	23	294	5e-44	 187
92	gi|335331700|gb|HQ728296.1|	79.92	254	30	14	40	282	1	244	2e-43	 185
92	gi|335331699|gb|HQ728295.1|	79.92	254	30	14	40	282	1	244	2e-43	 185
92	gi|335331698|gb|HQ728294.1|	79.92	254	30	14	40	282	1	244	2e-43	 185
92	gi|94962903|gb|DQ491414.1|	79.12	249	40	9	44	282	1	247	2e-43	 185
92	gi|29465783|gb|AY089731.1|	79.69	261	36	14	35	282	1	257	2e-43	 185
92	gi|304653759|gb|HM583815.1|	78.15	270	41	12	27	282	1	266	6e-43	 183
