# BLASTN 2.2.23+
# Query:  81_plant
# Database: /home/rohinis/blastdb/blast_nt/nt
# Fields: query id, subject id, % identity, alignment length, mismatches, gap opens, q. start, q. end, s. start, s. end, evalue, bit score
# 572 hits found
81_plant	gi|255929998|gb|FJ603111.1|	97.42	233	4	2	96	327	76	307	6e-107	 396
81_plant	gi|219881462|gb|FJ527606.1|	82.20	354	28	24	1	327	182	527	1e-69	 272
81_plant	gi|219881465|gb|FJ527609.1|	81.82	352	33	23	1	327	180	525	5e-68	 267
81_plant	gi|219881464|gb|FJ527608.1|	81.25	352	35	22	1	327	182	527	1e-64	 255
81_plant	gi|219881463|gb|FJ527607.1|	81.01	358	31	23	1	327	182	533	5e-63	 250
81_plant	gi|33621644|gb|AY341385.1|	90.43	188	14	4	141	327	157	341	6e-62	 246
81_plant	gi|298106267|gb|HM116982.1|	80.28	355	33	25	1	327	63	408	1e-58	 235
81_plant	gi|32364883|gb|AF460187.1|	89.47	190	12	8	141	327	157	341	5e-58	 233
81_plant	gi|32364883|gb|AF460187.1|	87.13	101	7	6	47	145	1	97	8e-21	 110
81_plant	gi|1654273|gb|U56775.1|AFU56775	88.42	190	16	5	141	327	157	343	3e-55	 224
81_plant	gi|1654273|gb|U56775.1|AFU56775	87.13	101	5	8	48	145	2	97	3e-20	 108
81_plant	gi|223369874|gb|FJ621494.1|	79.50	361	31	29	1	327	183	534	5e-53	 217
81_plant	gi|62114932|gb|AY962409.1|	79.41	340	34	27	15	327	1	331	3e-50	 207
81_plant	gi|33621652|gb|AY341393.1|	86.08	194	21	6	137	327	151	341	1e-49	 206
81_plant	gi|33621650|gb|AY341391.1|	86.08	194	21	6	137	327	151	341	4e-49	 204
81_plant	gi|33621649|gb|AY341390.1|	86.08	194	21	6	137	327	151	341	4e-49	 204
81_plant	gi|33621648|gb|AY341389.1|	86.08	194	21	6	137	327	151	341	4e-49	 204
81_plant	gi|33621647|gb|AY341388.1|	86.08	194	21	6	137	327	151	341	4e-49	 204
81_plant	gi|33621645|gb|AY341386.1|	86.08	194	21	6	137	327	151	341	4e-49	 204
81_plant	gi|33621646|gb|AY341387.1|	85.57	194	22	6	137	327	151	341	5e-48	 200
81_plant	gi|33621651|gb|AY341392.1|	86.41	184	20	5	146	327	161	341	2e-47	 198
81_plant	gi|164458714|gb|EU188913.1|	86.74	181	17	7	150	327	124	300	2e-46	 195
81_plant	gi|164458707|gb|EU188906.1|	86.74	181	17	7	150	327	124	300	2e-46	 195
81_plant	gi|164458690|gb|EU188889.1|	86.74	181	17	7	150	327	124	300	2e-46	 195
81_plant	gi|164458662|gb|EU188861.1|	86.74	181	17	7	150	327	124	300	2e-46	 195
81_plant	gi|164458661|gb|EU188860.1|	86.74	181	17	7	150	327	124	300	2e-46	 195
81_plant	gi|164458660|gb|EU188859.1|	86.74	181	17	7	150	327	124	300	2e-46	 195
81_plant	gi|164458708|gb|EU188907.1|	85.95	185	19	7	146	327	120	300	3e-45	 191
81_plant	gi|164458711|gb|EU188910.1|	86.19	181	18	7	150	327	124	300	1e-44	 189
81_plant	gi|164458710|gb|EU188909.1|	86.19	181	18	7	150	327	124	300	1e-44	 189
81_plant	gi|164458687|gb|EU188886.1|	86.19	181	18	7	150	327	123	299	1e-44	 189
81_plant	gi|164458676|gb|EU188875.1|	85.87	184	19	7	147	327	121	300	1e-44	 189
81_plant	gi|164458705|gb|EU188904.1|	85.71	182	18	8	150	327	124	301	1e-43	 185
81_plant	gi|317184325|gb|HQ658362.1|	85.19	189	16	12	145	327	157	339	5e-43	 183
81_plant	gi|164458699|gb|EU188898.1|	85.47	179	23	3	150	327	167	343	5e-43	 183
81_plant	gi|164458694|gb|EU188893.1|	85.64	181	19	7	150	327	124	300	5e-43	 183
81_plant	gi|164458692|gb|EU188891.1|	85.33	184	20	7	147	327	121	300	5e-43	 183
81_plant	gi|164458680|gb|EU188879.1|	85.03	187	20	8	145	327	119	301	5e-43	 183
81_plant	gi|164458679|gb|EU188878.1|	85.64	181	19	7	150	327	124	300	5e-43	 183
81_plant	gi|164458678|gb|EU188877.1|	85.33	184	20	7	147	327	121	300	5e-43	 183
81_plant	gi|164458677|gb|EU188876.1|	85.33	184	20	7	147	327	121	300	5e-43	 183
81_plant	gi|164458667|gb|EU188866.1|	85.64	181	19	7	150	327	124	300	5e-43	 183
81_plant	gi|164458666|gb|EU188865.1|	85.64	181	19	7	150	327	124	300	5e-43	 183
81_plant	gi|164458693|gb|EU188892.1|	84.95	186	21	7	145	327	119	300	2e-42	 182
81_plant	gi|164458671|gb|EU188870.1|	85.03	187	18	10	146	327	121	302	2e-42	 182
81_plant	gi|164458669|gb|EU188868.1|	84.74	190	19	10	144	327	117	302	2e-42	 182
81_plant	gi|164458674|gb|EU188873.1|	85.16	182	18	9	150	327	124	300	6e-42	 180
81_plant	gi|164458668|gb|EU188867.1|	85.16	182	19	8	150	327	124	301	6e-42	 180
81_plant	gi|164458712|gb|EU188911.1|	85.08	181	20	7	150	327	124	300	2e-41	 178
81_plant	gi|164458706|gb|EU188905.1|	85.16	182	18	9	150	327	124	300	2e-41	 178
81_plant	gi|164458697|gb|EU188896.1|	85.16	182	18	9	150	327	124	300	2e-41	 178
81_plant	gi|164458696|gb|EU188895.1|	85.16	182	18	9	150	327	124	300	2e-41	 178
81_plant	gi|164458689|gb|EU188888.1|	85.08	181	20	7	150	327	124	300	2e-41	 178
81_plant	gi|164458684|gb|EU188883.1|	85.08	181	20	7	150	327	124	300	2e-41	 178
81_plant	gi|164458673|gb|EU188872.1|	85.16	182	18	9	150	327	124	300	2e-41	 178
81_plant	gi|1654311|gb|U56780.1|TTU56780	84.18	196	17	12	142	327	123	314	2e-41	 178
81_plant	gi|225200450|gb|FJ204687.1|	84.70	183	20	7	150	327	163	342	8e-41	 176
81_plant	gi|283140843|gb|GU045774.1|	84.70	183	20	7	150	327	195	374	8e-41	 176
81_plant	gi|283140843|gb|GU045774.1|	95.00	80	2	2	15	93	1	79	3e-25	 124
81_plant	gi|283140841|gb|GU045772.1|	84.70	183	20	7	150	327	195	374	8e-41	 176
81_plant	gi|283140841|gb|GU045772.1|	95.00	80	2	2	15	93	1	79	3e-25	 124
81_plant	gi|283140840|gb|GU045771.1|	84.70	183	20	7	150	327	195	374	8e-41	 176
81_plant	gi|283140840|gb|GU045771.1|	95.00	80	2	2	15	93	1	79	3e-25	 124
81_plant	gi|164458701|gb|EU188900.1|	85.39	178	17	9	154	327	128	300	8e-41	 176
81_plant	gi|164458686|gb|EU188885.1|	84.49	187	19	10	146	327	120	301	8e-41	 176
81_plant	gi|164458683|gb|EU188882.1|	84.49	187	19	10	146	327	120	301	8e-41	 176
81_plant	gi|164458670|gb|EU188869.1|	84.49	187	19	10	146	327	120	301	8e-41	 176
81_plant	gi|62946679|gb|AY944585.1|	84.70	183	20	7	150	327	195	374	8e-41	 176
81_plant	gi|62946679|gb|AY944585.1|	95.00	80	2	2	15	93	1	79	3e-25	 124
81_plant	gi|51102609|gb|AY591828.1|	84.70	183	20	7	150	327	164	343	8e-41	 176
81_plant	gi|164458688|gb|EU188887.1|	84.49	187	18	11	146	327	120	300	3e-40	 174
81_plant	gi|164458681|gb|EU188880.1|	85.31	177	17	9	155	327	129	300	3e-40	 174
81_plant	gi|164458663|gb|EU188862.1|	84.04	188	22	8	144	327	135	318	3e-40	 174
81_plant	gi|51102636|gb|AY591855.1|	84.95	186	12	15	150	327	163	340	3e-40	 174
81_plant	gi|283140845|gb|GU045776.1|	84.15	183	21	7	150	327	195	374	1e-39	 172
81_plant	gi|283140845|gb|GU045776.1|	95.00	80	2	2	15	93	1	79	3e-25	 124
81_plant	gi|283140842|gb|GU045773.1|	84.15	183	21	7	150	327	195	374	1e-39	 172
81_plant	gi|283140842|gb|GU045773.1|	95.00	80	2	2	15	93	1	79	3e-25	 124
81_plant	gi|164458709|gb|EU188908.1|	84.70	183	17	8	150	327	124	300	1e-39	 172
81_plant	gi|164458700|gb|EU188899.1|	83.87	186	22	8	146	327	44	225	1e-39	 172
81_plant	gi|164458675|gb|EU188874.1|	83.87	186	23	7	145	327	120	301	1e-39	 172
81_plant	gi|62946698|gb|AY944604.1|	84.15	183	21	7	150	327	195	374	1e-39	 172
81_plant	gi|62946698|gb|AY944604.1|	95.00	80	2	2	15	93	1	79	3e-25	 124
81_plant	gi|11095951|gb|AF287701.1|	85.14	175	18	8	159	327	173	345	1e-39	 172
81_plant	gi|51102601|gb|AY591820.1|	83.96	187	22	7	150	330	162	346	1e-39	 172
81_plant	gi|325491704|gb|HM348807.1|	84.15	183	21	7	150	327	194	373	4e-39	 171
81_plant	gi|325491704|gb|HM348807.1|	95.00	80	2	2	15	93	1	79	3e-25	 124
81_plant	gi|325491703|gb|HM348806.1|	84.15	183	21	7	150	327	194	373	4e-39	 171
81_plant	gi|325491703|gb|HM348806.1|	95.00	80	2	2	15	93	1	79	3e-25	 124
81_plant	gi|325491700|gb|HM348803.1|	84.15	183	21	7	150	327	194	373	4e-39	 171
81_plant	gi|325491700|gb|HM348803.1|	95.00	80	2	2	15	93	1	79	3e-25	 124
81_plant	gi|325491699|gb|HM348802.1|	84.15	183	21	7	150	327	194	373	4e-39	 171
81_plant	gi|325491699|gb|HM348802.1|	95.00	80	2	2	15	93	1	79	3e-25	 124
81_plant	gi|325491698|gb|HM348801.1|	84.15	183	21	7	150	327	194	373	4e-39	 171
81_plant	gi|325491698|gb|HM348801.1|	95.00	80	2	2	15	93	1	79	3e-25	 124
81_plant	gi|325491697|gb|HM348800.1|	84.15	183	21	7	150	327	194	373	4e-39	 171
81_plant	gi|325491697|gb|HM348800.1|	95.00	80	2	2	15	93	1	79	3e-25	 124
81_plant	gi|225200451|gb|FJ204688.1|	84.15	183	21	7	150	327	163	342	4e-39	 171
81_plant	gi|283140861|gb|GU045792.1|	84.15	183	21	7	150	327	195	374	4e-39	 171
81_plant	gi|283140861|gb|GU045792.1|	95.00	80	2	2	15	93	1	79	3e-25	 124
81_plant	gi|283140860|gb|GU045791.1|	84.15	183	21	7	150	327	195	374	4e-39	 171
81_plant	gi|283140860|gb|GU045791.1|	95.00	80	2	2	15	93	1	79	3e-25	 124
81_plant	gi|283140859|gb|GU045790.1|	84.15	183	21	7	150	327	195	374	4e-39	 171
81_plant	gi|283140859|gb|GU045790.1|	95.00	80	2	2	15	93	1	79	3e-25	 124
81_plant	gi|283140856|gb|GU045787.1|	84.15	183	21	7	150	327	195	374	4e-39	 171
81_plant	gi|283140856|gb|GU045787.1|	95.00	80	2	2	15	93	1	79	3e-25	 124
81_plant	gi|283140855|gb|GU045786.1|	84.15	183	21	7	150	327	195	374	4e-39	 171
81_plant	gi|283140855|gb|GU045786.1|	95.00	80	2	2	15	93	1	79	3e-25	 124
81_plant	gi|283140854|gb|GU045785.1|	84.15	183	21	7	150	327	195	374	4e-39	 171
81_plant	gi|283140854|gb|GU045785.1|	95.00	80	2	2	15	93	1	79	3e-25	 124
81_plant	gi|283140853|gb|GU045784.1|	84.15	183	21	7	150	327	195	374	4e-39	 171
81_plant	gi|283140853|gb|GU045784.1|	95.00	80	2	2	15	93	1	79	3e-25	 124
81_plant	gi|283140852|gb|GU045783.1|	84.15	183	21	7	150	327	195	374	4e-39	 171
81_plant	gi|283140852|gb|GU045783.1|	95.00	80	2	2	15	93	1	79	3e-25	 124
81_plant	gi|283140851|gb|GU045782.1|	84.15	183	21	7	150	327	195	374	4e-39	 171
81_plant	gi|283140851|gb|GU045782.1|	95.00	80	2	2	15	93	1	79	3e-25	 124
81_plant	gi|283140850|gb|GU045781.1|	84.15	183	21	7	150	327	195	374	4e-39	 171
81_plant	gi|283140850|gb|GU045781.1|	95.00	80	2	2	15	93	1	79	3e-25	 124
81_plant	gi|283140849|gb|GU045780.1|	84.15	183	21	7	150	327	195	374	4e-39	 171
81_plant	gi|283140849|gb|GU045780.1|	95.00	80	2	2	15	93	1	79	3e-25	 124
81_plant	gi|283140848|gb|GU045779.1|	84.15	183	21	7	150	327	195	374	4e-39	 171
81_plant	gi|283140848|gb|GU045779.1|	95.00	80	2	2	15	93	1	79	3e-25	 124
81_plant	gi|151347739|gb|EF660543.1|	84.15	183	21	7	150	327	271	450	4e-39	 171
81_plant	gi|151347739|gb|EF660543.1|	95.74	94	2	2	1	93	63	155	5e-33	 150
81_plant	gi|149389286|gb|EF635464.1|	84.15	183	21	7	150	327	271	450	4e-39	 171
81_plant	gi|149389286|gb|EF635464.1|	95.74	94	2	2	1	93	63	155	5e-33	 150
81_plant	gi|27549499|gb|AY172191.1|	83.42	193	23	9	143	330	156	344	4e-39	 171
81_plant	gi|27549498|gb|AY172190.1|	83.60	189	24	7	143	327	156	341	4e-39	 171
81_plant	gi|62946701|gb|AY944607.1|	84.15	183	21	7	150	327	195	374	4e-39	 171
81_plant	gi|62946701|gb|AY944607.1|	95.00	80	2	2	15	93	1	79	3e-25	 124
81_plant	gi|62946700|gb|AY944606.1|	84.15	183	21	7	150	327	195	374	4e-39	 171
81_plant	gi|62946700|gb|AY944606.1|	95.00	80	2	2	15	93	1	79	3e-25	 124
81_plant	gi|62946699|gb|AY944605.1|	84.15	183	21	7	150	327	195	374	4e-39	 171
81_plant	gi|62946699|gb|AY944605.1|	95.00	80	2	2	15	93	1	79	3e-25	 124
81_plant	gi|62946697|gb|AY944603.1|	84.15	183	21	7	150	327	195	374	4e-39	 171
81_plant	gi|62946697|gb|AY944603.1|	95.00	80	2	2	15	93	1	79	3e-25	 124
81_plant	gi|62946680|gb|AY944586.1|	84.15	183	21	7	150	327	195	374	4e-39	 171
81_plant	gi|62946680|gb|AY944586.1|	95.00	80	2	2	15	93	1	79	3e-25	 124
81_plant	gi|51102631|gb|AY591850.1|	84.15	183	21	7	150	327	164	343	4e-39	 171
81_plant	gi|51102630|gb|AY591849.1|	84.15	183	21	7	150	327	164	343	4e-39	 171
81_plant	gi|51102614|gb|AY591833.1|	84.07	182	23	5	150	327	164	343	4e-39	 171
81_plant	gi|51102611|gb|AY591830.1|	84.15	183	21	7	150	327	164	343	4e-39	 171
81_plant	gi|51102610|gb|AY591829.1|	84.15	183	21	7	150	327	164	343	4e-39	 171
81_plant	gi|51102607|gb|AY591826.1|	84.15	183	21	7	150	327	164	343	4e-39	 171
81_plant	gi|283140844|gb|GU045775.1|	83.61	183	22	7	150	327	195	374	1e-38	 169
81_plant	gi|283140844|gb|GU045775.1|	95.00	80	2	2	15	93	1	79	3e-25	 124
81_plant	gi|164458685|gb|EU188884.1|	83.96	187	19	11	146	327	120	300	1e-38	 169
81_plant	gi|164458665|gb|EU188864.1|	83.51	188	23	8	144	327	135	318	1e-38	 169
81_plant	gi|11095957|gb|AF287707.1|	84.44	180	18	10	155	327	166	342	1e-38	 169
81_plant	gi|11095952|gb|AF287702.1|	84.57	175	19	8	159	327	172	344	1e-38	 169
81_plant	gi|7243729|gb|AF233310.1|AF233310	83.08	195	23	10	138	327	151	340	1e-38	 169
81_plant	gi|7243728|gb|AF233309.1|AF233309	83.08	195	23	10	138	327	150	339	1e-38	 169
81_plant	gi|283140858|gb|GU045789.1|	83.61	183	22	7	150	327	195	374	5e-38	 167
81_plant	gi|283140858|gb|GU045789.1|	95.00	80	2	2	15	93	1	79	3e-25	 124
81_plant	gi|283140857|gb|GU045788.1|	83.61	183	22	7	150	327	195	374	5e-38	 167
81_plant	gi|283140857|gb|GU045788.1|	95.00	80	2	2	15	93	1	79	3e-25	 124
81_plant	gi|164458713|gb|EU188912.1|	84.07	182	20	9	150	327	124	300	5e-38	 167
81_plant	gi|164458704|gb|EU188903.1|	83.98	181	22	7	150	327	124	300	5e-38	 167
81_plant	gi|164458703|gb|EU188902.1|	83.98	181	22	7	150	327	124	300	5e-38	 167
81_plant	gi|164458698|gb|EU188897.1|	84.07	182	20	9	150	327	124	300	5e-38	 167
81_plant	gi|164458695|gb|EU188894.1|	83.98	181	22	7	150	327	124	300	5e-38	 167
81_plant	gi|164458691|gb|EU188890.1|	85.06	174	15	11	159	327	133	300	5e-38	 167
81_plant	gi|164458682|gb|EU188881.1|	84.07	182	20	9	150	327	124	300	5e-38	 167
81_plant	gi|38504438|gb|AY373009.1|	83.33	192	20	12	143	327	156	342	5e-38	 167
81_plant	gi|62946684|gb|AY944590.1|	83.61	183	22	7	150	327	195	374	5e-38	 167
81_plant	gi|62946684|gb|AY944590.1|	95.00	80	2	2	15	93	1	79	3e-25	 124
81_plant	gi|51102592|gb|AY591811.1|	84.27	178	20	7	155	327	169	343	5e-38	 167
81_plant	gi|335057822|gb|HQ632306.1|	83.61	183	22	8	150	327	165	344	2e-37	 165
81_plant	gi|298106266|gb|HM116981.1|	84.57	175	17	10	158	327	282	451	2e-37	 165
81_plant	gi|298106266|gb|HM116981.1|	95.70	93	4	0	1	93	63	155	5e-33	 150
81_plant	gi|283140847|gb|GU045778.1|	83.70	184	20	9	150	327	195	374	2e-37	 165
81_plant	gi|283140847|gb|GU045778.1|	95.00	80	2	2	15	93	1	79	3e-25	 124
81_plant	gi|283140846|gb|GU045777.1|	83.70	184	20	9	150	327	195	374	2e-37	 165
81_plant	gi|283140846|gb|GU045777.1|	95.00	80	2	2	15	93	1	79	3e-25	 124
81_plant	gi|62946695|gb|AY944601.1|	83.61	183	22	7	150	327	195	374	2e-37	 165
81_plant	gi|62946695|gb|AY944601.1|	95.00	80	2	2	15	93	1	79	3e-25	 124
81_plant	gi|62946693|gb|AY944599.1|	83.61	183	22	7	150	327	195	374	2e-37	 165
81_plant	gi|62946693|gb|AY944599.1|	95.00	80	2	2	15	93	1	79	3e-25	 124
81_plant	gi|62946692|gb|AY944598.1|	83.61	183	22	7	150	327	195	374	2e-37	 165
81_plant	gi|62946692|gb|AY944598.1|	95.00	80	2	2	15	93	1	79	3e-25	 124
81_plant	gi|62946691|gb|AY944597.1|	83.61	183	22	7	150	327	195	374	2e-37	 165
81_plant	gi|62946691|gb|AY944597.1|	95.00	80	2	2	15	93	1	79	3e-25	 124
81_plant	gi|62946690|gb|AY944596.1|	83.61	183	22	7	150	327	195	374	2e-37	 165
81_plant	gi|62946690|gb|AY944596.1|	95.00	80	2	2	15	93	1	79	3e-25	 124
81_plant	gi|62946689|gb|AY944595.1|	83.61	183	22	7	150	327	195	374	2e-37	 165
81_plant	gi|62946689|gb|AY944595.1|	95.00	80	2	2	15	93	1	79	3e-25	 124
81_plant	gi|62946688|gb|AY944594.1|	83.61	183	22	7	150	327	195	374	2e-37	 165
81_plant	gi|62946688|gb|AY944594.1|	95.00	80	2	2	15	93	1	79	3e-25	 124
81_plant	gi|62946687|gb|AY944593.1|	83.61	183	22	7	150	327	195	374	2e-37	 165
81_plant	gi|62946687|gb|AY944593.1|	95.00	80	2	2	15	93	1	79	3e-25	 124
81_plant	gi|62946686|gb|AY944592.1|	83.61	183	22	7	150	327	195	374	2e-37	 165
81_plant	gi|62946686|gb|AY944592.1|	95.00	80	2	2	15	93	1	79	3e-25	 124
81_plant	gi|62946683|gb|AY944589.1|	83.61	183	22	7	150	327	195	374	2e-37	 165
81_plant	gi|62946683|gb|AY944589.1|	95.00	80	2	2	15	93	1	79	3e-25	 124
81_plant	gi|62946682|gb|AY944588.1|	83.61	183	22	7	150	327	195	374	2e-37	 165
81_plant	gi|62946682|gb|AY944588.1|	95.00	80	2	2	15	93	1	79	3e-25	 124
81_plant	gi|62946681|gb|AY944587.1|	83.61	183	22	7	150	327	195	374	2e-37	 165
81_plant	gi|62946681|gb|AY944587.1|	95.00	80	2	2	15	93	1	79	3e-25	 124
81_plant	gi|11095960|gb|AF287710.1|	84.27	178	19	9	155	327	166	339	2e-37	 165
81_plant	gi|11095956|gb|AF287706.1|	83.89	180	19	10	155	327	166	342	2e-37	 165
81_plant	gi|51102618|gb|AY591837.1|	83.33	192	19	13	143	327	154	339	2e-37	 165
81_plant	gi|7243739|gb|AF233320.1|AF233320	82.56	195	24	10	138	327	151	340	2e-37	 165
81_plant	gi|7243723|gb|AF233304.1|AF233304	84.27	178	19	9	155	327	166	339	2e-37	 165
81_plant	gi|292668374|gb|GQ163621.1|	78.86	298	22	34	38	327	1	265	6e-37	 163
81_plant	gi|76560773|gb|DQ156299.1|	83.52	182	23	7	150	327	125	303	6e-37	 163
81_plant	gi|27549497|gb|AY172189.1|	83.80	179	22	7	154	327	142	318	6e-37	 163
81_plant	gi|62946696|gb|AY944602.1|	83.06	183	23	7	150	327	195	374	6e-37	 163
81_plant	gi|62946696|gb|AY944602.1|	95.00	80	2	2	15	93	1	79	3e-25	 124
81_plant	gi|11095955|gb|AF287705.1|	82.74	197	20	14	138	327	152	341	6e-37	 163
81_plant	gi|11095954|gb|AF287704.1|	82.74	197	21	13	138	327	152	342	6e-37	 163
81_plant	gi|11095953|gb|AF287703.1|	82.65	196	22	12	138	327	152	341	6e-37	 163
81_plant	gi|11095950|gb|AF287700.1|	82.56	195	24	10	138	327	151	340	6e-37	 163
81_plant	gi|1654305|gb|U56774.1|HCU56774	83.07	189	23	9	144	327	135	319	6e-37	 163
81_plant	gi|51102605|gb|AY591824.1|	83.52	182	22	8	150	327	168	345	6e-37	 163
81_plant	gi|51102596|gb|AY591815.1|	83.70	184	18	12	150	327	163	340	6e-37	 163
81_plant	gi|7243736|gb|AF233317.1|AF233317	83.89	180	19	8	155	327	163	339	6e-37	 163
81_plant	gi|159135102|gb|EF679734.1|	82.89	187	25	7	145	327	199	382	2e-36	 161
81_plant	gi|159135101|gb|EF679733.1|	82.89	187	25	7	145	327	200	383	2e-36	 161
81_plant	gi|164458702|gb|EU188901.1|	83.43	181	23	7	150	327	124	300	2e-36	 161
81_plant	gi|148576582|gb|EF419542.1|	82.89	187	25	7	145	327	175	358	2e-36	 161
81_plant	gi|148576578|gb|EF419538.1|	82.89	187	25	7	145	327	184	367	2e-36	 161
81_plant	gi|148576576|gb|EF419536.1|	82.89	187	25	7	145	327	184	367	2e-36	 161
81_plant	gi|62946685|gb|AY944591.1|	83.06	183	23	7	150	327	195	374	2e-36	 161
81_plant	gi|62946685|gb|AY944591.1|	95.00	80	2	2	15	93	1	79	3e-25	 124
81_plant	gi|12017974|gb|AF303026.1|	82.89	187	25	7	145	327	173	356	2e-36	 161
81_plant	gi|11095967|gb|AF287717.1|	83.89	180	17	9	155	327	165	339	2e-36	 161
81_plant	gi|11095966|gb|AF287716.1|	83.89	180	17	9	155	327	165	339	2e-36	 161
81_plant	gi|11095964|gb|AF287714.1|	83.98	181	15	11	155	327	166	340	2e-36	 161
81_plant	gi|51102594|gb|AY591813.1|	83.61	183	19	11	150	327	158	334	2e-36	 161
81_plant	gi|7243737|gb|AF233318.1|AF233318	83.80	179	20	8	155	327	163	338	2e-36	 161
81_plant	gi|7243726|gb|AF233307.1|AF233307	82.56	195	23	11	138	327	152	340	2e-36	 161
81_plant	gi|335057871|gb|HQ632355.1|	83.06	183	24	7	150	327	165	345	8e-36	 159
81_plant	gi|335057858|gb|HQ632342.1|	83.06	183	24	7	150	327	165	345	8e-36	 159
81_plant	gi|335057856|gb|HQ632340.1|	83.06	183	24	7	150	327	165	345	8e-36	 159
81_plant	gi|335057851|gb|HQ632335.1|	83.06	183	24	7	150	327	165	345	8e-36	 159
81_plant	gi|335057840|gb|HQ632324.1|	83.06	183	24	7	150	327	165	345	8e-36	 159
81_plant	gi|335057841|gb|HQ632325.1|	83.06	183	24	7	150	327	165	345	8e-36	 159
81_plant	gi|335057824|gb|HQ632308.1|	83.06	183	24	7	150	327	165	345	8e-36	 159
81_plant	gi|335057836|gb|HQ632320.1|	83.06	183	24	7	150	327	165	345	8e-36	 159
81_plant	gi|335057834|gb|HQ632318.1|	83.06	183	24	7	150	327	165	345	8e-36	 159
81_plant	gi|335057839|gb|HQ632323.1|	83.06	183	24	7	150	327	165	345	8e-36	 159
81_plant	gi|335057819|gb|HQ632303.1|	83.06	183	24	7	150	327	165	345	8e-36	 159
81_plant	gi|335057818|gb|HQ632302.1|	83.06	183	24	7	150	327	165	345	8e-36	 159
81_plant	gi|335057816|gb|HQ632300.1|	83.06	183	24	7	150	327	165	345	8e-36	 159
81_plant	gi|335057812|gb|HQ632296.1|	83.06	183	24	7	150	327	165	345	8e-36	 159
81_plant	gi|335057811|gb|HQ632295.1|	83.06	183	24	7	150	327	165	345	8e-36	 159
81_plant	gi|335057808|gb|HQ632292.1|	83.06	183	24	7	150	327	165	345	8e-36	 159
81_plant	gi|335057809|gb|HQ632293.1|	83.06	183	24	7	150	327	165	345	8e-36	 159
81_plant	gi|335057802|gb|HQ632286.1|	83.06	183	24	7	150	327	165	345	8e-36	 159
81_plant	gi|335057803|gb|HQ632287.1|	83.06	183	24	7	150	327	165	345	8e-36	 159
81_plant	gi|335057801|gb|HQ632285.1|	83.06	183	24	7	150	327	165	345	8e-36	 159
81_plant	gi|335057800|gb|HQ632284.1|	83.06	183	24	7	150	327	165	345	8e-36	 159
81_plant	gi|335057785|gb|HQ632269.1|	83.06	183	24	7	150	327	165	345	8e-36	 159
81_plant	gi|335057786|gb|HQ632270.1|	83.06	183	24	7	150	327	165	345	8e-36	 159
81_plant	gi|317184339|gb|HQ658376.1|	83.91	174	20	8	159	327	167	337	8e-36	 159
81_plant	gi|317184323|gb|HQ658360.1|	82.90	193	18	14	143	327	137	322	8e-36	 159
81_plant	gi|82698769|gb|DQ284854.1|	83.91	174	20	8	159	327	240	410	8e-36	 159
81_plant	gi|82698769|gb|DQ284854.1|	91.25	80	3	4	1	78	22	99	1e-19	 106
81_plant	gi|76560782|gb|DQ156308.1|	83.06	183	24	7	150	327	165	345	8e-36	 159
81_plant	gi|76560780|gb|DQ156306.1|	83.06	183	24	7	150	327	165	345	8e-36	 159
81_plant	gi|62946694|gb|AY944600.1|	83.06	183	23	7	150	327	195	374	8e-36	 159
81_plant	gi|62946694|gb|AY944600.1|	95.00	80	2	2	15	93	1	79	3e-25	 124
81_plant	gi|51102625|gb|AY591844.1|	83.62	177	22	7	155	327	168	341	8e-36	 159
81_plant	gi|51102615|gb|AY591834.1|	82.97	182	25	5	150	327	162	341	8e-36	 159
81_plant	gi|7243724|gb|AF233305.1|AF233305	83.71	178	20	9	155	327	166	339	8e-36	 159
81_plant	gi|530837|gb|U12718.1|GRU12718	82.38	193	24	8	142	327	154	343	8e-36	 159
81_plant	gi|317184330|gb|HQ658367.1|	82.99	194	14	19	145	327	152	337	3e-35	 158
81_plant	gi|225200448|gb|FJ204685.1|	83.06	183	22	9	150	327	125	303	3e-35	 158
81_plant	gi|225200447|gb|FJ204684.1|	83.15	178	24	6	154	327	165	340	3e-35	 158
81_plant	gi|164458664|gb|EU188863.1|	82.45	188	25	8	144	327	135	318	3e-35	 158
81_plant	gi|148529447|gb|EF411058.1|	83.24	179	22	8	154	327	165	340	3e-35	 158
81_plant	gi|38504437|gb|AY373008.1|	83.24	179	22	8	154	327	166	341	3e-35	 158
81_plant	gi|38504436|gb|AY373007.1|	83.24	179	23	7	154	327	166	342	3e-35	 158
81_plant	gi|38504433|gb|AY373004.1|	83.24	179	22	8	154	327	166	341	3e-35	 158
81_plant	gi|38504432|gb|AY373003.1|	83.15	178	24	6	154	327	166	341	3e-35	 158
81_plant	gi|38504429|gb|AY373000.1|	83.24	179	22	8	154	327	166	341	3e-35	 158
81_plant	gi|38504426|gb|AY372997.1|	83.24	179	22	8	154	327	166	341	3e-35	 158
81_plant	gi|38504424|gb|AY372995.1|	83.24	179	22	8	154	327	166	341	3e-35	 158
81_plant	gi|38504422|gb|AY372993.1|	83.24	179	22	8	154	327	166	341	3e-35	 158
81_plant	gi|38504421|gb|AY372992.1|	83.24	179	22	8	154	327	166	341	3e-35	 158
81_plant	gi|38504419|gb|AY372990.1|	83.24	179	22	8	154	327	166	341	3e-35	 158
81_plant	gi|11095969|gb|AF287719.1|	83.43	181	16	11	155	327	166	340	3e-35	 158
81_plant	gi|11095968|gb|AF287718.1|	83.43	181	16	11	155	327	166	340	3e-35	 158
81_plant	gi|11095965|gb|AF287715.1|	83.43	181	16	11	155	327	166	340	3e-35	 158
81_plant	gi|11095963|gb|AF287713.1|	84.39	173	14	10	163	327	173	340	3e-35	 158
81_plant	gi|51102622|gb|AY591841.1|	82.70	185	24	6	150	327	158	341	3e-35	 158
81_plant	gi|51102612|gb|AY591831.1|	83.06	183	21	10	150	327	161	338	3e-35	 158
81_plant	gi|51102599|gb|AY591818.1|	82.87	181	25	6	150	327	162	339	3e-35	 158
81_plant	gi|7243738|gb|AF233319.1|AF233319	84.18	177	13	14	159	327	165	334	3e-35	 158
81_plant	gi|7243735|gb|AF233316.1|AF233316	83.43	181	18	9	155	327	163	339	3e-35	 158
81_plant	gi|335057826|gb|HQ632310.1|	82.51	183	25	7	150	327	165	345	1e-34	 156
81_plant	gi|335057823|gb|HQ632307.1|	82.51	183	25	7	150	327	165	345	1e-34	 156
81_plant	gi|335057674|gb|HQ632158.1|	82.61	184	25	7	149	327	164	345	1e-34	 156
81_plant	gi|317184340|gb|HQ658377.1|	83.15	178	22	8	155	327	163	337	1e-34	 156
81_plant	gi|209448168|gb|EU784120.1|	82.51	183	25	7	150	327	165	345	1e-34	 156
81_plant	gi|148576581|gb|EF419541.1|	82.45	188	24	9	145	327	184	367	1e-34	 156
81_plant	gi|148576579|gb|EF419539.1|	82.45	188	24	9	145	327	184	367	1e-34	 156
81_plant	gi|148576577|gb|EF419537.1|	82.35	187	25	8	145	327	184	366	1e-34	 156
81_plant	gi|112012165|gb|DQ826561.1|	82.51	183	25	7	150	327	165	345	1e-34	 156
81_plant	gi|124390019|gb|EF219368.1|	83.33	186	14	16	150	327	178	354	1e-34	 156
81_plant	gi|76560788|gb|DQ156314.1|	82.51	183	25	7	150	327	165	345	1e-34	 156
81_plant	gi|76363854|gb|DQ159120.1|	82.51	183	25	7	150	327	165	345	1e-34	 156
81_plant	gi|110832722|gb|DQ826447.1|	83.15	178	22	8	155	327	289	463	1e-34	 156
81_plant	gi|110832722|gb|DQ826447.1|	85.34	116	6	11	1	109	75	186	8e-21	 110
81_plant	gi|38504425|gb|AY372996.1|	82.68	179	23	8	154	327	166	341	1e-34	 156
81_plant	gi|32364888|gb|AF460192.1|	83.15	178	22	8	155	327	170	344	1e-34	 156
81_plant	gi|11095958|gb|AF287708.1|	83.43	181	16	11	155	327	166	340	1e-34	 156
81_plant	gi|11037424|gb|AF271185.1|AF271185	82.61	184	24	7	150	327	164	345	1e-34	 156
81_plant	gi|1654308|gb|U56778.1|LKU56778	82.32	198	17	14	143	327	156	348	1e-34	 156
81_plant	gi|51102638|gb|AY591857.1|	82.97	182	22	9	150	327	161	337	1e-34	 156
81_plant	gi|51102637|gb|AY591856.1|	82.97	182	22	9	150	327	161	337	1e-34	 156
81_plant	gi|51102632|gb|AY591851.1|	83.15	184	18	11	150	327	161	337	1e-34	 156
81_plant	gi|51102623|gb|AY591842.1|	82.51	183	26	5	150	327	158	339	1e-34	 156
81_plant	gi|51102603|gb|AY591822.1|	83.05	177	24	6	154	327	166	339	1e-34	 156
81_plant	gi|51102598|gb|AY591817.1|	83.06	183	19	12	150	327	160	335	1e-34	 156
81_plant	gi|51102597|gb|AY591816.1|	82.51	183	23	9	150	327	163	341	1e-34	 156
81_plant	gi|7243734|gb|AF233315.1|AF233315	83.52	182	15	13	155	327	147	322	1e-34	 156
81_plant	gi|7243727|gb|AF233308.1|AF233308	83.43	175	21	8	159	327	169	341	1e-34	 156
81_plant	gi|335057885|gb|HQ632369.1|	82.51	183	25	7	150	327	165	345	4e-34	 154
81_plant	gi|335057883|gb|HQ632367.1|	82.51	183	25	7	150	327	165	345	4e-34	 154
81_plant	gi|335057876|gb|HQ632360.1|	82.51	183	25	7	150	327	165	345	4e-34	 154
81_plant	gi|335057874|gb|HQ632358.1|	82.51	183	25	7	150	327	165	345	4e-34	 154
81_plant	gi|335057872|gb|HQ632356.1|	82.51	183	25	7	150	327	165	345	4e-34	 154
81_plant	gi|335057867|gb|HQ632351.1|	82.51	183	25	7	150	327	165	345	4e-34	 154
81_plant	gi|335057866|gb|HQ632350.1|	82.51	183	25	7	150	327	165	345	4e-34	 154
81_plant	gi|335057865|gb|HQ632349.1|	82.51	183	25	7	150	327	165	345	4e-34	 154
81_plant	gi|335057864|gb|HQ632348.1|	82.51	183	25	7	150	327	165	345	4e-34	 154
81_plant	gi|335057863|gb|HQ632347.1|	82.51	183	25	7	150	327	165	345	4e-34	 154
81_plant	gi|335057861|gb|HQ632345.1|	82.51	183	25	7	150	327	165	345	4e-34	 154
81_plant	gi|335057862|gb|HQ632346.1|	82.51	183	25	7	150	327	165	345	4e-34	 154
81_plant	gi|335057860|gb|HQ632344.1|	82.51	183	25	7	150	327	165	345	4e-34	 154
81_plant	gi|335057859|gb|HQ632343.1|	82.51	183	25	7	150	327	165	345	4e-34	 154
81_plant	gi|335057831|gb|HQ632315.1|	82.51	183	25	7	150	327	165	345	4e-34	 154
81_plant	gi|335057852|gb|HQ632336.1|	82.51	183	25	7	150	327	165	345	4e-34	 154
81_plant	gi|335057849|gb|HQ632333.1|	82.51	183	25	7	150	327	165	345	4e-34	 154
81_plant	gi|335057848|gb|HQ632332.1|	82.51	183	25	7	150	327	165	345	4e-34	 154
81_plant	gi|335057617|gb|HQ632101.1|	82.51	183	25	7	150	327	165	345	4e-34	 154
81_plant	gi|335057845|gb|HQ632329.1|	82.51	183	25	7	150	327	165	345	4e-34	 154
81_plant	gi|335057844|gb|HQ632328.1|	82.51	183	25	7	150	327	165	345	4e-34	 154
81_plant	gi|335057843|gb|HQ632327.1|	82.51	183	25	7	150	327	165	345	4e-34	 154
81_plant	gi|335057838|gb|HQ632322.1|	82.51	183	25	7	150	327	165	345	4e-34	 154
81_plant	gi|335057837|gb|HQ632321.1|	82.51	183	25	7	150	327	165	345	4e-34	 154
81_plant	gi|335057835|gb|HQ632319.1|	82.51	183	25	7	150	327	165	345	4e-34	 154
81_plant	gi|335057832|gb|HQ632316.1|	82.51	183	25	7	150	327	165	345	4e-34	 154
81_plant	gi|335057833|gb|HQ632317.1|	82.51	183	25	7	150	327	165	345	4e-34	 154
81_plant	gi|335057855|gb|HQ632339.1|	82.51	183	25	7	150	327	165	345	4e-34	 154
81_plant	gi|335057829|gb|HQ632313.1|	82.51	183	25	7	150	327	165	345	4e-34	 154
81_plant	gi|335057830|gb|HQ632314.1|	82.51	183	25	7	150	327	165	345	4e-34	 154
81_plant	gi|335057828|gb|HQ632312.1|	82.51	183	25	7	150	327	165	345	4e-34	 154
81_plant	gi|335057827|gb|HQ632311.1|	82.51	183	25	7	150	327	165	345	4e-34	 154
81_plant	gi|335057795|gb|HQ632279.1|	82.51	183	25	7	150	327	165	345	4e-34	 154
81_plant	gi|335057789|gb|HQ632273.1|	82.51	183	25	7	150	327	165	345	4e-34	 154
81_plant	gi|335057779|gb|HQ632263.1|	82.51	183	25	7	150	327	165	345	4e-34	 154
81_plant	gi|335057775|gb|HQ632259.1|	82.51	183	25	7	150	327	128	308	4e-34	 154
81_plant	gi|335057772|gb|HQ632256.1|	82.51	183	25	7	150	327	128	308	4e-34	 154
81_plant	gi|335057770|gb|HQ632254.1|	82.51	183	25	7	150	327	128	308	4e-34	 154
81_plant	gi|335057769|gb|HQ632253.1|	82.51	183	25	7	150	327	128	308	4e-34	 154
81_plant	gi|335057768|gb|HQ632252.1|	82.51	183	25	7	150	327	128	308	4e-34	 154
81_plant	gi|335057624|gb|HQ632108.1|	82.51	183	25	7	150	327	165	345	4e-34	 154
81_plant	gi|335057623|gb|HQ632107.1|	82.51	183	25	7	150	327	165	345	4e-34	 154
81_plant	gi|335057622|gb|HQ632106.1|	82.51	183	25	7	150	327	165	345	4e-34	 154
81_plant	gi|335057621|gb|HQ632105.1|	82.51	183	25	7	150	327	165	345	4e-34	 154
81_plant	gi|335057620|gb|HQ632104.1|	82.51	183	25	7	150	327	165	345	4e-34	 154
81_plant	gi|335057619|gb|HQ632103.1|	82.51	183	25	7	150	327	165	345	4e-34	 154
81_plant	gi|335057846|gb|HQ632330.1|	82.51	183	25	7	150	327	165	345	4e-34	 154
81_plant	gi|335057616|gb|HQ632100.1|	82.51	183	25	7	150	327	165	345	4e-34	 154
81_plant	gi|335057613|gb|HQ632097.1|	82.51	183	25	7	150	327	165	345	4e-34	 154
81_plant	gi|335057614|gb|HQ632098.1|	82.51	183	25	7	150	327	165	345	4e-34	 154
81_plant	gi|335057610|gb|HQ632094.1|	82.51	183	25	7	150	327	165	345	4e-34	 154
81_plant	gi|335057609|gb|HQ632093.1|	82.51	183	25	7	150	327	165	345	4e-34	 154
81_plant	gi|317184331|gb|HQ658368.1|	81.73	197	24	12	138	327	142	333	4e-34	 154
81_plant	gi|209448182|gb|EU784134.1|	82.51	183	25	7	150	327	165	345	4e-34	 154
81_plant	gi|209448172|gb|EU784124.1|	82.51	183	25	7	150	327	165	345	4e-34	 154
81_plant	gi|209448171|gb|EU784123.1|	82.51	183	25	7	150	327	165	345	4e-34	 154
81_plant	gi|209448170|gb|EU784122.1|	82.51	183	25	7	150	327	165	345	4e-34	 154
81_plant	gi|148576587|gb|EF419547.1|	82.42	182	26	6	150	327	179	358	4e-34	 154
81_plant	gi|112012166|gb|DQ826562.1|	82.51	183	25	7	150	327	165	345	4e-34	 154
81_plant	gi|76560789|gb|DQ156315.1|	82.51	183	25	7	150	327	165	345	4e-34	 154
81_plant	gi|76560787|gb|DQ156313.1|	82.51	183	25	7	150	327	165	345	4e-34	 154
81_plant	gi|76560785|gb|DQ156311.1|	82.51	183	25	7	150	327	165	345	4e-34	 154
81_plant	gi|76560778|gb|DQ156304.1|	82.51	183	25	7	150	327	128	308	4e-34	 154
81_plant	gi|27549537|gb|AY172229.1|	82.35	187	24	8	150	330	163	346	4e-34	 154
81_plant	gi|38504430|gb|AY373001.1|	82.68	179	23	8	154	327	166	341	4e-34	 154
81_plant	gi|38504427|gb|AY372998.1|	82.68	179	23	8	154	327	166	341	4e-34	 154
81_plant	gi|11037443|gb|AF271204.1|AF271204	82.61	184	22	9	150	327	163	342	4e-34	 154
81_plant	gi|1654301|gb|U56805.1|GSU56805	81.96	194	23	10	142	327	154	343	4e-34	 154
81_plant	gi|85857206|emb|AJ849676.1|	82.42	182	27	5	150	327	163	343	4e-34	 154
81_plant	gi|85857204|emb|AJ849674.1|	82.42	182	27	5	150	327	163	343	4e-34	 154
81_plant	gi|85857203|emb|AJ849673.1|	82.42	182	27	5	150	327	163	343	4e-34	 154
81_plant	gi|85857202|emb|AJ849672.1|	82.42	182	27	5	150	327	163	343	4e-34	 154
81_plant	gi|85857196|emb|AJ849666.1|	82.42	182	27	5	150	327	163	343	4e-34	 154
81_plant	gi|85857192|emb|AJ849662.1|	82.42	182	27	5	150	327	163	343	4e-34	 154
81_plant	gi|51102626|gb|AY591845.1|	82.51	183	25	7	150	327	164	344	4e-34	 154
81_plant	gi|51102617|gb|AY591836.1|	82.70	185	21	9	150	327	164	344	4e-34	 154
81_plant	gi|51102616|gb|AY591835.1|	83.33	174	21	7	159	327	173	343	4e-34	 154
81_plant	gi|29125778|emb|AJ512142.1|	82.61	184	23	8	150	327	163	343	4e-34	 154
81_plant	gi|14348565|emb|AJ304938.1|	82.42	182	27	5	150	327	163	343	4e-34	 154
81_plant	gi|7243731|gb|AF233312.1|AF233312	83.24	179	19	11	155	327	162	335	4e-34	 154
81_plant	gi|530853|gb|U12734.1|GSU12734	81.87	193	25	9	142	327	154	343	4e-34	 154
81_plant	gi|530852|gb|U12733.1|GAU12733	81.87	193	25	9	142	327	154	343	4e-34	 154
81_plant	gi|530851|gb|U12732.1|GAU12732	81.87	193	25	9	142	327	154	343	4e-34	 154
81_plant	gi|530850|gb|U12731.1|GLU12731	81.87	193	25	9	142	327	154	343	4e-34	 154
81_plant	gi|530842|gb|U12723.1|GTU12723	81.87	193	25	8	142	327	154	343	4e-34	 154
81_plant	gi|530830|gb|U12711.1|GTU12711	81.87	193	25	8	142	327	154	343	4e-34	 154
81_plant	gi|335057857|gb|HQ632341.1|	82.68	179	24	7	154	327	169	345	1e-33	 152
81_plant	gi|317184321|gb|HQ658358.1|	83.15	178	19	8	155	327	161	332	1e-33	 152
81_plant	gi|124110137|gb|EF152583.1|	82.68	179	23	8	154	327	342	517	1e-33	 152
81_plant	gi|124110137|gb|EF152583.1|	93.75	96	3	2	1	96	132	224	3e-30	 141
81_plant	gi|27549526|gb|AY172218.1|	82.61	184	21	11	150	327	159	337	1e-33	 152
81_plant	gi|27549496|gb|AY172188.1|	82.51	183	23	9	150	327	125	303	1e-33	 152
81_plant	gi|38504431|gb|AY373002.1|	82.68	179	23	8	154	327	168	343	1e-33	 152
81_plant	gi|38504420|gb|AY372991.1|	82.58	178	25	6	154	327	166	341	1e-33	 152
81_plant	gi|38504418|gb|AY372989.1|	82.68	179	23	8	154	327	166	341	1e-33	 152
81_plant	gi|51102639|gb|AY591858.1|	83.24	173	21	8	159	327	170	338	1e-33	 152
81_plant	gi|51102620|gb|AY591839.1|	82.16	185	25	8	149	327	163	345	1e-33	 152
81_plant	gi|51102591|gb|AY591810.1|	82.58	178	25	6	154	327	171	346	1e-33	 152
81_plant	gi|51102590|gb|AY591809.1|	82.58	178	25	6	154	327	171	346	1e-33	 152
81_plant	gi|335057672|gb|HQ632156.1|	82.07	184	26	7	149	327	164	345	5e-33	 150
81_plant	gi|335057638|gb|HQ632122.1|	82.07	184	26	7	149	327	164	345	5e-33	 150
81_plant	gi|292668363|gb|GQ163610.1|	78.04	296	26	34	38	327	1	263	5e-33	 150
81_plant	gi|148576580|gb|EF419540.1|	81.91	188	24	10	145	327	184	366	5e-33	 150
81_plant	gi|148576574|gb|EF419534.1|	82.78	180	20	9	154	327	187	361	5e-33	 150
81_plant	gi|124390018|gb|EF219367.1|	82.80	186	15	16	150	327	178	354	5e-33	 150
81_plant	gi|124390017|gb|EF219366.1|	82.80	186	15	16	150	327	178	354	5e-33	 150
81_plant	gi|76560772|gb|DQ156298.1|	82.32	181	24	7	150	327	126	301	5e-33	 150
81_plant	gi|55273912|gb|AY635549.1|	81.63	196	23	11	138	327	173	361	5e-33	 150
81_plant	gi|55273913|gb|AY635550.1|	81.63	196	23	11	138	327	173	361	5e-33	 150
81_plant	gi|55273914|gb|AY635551.1|	81.63	196	23	11	138	327	173	361	5e-33	 150
81_plant	gi|55273911|gb|AY635548.1|	81.63	196	23	11	138	327	173	361	5e-33	 150
81_plant	gi|11095962|gb|AF287712.1|	82.87	181	17	11	155	327	166	340	5e-33	 150
81_plant	gi|1654293|gb|U56789.1|GNU56789	81.35	193	26	8	142	327	154	343	5e-33	 150
81_plant	gi|85857205|emb|AJ849675.1|	81.87	182	28	5	150	327	163	343	5e-33	 150
81_plant	gi|85857201|emb|AJ849671.1|	81.87	182	28	5	150	327	163	343	5e-33	 150
81_plant	gi|85857200|emb|AJ849670.1|	81.87	182	28	5	150	327	163	343	5e-33	 150
81_plant	gi|85857199|emb|AJ849669.1|	81.87	182	28	5	150	327	163	343	5e-33	 150
81_plant	gi|85857198|emb|AJ849668.1|	81.87	182	28	5	150	327	163	343	5e-33	 150
81_plant	gi|85857197|emb|AJ849667.1|	81.87	182	28	5	150	327	163	343	5e-33	 150
81_plant	gi|85857195|emb|AJ849665.1|	81.87	182	28	5	150	327	163	343	5e-33	 150
81_plant	gi|85857191|emb|AJ849661.1|	81.87	182	28	5	150	327	163	343	5e-33	 150
81_plant	gi|51102634|gb|AY591853.1|	81.63	196	22	11	139	327	156	344	5e-33	 150
81_plant	gi|51102619|gb|AY591838.1|	82.68	179	21	7	155	327	165	339	5e-33	 150
81_plant	gi|51102608|gb|AY591827.1|	82.49	177	25	6	154	327	166	339	5e-33	 150
81_plant	gi|7243725|gb|AF233306.1|AF233306	82.87	181	17	11	155	327	165	339	5e-33	 150
81_plant	gi|3093956|gb|AF057800.1|AF057800	81.35	193	26	8	142	327	154	343	5e-33	 150
81_plant	gi|3093955|gb|AF057799.1|AF057799	81.44	194	24	10	142	327	154	343	5e-33	 150
81_plant	gi|3093915|gb|AF057759.1|AF057759	81.35	193	26	8	142	327	154	343	5e-33	 150
81_plant	gi|335057879|gb|HQ632363.1|	81.97	183	26	7	150	327	165	345	2e-32	 148
81_plant	gi|335057880|gb|HQ632364.1|	81.97	183	26	7	150	327	165	345	2e-32	 148
81_plant	gi|335057878|gb|HQ632362.1|	81.97	183	26	7	150	327	165	345	2e-32	 148
81_plant	gi|335057875|gb|HQ632359.1|	81.97	183	26	7	150	327	165	345	2e-32	 148
81_plant	gi|335057854|gb|HQ632338.1|	81.97	183	26	7	150	327	165	345	2e-32	 148
81_plant	gi|335057850|gb|HQ632334.1|	81.97	183	26	7	150	327	165	345	2e-32	 148
81_plant	gi|335057787|gb|HQ632271.1|	81.97	183	26	7	150	327	165	345	2e-32	 148
81_plant	gi|335057788|gb|HQ632272.1|	81.97	183	26	7	150	327	165	345	2e-32	 148
81_plant	gi|335057612|gb|HQ632096.1|	81.97	183	26	7	150	327	165	345	2e-32	 148
81_plant	gi|295292538|gb|GU935129.1|	81.44	194	24	11	142	327	101	290	2e-32	 148
81_plant	gi|295292540|gb|GU935131.1|	81.44	194	24	11	142	327	101	290	2e-32	 148
81_plant	gi|257449401|gb|GQ478107.1|	82.51	183	19	12	152	327	180	356	2e-32	 148
81_plant	gi|238696014|gb|FJ980404.1|	92.45	106	5	2	1	106	1	103	2e-32	 148
81_plant	gi|238696014|gb|FJ980404.1|	100.00	49	0	0	279	327	277	325	3e-15	91.6
81_plant	gi|238696013|gb|FJ980403.1|	92.45	106	5	2	1	106	1	103	2e-32	 148
81_plant	gi|238696013|gb|FJ980403.1|	100.00	49	0	0	279	327	277	325	3e-15	91.6
81_plant	gi|76560790|gb|DQ156316.1|	81.97	183	26	7	150	327	165	345	2e-32	 148
81_plant	gi|28207768|gb|AY217202.1|	82.07	184	24	8	150	327	163	343	2e-32	 148
81_plant	gi|27549528|gb|AY172220.1|	82.07	184	24	8	150	327	163	343	2e-32	 148
81_plant	gi|27549508|gb|AY172200.1|	81.97	183	26	7	150	327	163	343	2e-32	 148
81_plant	gi|27549504|gb|AY172196.1|	81.91	188	23	10	150	330	165	348	2e-32	 148
81_plant	gi|27549503|gb|AY172195.1|	81.97	183	26	7	150	327	163	343	2e-32	 148
81_plant	gi|27549502|gb|AY172194.1|	81.91	188	23	10	150	330	162	345	2e-32	 148
81_plant	gi|27549500|gb|AY172192.1|	82.07	184	24	8	150	327	163	343	2e-32	 148
81_plant	gi|38504423|gb|AY372994.1|	81.68	191	24	9	143	327	155	340	2e-32	 148
81_plant	gi|32364891|gb|AF460195.1|	81.50	200	19	18	138	327	139	330	2e-32	 148
81_plant	gi|11037444|gb|AF271205.1|AF271205	82.07	184	24	8	150	327	163	343	2e-32	 148
81_plant	gi|11037406|gb|AF271167.1|AF271167	81.72	186	27	7	150	330	164	347	2e-32	 148
81_plant	gi|1654298|gb|U56802.1|GPU56802	81.44	194	24	10	142	327	154	343	2e-32	 148
81_plant	gi|1654297|gb|U56801.1|GPU56801	81.44	194	24	11	142	327	154	343	2e-32	 148
81_plant	gi|67078965|gb|DQ006023.1|	92.45	106	5	2	1	106	1	103	2e-32	 148
81_plant	gi|67078965|gb|DQ006023.1|	97.96	49	1	0	279	327	277	325	1e-13	86.1
81_plant	gi|51102633|gb|AY591852.1|	82.76	174	22	7	159	327	174	344	2e-32	 148
81_plant	gi|51102604|gb|AY591823.1|	81.87	182	28	5	150	327	163	343	2e-32	 148
81_plant	gi|51102602|gb|AY591821.1|	81.68	191	24	9	143	327	154	339	2e-32	 148
81_plant	gi|51102595|gb|AY591814.1|	81.97	183	24	8	149	327	163	340	2e-32	 148
81_plant	gi|37650990|emb|AJ416060.1|	81.87	182	28	5	150	327	163	343	2e-32	 148
81_plant	gi|29125791|emb|AJ512155.1|	81.97	183	26	7	150	327	165	345	2e-32	 148
81_plant	gi|22531314|emb|AJ416062.1|	81.87	182	28	5	150	327	163	343	2e-32	 148
81_plant	gi|22531313|emb|AJ416061.1|	81.87	182	28	5	150	327	163	343	2e-32	 148
81_plant	gi|7243722|gb|AF233303.1|AF233303	81.50	200	19	18	138	327	139	330	2e-32	 148
81_plant	gi|3093940|gb|AF057784.1|AF057784	81.44	194	24	10	142	327	154	343	2e-32	 148
81_plant	gi|3093939|gb|AF057783.1|AF057783	81.44	194	24	11	142	327	154	343	2e-32	 148
81_plant	gi|3093922|gb|AF057766.1|AF057766	81.44	194	24	10	142	327	154	343	2e-32	 148
81_plant	gi|3093921|gb|AF057765.1|AF057765	81.44	194	24	10	142	327	154	343	2e-32	 148
81_plant	gi|3093920|gb|AF057764.1|AF057764	81.44	194	24	10	142	327	154	343	2e-32	 148
81_plant	gi|530848|gb|U12729.1|GDU12729	81.35	193	26	10	142	327	154	343	2e-32	 148
81_plant	gi|530847|gb|U12728.1|GKU12728	81.35	193	26	10	142	327	154	343	2e-32	 148
81_plant	gi|530846|gb|U12727.1|GHU12727	81.44	194	25	9	142	327	154	344	2e-32	 148
81_plant	gi|530845|gb|U12726.1|GTU12726	81.44	194	25	9	142	327	154	344	2e-32	 148
81_plant	gi|530844|gb|U12725.1|GAU12725	81.44	194	25	9	142	327	154	344	2e-32	 148
81_plant	gi|530835|gb|U12716.1|GDU12716	81.44	194	24	11	142	327	154	343	2e-32	 148
81_plant	gi|335057873|gb|HQ632357.1|	82.12	179	25	7	154	327	169	345	6e-32	 147
81_plant	gi|334904488|gb|JF831032.1|	98.78	82	1	0	1	82	1	82	6e-32	 147
81_plant	gi|334904486|gb|JF831030.1|	98.78	82	1	0	1	82	15	96	6e-32	 147
81_plant	gi|334904482|gb|JF831026.1|	98.78	82	1	0	1	82	1	82	6e-32	 147
81_plant	gi|334904479|gb|JF831023.1|	98.78	82	1	0	1	82	1	82	6e-32	 147
81_plant	gi|334904477|gb|JF831021.1|	98.78	82	1	0	1	82	13	94	6e-32	 147
81_plant	gi|334904476|gb|JF831020.1|	98.78	82	1	0	1	82	1	82	6e-32	 147
81_plant	gi|317184358|gb|HQ658395.1|	81.41	199	19	14	140	327	147	338	6e-32	 147
81_plant	gi|238696030|gb|FJ980420.1|	97.65	85	2	0	1	85	1	85	6e-32	 147
81_plant	gi|238696030|gb|FJ980420.1|	80.11	176	22	12	159	327	214	383	1e-23	 119
81_plant	gi|116292938|gb|DQ861621.1|	98.78	82	1	0	1	82	21	102	6e-32	 147
81_plant	gi|116292938|gb|DQ861621.1|	78.06	196	25	17	138	327	203	386	3e-20	 108
81_plant	gi|116292934|gb|DQ861617.1|	98.78	82	1	0	1	82	48	129	6e-32	 147
81_plant	gi|116292934|gb|DQ861617.1|	79.19	197	21	19	138	327	228	411	1e-23	 119
81_plant	gi|164458672|gb|EU188871.1|	81.87	182	25	8	150	327	123	300	6e-32	 147
81_plant	gi|148576575|gb|EF419535.1|	82.42	182	19	9	154	327	189	365	6e-32	 147
81_plant	gi|124390020|gb|EF219369.1|	82.86	175	18	12	159	327	187	355	6e-32	 147
81_plant	gi|61968460|gb|AY936712.1|	96.63	89	2	1	1	88	65	153	6e-32	 147
81_plant	gi|61968460|gb|AY936712.1|	96.49	57	1	1	271	327	326	381	8e-16	93.5
81_plant	gi|55273910|gb|AY635547.1|	82.76	174	20	8	159	327	199	367	6e-32	 147
81_plant	gi|55273910|gb|AY635547.1|	89.19	74	6	2	19	92	2	73	3e-15	91.6
81_plant	gi|55273909|gb|AY635546.1|	82.76	174	20	8	159	327	193	361	6e-32	 147
81_plant	gi|55273906|gb|AY635543.1|	82.76	174	20	8	159	327	199	367	6e-32	 147
81_plant	gi|55273906|gb|AY635543.1|	89.19	74	6	2	19	92	2	73	3e-15	91.6
81_plant	gi|28207771|gb|AY217205.1|	82.07	184	22	11	150	327	159	337	6e-32	 147
81_plant	gi|27549545|gb|AY172237.1|	82.07	184	22	11	150	327	159	337	6e-32	 147
81_plant	gi|27549543|gb|AY172235.1|	82.07	184	22	10	150	327	163	341	6e-32	 147
81_plant	gi|27549539|gb|AY172231.1|	81.97	183	24	9	150	327	159	337	6e-32	 147
81_plant	gi|27549535|gb|AY172227.1|	82.07	184	22	11	150	327	159	337	6e-32	 147
81_plant	gi|27549530|gb|AY172222.1|	82.07	184	22	11	150	327	159	337	6e-32	 147
81_plant	gi|27549523|gb|AY172215.1|	81.97	183	24	9	150	327	159	337	6e-32	 147
81_plant	gi|27549514|gb|AY172206.1|	82.07	184	22	11	150	327	159	337	6e-32	 147
81_plant	gi|27549513|gb|AY172205.1|	82.07	184	22	10	150	327	159	337	6e-32	 147
81_plant	gi|27549512|gb|AY172204.1|	82.07	184	22	11	150	327	159	337	6e-32	 147
81_plant	gi|27549509|gb|AY172201.1|	82.07	184	22	10	150	327	159	337	6e-32	 147
81_plant	gi|27549507|gb|AY172199.1|	82.07	184	21	10	150	327	163	340	6e-32	 147
81_plant	gi|52078316|gb|AY725466.1|	96.63	89	2	1	1	88	109	197	6e-32	 147
81_plant	gi|52078316|gb|AY725466.1|	96.49	57	1	1	271	327	370	425	8e-16	93.5
81_plant	gi|38504434|gb|AY373005.1|	82.32	181	21	10	154	327	166	342	6e-32	 147
81_plant	gi|38504428|gb|AY372999.1|	81.15	191	25	9	143	327	155	340	6e-32	 147
81_plant	gi|32364884|gb|AF460188.1|	81.68	191	22	11	144	327	159	343	6e-32	 147
81_plant	gi|57335174|emb|AJ783636.1|	98.78	82	1	0	1	82	78	159	6e-32	 147
81_plant	gi|56788566|gb|AY695585.1|	98.78	82	1	0	1	82	50	131	6e-32	 147
81_plant	gi|56788566|gb|AY695585.1|	78.68	197	22	19	138	327	232	415	6e-22	 113
81_plant	gi|56788507|gb|AY695526.1|	97.65	85	2	0	1	85	78	162	6e-32	 147
81_plant	gi|56788507|gb|AY695526.1|	98.04	51	1	0	277	327	389	439	1e-14	89.8
81_plant	gi|85857194|emb|AJ849664.1|	81.32	182	29	5	150	327	163	343	6e-32	 147
81_plant	gi|85857193|emb|AJ849663.1|	81.32	182	29	5	150	327	163	343	6e-32	 147
81_plant	gi|67078960|gb|DQ006018.1|	90.35	114	7	4	1	111	1	113	6e-32	 147
81_plant	gi|67078960|gb|DQ006018.1|	82.32	181	20	11	154	327	213	388	6e-32	 147
81_plant	gi|51102640|gb|AY591859.1|	82.16	185	19	14	150	327	161	338	6e-32	 147
81_plant	gi|51102635|gb|AY591854.1|	82.07	184	21	12	150	327	161	338	6e-32	 147
81_plant	gi|51102593|gb|AY591812.1|	82.16	185	19	14	150	327	161	338	6e-32	 147
81_plant	gi|51102588|gb|AY591807.1|	82.16	185	19	14	150	327	162	339	6e-32	 147
81_plant	gi|22531315|emb|AJ416063.1|	81.32	182	29	5	150	327	163	343	6e-32	 147
81_plant	gi|3093941|gb|AF057785.1|AF057785	81.35	193	24	10	143	327	155	343	6e-32	 147
81_plant	gi|335057853|gb|HQ632337.1|	81.62	185	25	9	150	327	165	347	2e-31	 145
81_plant	gi|335057760|gb|HQ632244.1|	81.52	184	27	7	149	327	164	345	2e-31	 145
81_plant	gi|335057747|gb|HQ632231.1|	81.52	184	27	7	149	327	164	345	2e-31	 145
81_plant	gi|335057745|gb|HQ632229.1|	81.52	184	27	7	149	327	164	345	2e-31	 145
81_plant	gi|335057746|gb|HQ632230.1|	81.52	184	27	7	149	327	164	345	2e-31	 145
81_plant	gi|335057732|gb|HQ632216.1|	81.52	184	27	7	149	327	164	345	2e-31	 145
81_plant	gi|335057731|gb|HQ632215.1|	81.52	184	27	7	149	327	164	345	2e-31	 145
81_plant	gi|335057723|gb|HQ632207.1|	81.52	184	27	7	149	327	164	345	2e-31	 145
81_plant	gi|335057720|gb|HQ632204.1|	81.52	184	27	7	149	327	164	345	2e-31	 145
81_plant	gi|335057721|gb|HQ632205.1|	81.52	184	27	7	149	327	164	345	2e-31	 145
81_plant	gi|335057712|gb|HQ632196.1|	81.52	184	27	7	149	327	164	345	2e-31	 145
81_plant	gi|335057709|gb|HQ632193.1|	81.52	184	27	7	149	327	164	345	2e-31	 145
81_plant	gi|335057693|gb|HQ632177.1|	81.52	184	27	7	149	327	164	345	2e-31	 145
81_plant	gi|335057697|gb|HQ632181.1|	81.52	184	27	7	149	327	164	345	2e-31	 145
81_plant	gi|335057692|gb|HQ632176.1|	81.52	184	27	7	149	327	164	345	2e-31	 145
81_plant	gi|335057691|gb|HQ632175.1|	81.52	184	27	7	149	327	164	345	2e-31	 145
81_plant	gi|335057628|gb|HQ632112.1|	81.52	184	27	7	149	327	164	345	2e-31	 145
81_plant	gi|335057688|gb|HQ632172.1|	81.52	184	27	7	149	327	164	345	2e-31	 145
