# BLASTN 2.2.23+
# Query:  81_plant
# Database: /home/rohinis/blastdb/blast_nt/nt
# Fields: query id, subject id, % identity, alignment length, mismatches, gap opens, q. start, q. end, s. start, s. end, evalue, bit score
# 113 hits found
81_plant	gi|255929998|gb|FJ603111.1|	97.41	232	6	0	96	327	76	307	7e-106	 392
81_plant	gi|219881462|gb|FJ527606.1|	80.57	350	47	6	1	330	182	530	4e-83	 316
81_plant	gi|219881465|gb|FJ527609.1|	80.57	350	47	8	1	330	180	528	2e-80	 307
81_plant	gi|219881464|gb|FJ527608.1|	79.43	350	51	5	1	330	182	530	3e-79	 304
81_plant	gi|219881463|gb|FJ527607.1|	79.21	356	47	9	1	330	182	536	5e-76	 293
81_plant	gi|62114932|gb|AY962409.1|	78.04	337	50	8	15	330	1	334	3e-66	 260
81_plant	gi|33621644|gb|AY341385.1|	90.05	191	15	4	141	330	157	344	7e-62	 246
81_plant	gi|33621644|gb|AY341385.1|	85.06	87	12	1	47	132	1	87	8e-17	96.9
81_plant	gi|32364883|gb|AF460187.1|	89.01	191	17	4	141	330	157	344	1e-58	 235
81_plant	gi|32364883|gb|AF460187.1|	88.51	87	9	1	47	132	1	87	1e-20	 109
81_plant	gi|164458690|gb|EU188889.1|	77.30	304	48	6	47	330	1	303	5e-57	 230
81_plant	gi|164458662|gb|EU188861.1|	77.30	304	48	6	47	330	1	303	5e-57	 230
81_plant	gi|164458661|gb|EU188860.1|	77.30	304	48	6	47	330	1	303	5e-57	 230
81_plant	gi|164458660|gb|EU188859.1|	77.30	304	48	6	47	330	1	303	5e-57	 230
81_plant	gi|164458707|gb|EU188906.1|	77.70	305	45	8	47	330	1	303	2e-56	 228
81_plant	gi|1654273|gb|U56775.1|AFU56775	88.08	193	17	5	141	330	157	346	2e-56	 228
81_plant	gi|1654273|gb|U56775.1|AFU56775	88.37	86	9	1	48	132	2	87	4e-20	 107
81_plant	gi|164458714|gb|EU188913.1|	76.97	304	49	6	47	330	1	303	2e-55	 224
81_plant	gi|164458711|gb|EU188910.1|	77.38	305	46	8	47	330	1	303	2e-55	 224
81_plant	gi|164458694|gb|EU188893.1|	77.38	305	46	8	47	330	1	303	2e-55	 224
81_plant	gi|164458679|gb|EU188878.1|	76.97	304	49	6	47	330	1	303	2e-55	 224
81_plant	gi|164458676|gb|EU188875.1|	76.64	304	50	5	47	330	1	303	2e-55	 224
81_plant	gi|164458705|gb|EU188904.1|	77.05	305	48	7	47	330	1	304	8e-55	 223
81_plant	gi|164458677|gb|EU188876.1|	77.30	304	48	8	47	330	1	303	8e-55	 223
81_plant	gi|164458710|gb|EU188909.1|	76.64	304	50	6	47	330	1	303	3e-54	 221
81_plant	gi|164458692|gb|EU188891.1|	77.30	304	48	8	47	330	1	303	3e-54	 221
81_plant	gi|164458687|gb|EU188886.1|	77.63	304	46	9	47	330	1	302	3e-54	 221
81_plant	gi|164458678|gb|EU188877.1|	76.32	304	51	5	47	330	1	303	3e-54	 221
81_plant	gi|164458674|gb|EU188873.1|	77.05	305	47	8	47	330	1	303	3e-54	 221
81_plant	gi|164458708|gb|EU188907.1|	76.72	305	48	7	47	330	1	303	9e-54	 219
81_plant	gi|164458706|gb|EU188905.1|	77.05	305	47	8	47	330	1	303	9e-54	 219
81_plant	gi|164458697|gb|EU188896.1|	77.05	305	47	8	47	330	1	303	9e-54	 219
81_plant	gi|164458680|gb|EU188879.1|	76.32	304	52	5	47	330	1	304	9e-54	 219
81_plant	gi|164458673|gb|EU188872.1|	77.05	305	47	8	47	330	1	303	9e-54	 219
81_plant	gi|170763669|gb|AC215459.2|	77.29	339	47	16	1	330	177	494	9e-54	 219
81_plant	gi|170763669|gb|AC215459.2|	77.29	339	47	16	1	330	9235	9552	9e-54	 219
81_plant	gi|45385106|gb|AY552528.1|	77.29	339	47	16	1	330	150	467	9e-54	 219
81_plant	gi|298106260|gb|HM116975.1|	76.81	345	46	17	1	330	53	378	3e-53	 217
81_plant	gi|164458669|gb|EU188868.1|	76.72	305	50	7	47	330	1	305	3e-53	 217
81_plant	gi|164458701|gb|EU188900.1|	76.39	305	49	7	47	330	1	303	1e-52	 215
81_plant	gi|164458696|gb|EU188895.1|	76.72	305	48	8	47	330	1	303	1e-52	 215
81_plant	gi|164458693|gb|EU188892.1|	77.05	305	47	9	47	330	1	303	1e-52	 215
81_plant	gi|164458689|gb|EU188888.1|	76.39	305	49	7	47	330	1	303	1e-52	 215
81_plant	gi|33621652|gb|AY341393.1|	85.13	195	27	2	137	330	151	344	1e-52	 215
81_plant	gi|33621652|gb|AY341393.1|	82.76	87	14	1	47	132	1	87	1e-13	86.0
81_plant	gi|164458668|gb|EU188867.1|	76.47	306	48	8	47	330	1	304	4e-52	 214
81_plant	gi|33621650|gb|AY341391.1|	85.13	195	27	2	137	330	151	344	4e-52	 214
81_plant	gi|33621650|gb|AY341391.1|	82.76	87	14	1	47	132	1	87	1e-13	86.0
81_plant	gi|33621649|gb|AY341390.1|	85.13	195	27	2	137	330	151	344	4e-52	 214
81_plant	gi|33621649|gb|AY341390.1|	82.76	87	14	1	47	132	1	87	1e-13	86.0
81_plant	gi|33621648|gb|AY341389.1|	85.13	195	27	2	137	330	151	344	4e-52	 214
81_plant	gi|33621648|gb|AY341389.1|	81.61	87	15	1	47	132	1	87	5e-13	84.2
81_plant	gi|33621647|gb|AY341388.1|	85.13	195	27	2	137	330	151	344	4e-52	 214
81_plant	gi|33621647|gb|AY341388.1|	82.76	87	14	1	47	132	1	87	1e-13	86.0
81_plant	gi|33621645|gb|AY341386.1|	85.13	195	27	2	137	330	151	344	4e-52	 214
81_plant	gi|33621645|gb|AY341386.1|	81.61	87	15	1	47	132	1	87	2e-12	82.4
81_plant	gi|164458671|gb|EU188870.1|	76.47	306	49	8	47	330	1	305	1e-51	 212
81_plant	gi|164458667|gb|EU188866.1|	76.07	305	50	7	47	330	1	303	1e-51	 212
81_plant	gi|73426239|gb|DQ153606.1|	76.54	341	52	15	1	330	69	392	1e-51	 212
81_plant	gi|73426228|gb|DQ153595.1|	76.54	341	52	15	1	330	69	392	1e-51	 212
81_plant	gi|83744093|gb|DQ314157.1|	77.13	341	46	18	1	330	23	342	1e-51	 212
81_plant	gi|33621646|gb|AY341387.1|	84.62	195	28	2	137	330	151	344	1e-51	 212
81_plant	gi|33621646|gb|AY341387.1|	82.76	87	14	1	47	132	1	87	1e-13	86.0
81_plant	gi|164458712|gb|EU188911.1|	76.39	305	49	8	47	330	1	303	5e-51	 210
81_plant	gi|164458709|gb|EU188908.1|	76.39	305	49	8	47	330	1	303	5e-51	 210
81_plant	gi|164458688|gb|EU188887.1|	76.07	305	50	7	47	330	1	303	5e-51	 210
81_plant	gi|164458686|gb|EU188885.1|	76.39	305	50	8	47	330	1	304	5e-51	 210
81_plant	gi|164458684|gb|EU188883.1|	76.07	305	50	7	47	330	1	303	5e-51	 210
81_plant	gi|164458675|gb|EU188874.1|	76.14	306	49	8	47	330	1	304	5e-51	 210
81_plant	gi|164458666|gb|EU188865.1|	76.07	305	50	7	47	330	1	303	5e-51	 210
81_plant	gi|33621651|gb|AY341392.1|	85.41	185	26	1	146	330	161	344	5e-51	 210
81_plant	gi|33621651|gb|AY341392.1|	82.76	87	14	1	47	132	1	87	1e-13	86.0
81_plant	gi|73426260|gb|DQ153627.1|	76.25	341	53	15	1	330	69	392	2e-50	 208
81_plant	gi|73426212|gb|DQ153579.1|	76.25	341	53	15	1	330	69	392	2e-50	 208
81_plant	gi|73426150|gb|DQ153517.1|	76.54	341	46	17	1	330	69	386	2e-50	 208
81_plant	gi|223861235|gb|FJ605222.1|	76.47	340	46	17	1	330	93	408	6e-50	 206
81_plant	gi|223861210|gb|FJ605197.1|	75.95	341	50	15	1	330	29	348	6e-50	 206
81_plant	gi|73426207|gb|DQ153574.1|	76.02	342	53	15	1	330	69	393	6e-50	 206
81_plant	gi|73426144|gb|DQ153511.1|	75.43	350	49	16	1	330	69	401	6e-50	 206
81_plant	gi|1654311|gb|U56780.1|TTU56780	74.77	321	40	10	47	330	1	317	6e-50	 206
81_plant	gi|223861205|gb|FJ605192.1|	76.19	336	46	16	8	330	1	315	2e-49	 205
81_plant	gi|73426261|gb|DQ153628.1|	75.95	341	54	15	1	330	69	392	2e-49	 205
81_plant	gi|164458683|gb|EU188882.1|	76.07	305	51	8	47	330	1	304	2e-49	 205
81_plant	gi|164458670|gb|EU188869.1|	76.47	306	48	10	47	330	1	304	2e-49	 205
81_plant	gi|73426225|gb|DQ153592.1|	75.86	348	49	17	1	330	69	399	2e-49	 205
81_plant	gi|73426151|gb|DQ153518.1|	75.22	347	54	14	1	330	66	397	2e-49	 205
81_plant	gi|283140843|gb|GU045774.1|	72.22	378	42	14	15	330	1	377	7e-49	 203
81_plant	gi|283140841|gb|GU045772.1|	72.22	378	42	14	15	330	1	377	7e-49	 203
81_plant	gi|283140840|gb|GU045771.1|	72.22	378	42	14	15	330	1	377	7e-49	 203
81_plant	gi|73426149|gb|DQ153516.1|	75.95	341	48	17	1	330	69	386	7e-49	 203
81_plant	gi|62946679|gb|AY944585.1|	72.22	378	42	14	15	330	1	377	7e-49	 203
81_plant	gi|42741883|gb|AY492108.1|	75.37	341	57	13	1	330	53	377	7e-49	 203
81_plant	gi|73426249|gb|DQ153616.1|	75.79	347	51	17	1	330	69	399	2e-48	 201
81_plant	gi|73426248|gb|DQ153615.1|	75.50	347	52	16	1	330	69	399	2e-48	 201
81_plant	gi|331712296|gb|HQ608211.1|	74.56	338	56	11	1	330	86	401	9e-48	 199
81_plant	gi|283140842|gb|GU045773.1|	71.96	378	43	14	15	330	1	377	9e-48	 199
81_plant	gi|73426259|gb|DQ153626.1|	75.57	348	50	17	1	330	60	390	9e-48	 199
81_plant	gi|73426168|gb|DQ153535.1|	75.86	348	50	18	1	330	69	400	9e-48	 199
81_plant	gi|33332451|gb|AF542997.1|	76.12	335	40	18	10	330	667	359	9e-48	 199
81_plant	gi|57867885|gb|AY864895.1|	76.06	330	43	16	10	330	1	303	9e-48	 199
81_plant	gi|164458699|gb|EU188898.1|	84.24	184	28	1	147	330	164	346	3e-47	 197
81_plant	gi|164458699|gb|EU188898.1|	84.29	70	10	1	47	115	1	70	2e-10	75.2
81_plant	gi|73426229|gb|DQ153596.1|	75.50	347	51	17	1	330	69	398	3e-47	 197
81_plant	gi|331712306|gb|HQ608221.1|	74.85	338	55	13	1	330	86	401	1e-46	 196
81_plant	gi|331712301|gb|HQ608216.1|	74.56	338	56	12	1	330	86	401	1e-46	 196
81_plant	gi|331712299|gb|HQ608214.1|	74.56	338	56	12	1	330	86	401	1e-46	 196
81_plant	gi|331712294|gb|HQ608209.1|	74.85	338	55	13	1	330	86	401	1e-46	 196
81_plant	gi|331712290|gb|HQ608205.1|	74.56	342	50	14	1	330	86	402	1e-46	 196
81_plant	gi|331712289|gb|HQ608204.1|	75.15	338	54	14	1	330	86	401	1e-46	 196
81_plant	gi|331712284|gb|HQ608199.1|	74.85	338	55	13	1	330	86	401	1e-46	 196
81_plant	gi|331712282|gb|HQ608197.1|	75.44	338	53	15	1	330	86	401	1e-46	 196
81_plant	gi|331712280|gb|HQ608195.1|	74.85	338	55	13	1	330	86	401	1e-46	 196
81_plant	gi|260207262|emb|FM204699.1|	74.57	346	58	13	1	330	83	414	1e-46	 196
# BLASTN 2.2.23+
# Query:  60_plant
# Database: /home/rohinis/blastdb/blast_nt/nt
# Fields: query id, subject id, % identity, alignment length, mismatches, gap opens, q. start, q. end, s. start, s. end, evalue, bit score
# 100 hits found
60_plant	gi|256859267|gb|GQ411800.1|	99.73	364	1	0	1	364	9	372	0.0	 652
60_plant	gi|256859272|gb|GQ411805.1|	99.73	364	1	0	1	364	9	372	0.0	 652
60_plant	gi|256859273|gb|GQ411806.1|	99.73	364	1	0	1	364	9	372	0.0	 652
60_plant	gi|256859266|gb|GQ411799.1|	99.73	364	1	0	1	364	9	372	0.0	 652
60_plant	gi|256859258|gb|GQ411791.1|	99.73	364	1	0	1	364	9	372	0.0	 652
60_plant	gi|256859262|gb|GQ411795.1|	99.73	364	1	0	1	364	9	372	0.0	 652
60_plant	gi|256859259|gb|GQ411792.1|	99.73	364	1	0	1	364	9	372	0.0	 652
60_plant	gi|256859263|gb|GQ411796.1|	99.73	364	1	0	1	364	9	372	0.0	 652
60_plant	gi|256859256|gb|GQ411789.1|	99.73	364	1	0	1	364	9	372	0.0	 652
60_plant	gi|256859257|gb|GQ411790.1|	99.73	364	1	0	1	364	9	372	0.0	 652
60_plant	gi|256859275|gb|GQ411808.1|	99.45	364	2	0	1	364	9	372	0.0	 648
60_plant	gi|256859255|gb|GQ411788.1|	99.45	364	2	0	1	364	9	372	0.0	 648
60_plant	gi|254554142|gb|GQ260103.1|	99.45	364	2	0	1	364	9	372	0.0	 648
60_plant	gi|254554140|gb|GQ260101.1|	99.45	364	2	0	1	364	10	373	0.0	 648
60_plant	gi|254554133|gb|GQ260094.1|	99.45	364	2	0	1	364	10	373	0.0	 648
60_plant	gi|256859283|gb|GQ411816.1|	99.18	364	3	0	1	364	9	372	0.0	 646
60_plant	gi|256859282|gb|GQ411815.1|	99.18	364	3	0	1	364	9	372	0.0	 646
60_plant	gi|256859287|gb|GQ411820.1|	99.18	364	3	0	1	364	9	372	0.0	 646
60_plant	gi|256859285|gb|GQ411818.1|	99.18	364	3	0	1	364	9	372	0.0	 646
60_plant	gi|256859286|gb|GQ411819.1|	99.18	364	3	0	1	364	9	372	0.0	 646
60_plant	gi|256859284|gb|GQ411817.1|	99.18	364	3	0	1	364	9	372	0.0	 646
60_plant	gi|256859291|gb|GQ411824.1|	99.18	364	3	0	1	364	9	372	0.0	 646
60_plant	gi|256859288|gb|GQ411821.1|	99.18	364	3	0	1	364	9	372	0.0	 646
60_plant	gi|256859281|gb|GQ411814.1|	99.18	364	3	0	1	364	9	372	0.0	 646
60_plant	gi|256859280|gb|GQ411813.1|	99.18	364	3	0	1	364	9	372	0.0	 646
60_plant	gi|256859251|gb|GQ411784.1|	99.18	364	3	0	1	364	9	372	0.0	 646
60_plant	gi|256859252|gb|GQ411785.1|	99.18	364	3	0	1	364	9	372	0.0	 646
60_plant	gi|256859294|gb|GQ411827.1|	99.18	364	3	0	1	364	9	372	0.0	 645
60_plant	gi|256859293|gb|GQ411826.1|	99.18	364	3	0	1	364	9	372	0.0	 645
60_plant	gi|256859292|gb|GQ411825.1|	99.18	364	3	0	1	364	9	372	0.0	 645
60_plant	gi|256859276|gb|GQ411809.1|	99.18	364	3	0	1	364	9	372	0.0	 645
60_plant	gi|256859253|gb|GQ411786.1|	99.18	364	3	0	1	364	9	372	0.0	 645
60_plant	gi|256859254|gb|GQ411787.1|	99.18	364	3	0	1	364	9	372	0.0	 645
60_plant	gi|256859302|gb|GQ411835.1|	99.18	364	3	0	1	364	9	372	0.0	 643
60_plant	gi|256859303|gb|GQ411836.1|	99.18	364	3	0	1	364	9	372	0.0	 643
60_plant	gi|256859301|gb|GQ411834.1|	99.18	364	3	0	1	364	9	372	0.0	 643
60_plant	gi|206148985|gb|FJ176924.1|	99.18	364	3	0	1	364	9	372	0.0	 643
60_plant	gi|256859278|gb|GQ411811.1|	98.90	364	4	0	1	364	9	372	0.0	 641
60_plant	gi|256859279|gb|GQ411812.1|	98.90	364	4	0	1	364	9	372	0.0	 641
60_plant	gi|256859277|gb|GQ411810.1|	98.90	364	4	0	1	364	9	372	0.0	 641
60_plant	gi|254554148|gb|GQ260109.1|	99.44	360	2	0	5	364	1	360	0.0	 641
60_plant	gi|254554139|gb|GQ260100.1|	99.44	360	2	0	5	364	1	360	0.0	 641
60_plant	gi|256859305|gb|GQ411838.1|	98.90	364	4	0	1	364	9	372	3e-180	 639
60_plant	gi|256859304|gb|GQ411837.1|	98.90	364	4	0	1	364	9	372	3e-180	 639
60_plant	gi|256859299|gb|GQ411832.1|	98.90	364	4	0	1	364	9	372	3e-180	 639
60_plant	gi|256859295|gb|GQ411828.1|	98.90	364	4	0	1	364	9	372	3e-180	 639
60_plant	gi|256859297|gb|GQ411830.1|	98.90	364	4	0	1	364	9	372	3e-180	 639
60_plant	gi|256859296|gb|GQ411829.1|	98.90	364	4	0	1	364	9	372	3e-180	 639
60_plant	gi|256859298|gb|GQ411831.1|	98.90	364	4	0	1	364	9	372	3e-180	 639
60_plant	gi|254554153|gb|GQ260114.1|	99.44	359	2	0	6	364	1	359	3e-180	 639
60_plant	gi|254554149|gb|GQ260110.1|	98.90	364	4	0	1	364	11	374	3e-180	 639
60_plant	gi|254554135|gb|GQ260096.1|	98.90	364	4	0	1	364	10	373	3e-180	 639
60_plant	gi|206149013|gb|FJ176925.1|	98.90	364	4	0	1	364	9	372	3e-180	 639
60_plant	gi|254554134|gb|GQ260095.1|	99.17	361	3	0	4	364	1	361	1e-179	 637
60_plant	gi|254554150|gb|GQ260111.1|	99.17	360	3	0	5	364	1	360	4e-179	 636
60_plant	gi|254554136|gb|GQ260097.1|	98.63	364	5	0	1	364	15	378	1e-178	 634
60_plant	gi|206149065|gb|FJ176927.1|	98.63	364	5	0	1	364	9	372	1e-178	 634
60_plant	gi|254554141|gb|GQ260102.1|	98.89	360	4	0	5	364	1	360	5e-178	 632
60_plant	gi|254554152|gb|GQ260113.1|	98.35	364	6	0	1	364	14	377	2e-177	 630
60_plant	gi|1142585|emb|Z48779.1|	98.63	364	4	1	1	364	31	393	2e-177	 630
60_plant	gi|254554146|gb|GQ260107.1|	98.61	361	5	0	4	364	1	361	6e-177	 628
60_plant	gi|254554137|gb|GQ260098.1|	98.61	359	5	0	6	364	1	359	7e-176	 625
60_plant	gi|5326743|gb|AF074398.1|AF074398	99.43	348	2	0	17	364	1	348	3e-174	 619
60_plant	gi|254554138|gb|GQ260099.1|	99.10	335	2	1	30	364	2	335	2e-164	 587
60_plant	gi|1208891|gb|L36635.1|PHVITS	98.24	341	5	1	24	364	1	340	6e-164	 585
60_plant	gi|254554145|gb|GQ260106.1|	98.51	335	4	1	30	364	1	334	1e-161	 578
60_plant	gi|90968775|gb|DQ445768.1|	99.38	324	2	0	41	364	1	324	3e-161	 576
60_plant	gi|5726143|gb|AF115167.1|	99.38	324	2	0	41	364	1	324	3e-161	 576
60_plant	gi|5726141|gb|AF115165.1|	99.38	324	2	0	41	364	1	324	3e-161	 576
60_plant	gi|5726138|gb|AF115162.1|	99.38	324	2	0	41	364	1	324	3e-161	 576
60_plant	gi|5726137|gb|AF115161.1|	99.38	324	2	0	41	364	1	324	3e-161	 576
60_plant	gi|3242968|gb|AF069129.1|	99.38	324	2	0	41	364	1	324	3e-161	 576
60_plant	gi|3242967|gb|AF069128.1|	99.38	324	2	0	41	364	1	324	3e-161	 576
60_plant	gi|254554143|gb|GQ260104.1|	98.78	327	4	0	38	364	1	327	4e-160	 572
60_plant	gi|5726144|gb|AF115168.1|	99.07	324	3	0	41	364	1	324	4e-160	 572
60_plant	gi|5726142|gb|AF115166.1|	98.77	324	4	0	41	364	1	324	2e-158	 567
60_plant	gi|5726139|gb|AF115163.1|	98.46	324	5	0	41	364	1	324	7e-157	 562
60_plant	gi|5726145|gb|AF115169.1|	97.84	324	7	0	41	364	1	324	9e-156	 558
60_plant	gi|256859250|gb|GQ411783.1|	93.30	373	16	3	1	364	9	381	3e-155	 556
60_plant	gi|256859249|gb|GQ411782.1|	93.30	373	16	3	1	364	9	381	3e-155	 556
60_plant	gi|256859248|gb|GQ411781.1|	93.30	373	16	3	1	364	9	381	3e-155	 556
60_plant	gi|206598085|gb|FJ172178.1|	93.30	373	16	3	1	364	9	381	1e-154	 554
60_plant	gi|206598082|gb|FJ172175.1|	93.30	373	16	3	1	364	9	381	1e-154	 554
60_plant	gi|206598081|gb|FJ172174.1|	93.03	373	17	3	1	364	9	381	1e-153	 551
60_plant	gi|206598083|gb|FJ172176.1|	93.30	373	12	5	1	364	9	377	5e-153	 549
60_plant	gi|226934599|gb|FJ853401.1|	92.68	328	20	1	41	364	1	328	6e-133	 482
60_plant	gi|226934598|gb|FJ853400.1|	92.68	328	20	1	41	364	1	328	6e-133	 482
60_plant	gi|226934597|gb|FJ853399.1|	92.68	328	20	1	41	364	1	328	6e-133	 482
60_plant	gi|90968768|gb|DQ445761.1|	92.68	328	20	1	41	364	1	328	6e-133	 482
60_plant	gi|5726135|gb|AF115159.1|	92.49	333	16	3	41	364	1	333	6e-133	 482
60_plant	gi|5726134|gb|AF115158.1|	92.49	333	16	3	41	364	1	333	6e-133	 482
60_plant	gi|5726133|gb|AF115157.1|	92.49	333	16	3	41	364	1	333	6e-133	 482
60_plant	gi|5726132|gb|AF115156.1|	92.49	333	16	3	41	364	1	333	6e-133	 482
60_plant	gi|3242969|gb|AF069130.1|	92.49	333	16	3	41	364	1	333	6e-133	 482
60_plant	gi|226934601|gb|FJ853403.1|	92.38	328	21	1	41	364	1	328	7e-132	 479
60_plant	gi|5726136|gb|AF115160.1|	92.19	333	17	3	41	364	1	333	7e-132	 479
60_plant	gi|5726131|gb|AF115155.1|	92.19	333	17	3	41	364	1	333	7e-132	 479
60_plant	gi|5726130|gb|AF115154.1|	92.19	333	17	3	41	364	1	333	7e-132	 479
60_plant	gi|5726117|gb|AF115141.1|	92.38	328	21	1	41	364	1	328	7e-132	 479
60_plant	gi|226934596|gb|FJ853398.1|	92.40	329	20	2	41	364	1	329	2e-131	 477
# BLASTN 2.2.23+
# Query:  68_plant
# Database: /home/rohinis/blastdb/blast_nt/nt
# Fields: query id, subject id, % identity, alignment length, mismatches, gap opens, q. start, q. end, s. start, s. end, evalue, bit score
# 100 hits found
68_plant	gi|9392420|gb|AF163519.1|	98.44	321	2	3	34	354	1	318	5e-152	 545
68_plant	gi|9392415|gb|AF163514.1|	98.44	321	2	3	34	354	1	318	5e-152	 545
68_plant	gi|9392412|gb|AF163511.1|	98.44	321	2	3	34	354	1	318	5e-152	 545
68_plant	gi|9392410|gb|AF163509.1|	98.44	321	2	3	34	354	1	318	5e-152	 545
68_plant	gi|9392396|gb|AF163495.1|	98.44	321	2	3	34	354	1	318	5e-152	 545
68_plant	gi|9392391|gb|AF163490.1|	98.44	321	2	3	34	354	1	318	5e-152	 545
68_plant	gi|9392383|gb|AF163482.1|	98.44	321	2	3	34	354	1	318	5e-152	 545
68_plant	gi|9392419|gb|AF163518.1|	98.13	321	3	3	34	354	1	318	7e-151	 542
68_plant	gi|9392414|gb|AF163513.1|	98.13	321	3	3	34	354	1	318	7e-151	 542
68_plant	gi|9392409|gb|AF163508.1|	98.13	321	3	3	34	354	1	318	7e-151	 542
68_plant	gi|9392403|gb|AF163502.1|	98.13	321	3	3	34	354	1	318	7e-151	 542
68_plant	gi|9392402|gb|AF163501.1|	98.13	321	3	3	34	354	1	318	7e-151	 542
68_plant	gi|9392399|gb|AF163498.1|	98.13	321	3	3	34	354	1	318	7e-151	 542
68_plant	gi|9392397|gb|AF163496.1|	98.13	321	3	3	34	354	1	318	7e-151	 542
68_plant	gi|9392392|gb|AF163491.1|	98.13	321	3	3	34	354	1	318	7e-151	 542
68_plant	gi|9392385|gb|AF163484.1|	98.13	321	3	3	34	354	1	318	7e-151	 542
68_plant	gi|9392421|gb|AF163520.1|	97.82	321	4	3	34	354	1	318	8e-150	 538
68_plant	gi|9392395|gb|AF163494.1|	97.82	321	4	3	34	354	1	318	8e-150	 538
68_plant	gi|9392417|gb|AF163516.1|	97.82	321	4	3	34	354	1	318	3e-149	 536
68_plant	gi|9392416|gb|AF163515.1|	97.82	321	4	3	34	354	1	318	3e-149	 536
68_plant	gi|9392393|gb|AF163492.1|	97.82	321	4	3	34	354	1	318	3e-149	 536
68_plant	gi|9392390|gb|AF163489.1|	97.82	321	4	3	34	354	1	318	3e-149	 536
68_plant	gi|9392386|gb|AF163485.1|	97.82	321	4	3	34	354	1	318	3e-149	 536
68_plant	gi|9392384|gb|AF163483.1|	97.51	321	5	3	34	354	1	318	3e-149	 536
68_plant	gi|9392381|gb|AF163480.1|	97.82	321	4	3	34	354	1	318	3e-149	 536
68_plant	gi|9392418|gb|AF163517.1|	97.51	321	5	3	34	354	1	318	3e-148	 533
68_plant	gi|9392411|gb|AF163510.1|	97.51	321	5	3	34	354	1	318	3e-148	 533
68_plant	gi|9392406|gb|AF163505.1|	97.82	321	3	4	34	354	1	317	3e-148	 533
68_plant	gi|9392380|gb|AF163479.1|	97.82	321	3	4	34	354	1	317	3e-148	 533
68_plant	gi|9392394|gb|AF163493.1|	96.88	321	7	3	34	354	1	318	5e-146	 526
68_plant	gi|9392404|gb|AF163503.1|	96.88	321	7	3	34	354	1	318	2e-145	 524
68_plant	gi|9392388|gb|AF163487.1|	96.88	321	7	3	34	354	1	318	2e-145	 524
68_plant	gi|9392387|gb|AF163486.1|	96.88	321	7	3	34	354	1	318	2e-145	 524
68_plant	gi|9392422|gb|AF163521.1|	96.88	321	6	4	34	354	1	317	2e-144	 520
68_plant	gi|226858225|gb|FJ356167.1|	98.05	308	3	3	47	354	1	305	8e-144	 518
68_plant	gi|226858222|gb|FJ356164.1|	98.05	308	3	3	47	354	1	305	8e-144	 518
68_plant	gi|9392400|gb|AF163499.1|	96.57	321	8	3	34	354	1	318	8e-144	 518
68_plant	gi|9392398|gb|AF163497.1|	96.57	321	8	3	34	354	1	318	8e-144	 518
68_plant	gi|9392389|gb|AF163488.1|	96.26	321	9	3	34	354	1	318	8e-144	 518
68_plant	gi|9392382|gb|AF163481.1|	96.57	321	8	3	34	354	1	318	8e-144	 518
68_plant	gi|27527016|emb|AJ511772.1|	98.05	308	3	3	47	354	1	305	8e-144	 518
68_plant	gi|9392405|gb|AF163504.1|	96.26	321	9	3	34	354	1	318	3e-143	 517
68_plant	gi|9392401|gb|AF163500.1|	96.26	321	9	3	34	354	1	318	9e-143	 515
68_plant	gi|226858223|gb|FJ356165.1|	97.73	308	4	3	47	354	1	305	3e-142	 513
68_plant	gi|9392408|gb|AF163507.1|	96.27	322	8	4	34	354	1	319	3e-142	 513
68_plant	gi|9392407|gb|AF163506.1|	96.27	322	8	4	34	354	1	319	3e-142	 513
68_plant	gi|9392413|gb|AF163512.1|	96.26	321	8	4	34	354	1	317	1e-141	 511
68_plant	gi|93099963|emb|AM114838.1|	97.70	305	4	3	50	354	1	302	1e-140	 508
68_plant	gi|93099962|emb|AM114837.1|	97.70	305	4	3	50	354	1	302	1e-140	 508
68_plant	gi|93099961|emb|AM114836.1|	97.70	305	4	3	50	354	1	302	1e-140	 508
68_plant	gi|93099960|emb|AM114835.1|	97.70	305	4	3	50	354	1	302	1e-140	 508
68_plant	gi|93099955|emb|AM114830.1|	97.05	305	6	3	50	354	1	302	2e-138	 500
68_plant	gi|27527015|emb|AJ511771.1|	96.43	308	8	3	47	354	1	305	2e-138	 500
68_plant	gi|3746138|gb|U90793.1|FVU90793	96.43	308	8	3	47	354	1	305	2e-138	 500
68_plant	gi|93099952|emb|AM114827.1|	97.05	305	6	3	50	354	1	302	7e-138	 499
68_plant	gi|93099951|emb|AM114826.1|	97.05	305	6	3	50	354	1	302	7e-138	 499
68_plant	gi|93099959|emb|AM114834.1|	96.39	305	8	3	50	354	1	302	1e-135	 491
68_plant	gi|93099958|emb|AM114833.1|	96.39	305	8	3	50	354	1	302	4e-135	 489
68_plant	gi|93099949|emb|AM114824.1|	96.39	305	8	3	50	354	1	302	4e-135	 489
68_plant	gi|93099947|emb|AM114822.1|	96.39	305	8	3	50	354	1	302	4e-135	 489
68_plant	gi|93099956|emb|AM114831.1|	96.71	304	5	5	50	351	1	301	1e-134	 488
68_plant	gi|226858224|gb|FJ356166.1|	95.79	309	9	4	47	354	1	306	5e-134	 486
68_plant	gi|93099957|emb|AM114832.1|	96.08	306	8	4	50	354	1	303	5e-134	 486
68_plant	gi|93099950|emb|AM114825.1|	96.07	305	9	3	50	354	1	302	5e-134	 486
68_plant	gi|93099966|emb|AM114841.1|	96.08	306	8	4	50	354	1	303	2e-133	 484
68_plant	gi|93099954|emb|AM114829.1|	95.74	305	10	3	50	354	1	302	5e-133	 482
68_plant	gi|93099965|emb|AM114840.1|	95.75	306	9	4	50	354	1	303	2e-132	 480
68_plant	gi|260424035|gb|GQ476750.1|	97.90	286	3	3	69	354	1	283	7e-132	 479
68_plant	gi|260424026|gb|GQ476741.1|	97.90	286	3	3	69	354	1	283	7e-132	 479
68_plant	gi|260424025|gb|GQ476740.1|	97.90	286	3	3	69	354	1	283	7e-132	 479
68_plant	gi|260424024|gb|GQ476739.1|	97.90	286	3	3	69	354	1	283	7e-132	 479
68_plant	gi|260424023|gb|GQ476738.1|	97.90	286	3	3	69	354	1	283	7e-132	 479
68_plant	gi|260424022|gb|GQ476737.1|	97.90	286	3	3	69	354	1	283	7e-132	 479
68_plant	gi|93099964|emb|AM114839.1|	95.75	306	9	4	50	354	1	303	7e-132	 479
68_plant	gi|93099948|emb|AM114823.1|	95.72	304	10	3	51	354	1	301	7e-132	 479
68_plant	gi|18451|emb|X15589.1|	95.79	309	6	6	47	354	1	303	7e-132	 479
68_plant	gi|93099953|emb|AM114828.1|	95.41	305	11	3	50	354	1	302	2e-131	 477
68_plant	gi|202073910|gb|FJ031107.1|	90.76	357	27	6	1	354	9	362	3e-130	 473
68_plant	gi|202073875|gb|FJ031072.1|	90.48	357	28	6	1	354	9	362	3e-129	 470
68_plant	gi|49037069|gb|AY634982.1|	90.22	358	29	6	1	354	10	365	4e-128	 466
68_plant	gi|256093979|emb|FN430811.1|	90.14	355	30	5	1	354	28	378	1e-127	 464
68_plant	gi|256093976|emb|FN430808.1|	90.14	355	30	5	1	354	22	372	1e-127	 464
68_plant	gi|256093972|emb|FN430804.1|	90.14	355	30	5	1	354	20	370	1e-127	 464
68_plant	gi|256093962|emb|FN430794.1|	90.14	355	30	5	1	354	29	379	1e-127	 464
68_plant	gi|202073969|gb|FJ031166.1|	90.20	357	29	6	1	354	9	362	1e-127	 464
68_plant	gi|202073914|gb|FJ031111.1|	89.92	357	30	6	1	354	9	362	1e-127	 464
68_plant	gi|49037131|gb|AY635044.1|	90.20	357	29	6	1	354	10	363	1e-127	 464
68_plant	gi|49037127|gb|AY635040.1|	90.20	357	29	6	1	354	10	363	1e-127	 464
68_plant	gi|49037115|gb|AY635028.1|	90.20	357	29	6	1	354	10	363	1e-127	 464
68_plant	gi|49037088|gb|AY635001.1|	90.22	358	28	7	1	354	10	364	5e-127	 462
68_plant	gi|49037045|gb|AY634958.1|	90.22	358	28	7	1	354	10	364	5e-127	 462
68_plant	gi|49037044|gb|AY634957.1|	90.22	358	28	7	1	354	10	364	5e-127	 462
68_plant	gi|49037036|gb|AY634949.1|	90.22	358	28	7	1	354	10	364	5e-127	 462
68_plant	gi|49037024|gb|AY634937.1|	90.22	358	28	7	1	354	10	364	5e-127	 462
68_plant	gi|260424029|gb|GQ476744.1|	96.50	286	7	3	69	354	1	283	2e-126	 461
68_plant	gi|256093968|emb|FN430800.1|	89.86	355	31	5	1	354	27	377	2e-126	 461
68_plant	gi|202073970|gb|FJ031167.1|	89.92	357	30	6	1	354	9	362	2e-126	 461
68_plant	gi|202073940|gb|FJ031137.1|	89.92	357	30	6	1	354	9	362	2e-126	 461
68_plant	gi|202073935|gb|FJ031132.1|	89.92	357	30	6	1	354	9	362	2e-126	 461
68_plant	gi|202073928|gb|FJ031125.1|	89.92	357	30	6	1	354	9	362	2e-126	 461
# BLASTN 2.2.23+
# Query:  66_plant
# Database: /home/rohinis/blastdb/blast_nt/nt
# Fields: query id, subject id, % identity, alignment length, mismatches, gap opens, q. start, q. end, s. start, s. end, evalue, bit score
# 100 hits found
66_plant	gi|260548752|gb|GQ891870.1|	99.44	356	1	1	1	355	9	364	2e-177	 630
66_plant	gi|260548753|gb|GQ891871.1|	99.16	356	2	1	1	355	9	364	7e-176	 625
66_plant	gi|260548758|gb|GQ891876.1|	98.31	356	5	1	1	355	9	364	5e-172	 612
66_plant	gi|260548761|gb|GQ891879.1|	98.03	356	6	1	1	355	9	364	2e-170	 607
66_plant	gi|260548751|gb|GQ891869.1|	96.93	358	8	3	1	355	9	366	6e-164	 585
66_plant	gi|260548759|gb|GQ891877.1|	95.81	358	12	3	1	355	9	366	2e-158	 567
66_plant	gi|62911111|gb|DQ003703.1|	99.35	310	1	1	47	355	1	310	2e-152	 547
66_plant	gi|62911108|gb|DQ003700.1|	99.35	310	1	1	47	355	1	310	2e-152	 547
66_plant	gi|62911105|gb|DQ003697.1|	98.39	310	4	1	47	355	1	310	3e-148	 533
66_plant	gi|62911104|gb|DQ003696.1|	98.39	310	4	1	47	355	1	310	3e-148	 533
66_plant	gi|260548749|gb|GQ891867.1|	97.77	314	6	1	43	355	1	314	1e-147	 531
66_plant	gi|157816222|gb|EF601912.1|	98.06	310	5	1	47	355	1	310	1e-147	 531
66_plant	gi|260548750|gb|GQ891868.1|	97.19	320	7	2	37	355	20	338	4e-147	 529
66_plant	gi|56544518|gb|AY833603.1|	98.06	310	5	1	47	355	1	310	4e-147	 529
66_plant	gi|62911103|gb|DQ003695.1|	98.06	310	5	1	47	355	1	310	4e-147	 529
66_plant	gi|62911077|gb|DQ003669.1|	98.06	310	5	1	47	355	1	310	4e-147	 529
66_plant	gi|62911076|gb|DQ003668.1|	98.06	310	5	1	47	355	1	310	4e-147	 529
66_plant	gi|62911061|gb|DQ003653.1|	98.06	310	5	1	47	355	1	310	4e-147	 529
66_plant	gi|62911060|gb|DQ003652.1|	98.06	310	5	1	47	355	1	310	4e-147	 529
66_plant	gi|254968261|gb|GQ268075.1|	98.07	311	4	2	47	355	1	311	1e-146	 527
66_plant	gi|254968252|gb|GQ268066.1|	97.74	310	6	1	47	355	1	310	2e-145	 524
66_plant	gi|62911073|gb|DQ003665.1|	97.74	310	6	1	47	355	1	310	2e-145	 524
66_plant	gi|62911059|gb|DQ003651.1|	97.74	310	6	1	47	355	1	310	2e-145	 524
66_plant	gi|62911063|gb|DQ003655.1|	97.42	310	7	1	47	355	1	310	2e-144	 520
66_plant	gi|254968242|gb|GQ268056.1|	97.10	310	8	1	47	355	1	310	9e-143	 515
66_plant	gi|6752428|gb|AF128099.1|AF128099	97.11	311	7	2	47	355	1	311	3e-142	 513
66_plant	gi|260548763|gb|GQ891881.1|	91.46	363	16	4	1	355	9	364	1e-141	 511
66_plant	gi|260548762|gb|GQ891880.1|	91.46	363	16	4	1	355	9	364	1e-141	 511
66_plant	gi|260548754|gb|GQ891872.1|	91.46	363	16	4	1	355	9	364	1e-141	 511
66_plant	gi|242347930|gb|GQ202252.1|	91.46	363	16	4	1	355	13	368	1e-141	 511
66_plant	gi|242347925|gb|GQ202247.1|	91.46	363	16	4	1	355	11	366	1e-141	 511
66_plant	gi|260548760|gb|GQ891878.1|	91.18	363	17	4	1	355	9	364	5e-140	 506
66_plant	gi|242347929|gb|GQ202251.1|	91.18	363	17	4	1	355	16	371	5e-140	 506
66_plant	gi|242347928|gb|GQ202250.1|	91.18	363	17	4	1	355	13	368	5e-140	 506
66_plant	gi|242347927|gb|GQ202249.1|	91.18	363	17	4	1	355	14	369	5e-140	 506
66_plant	gi|242347926|gb|GQ202248.1|	91.18	363	17	4	1	355	11	366	5e-140	 506
66_plant	gi|62911069|gb|DQ003661.1|	96.45	310	10	1	47	355	1	310	5e-140	 506
66_plant	gi|62911064|gb|DQ003656.1|	96.46	311	9	2	47	355	1	311	2e-139	 504
66_plant	gi|242347924|gb|GQ202246.1|	90.91	363	18	4	1	355	15	370	6e-139	 502
66_plant	gi|238696016|gb|FJ980406.1|	90.91	363	17	5	1	355	1	355	7e-138	 499
66_plant	gi|62911112|gb|DQ003704.1|	95.82	311	11	2	47	355	1	311	9e-137	 495
66_plant	gi|62911062|gb|DQ003654.1|	95.82	311	11	2	47	355	1	311	9e-137	 495
66_plant	gi|62911058|gb|DQ003650.1|	95.50	311	12	2	47	355	1	311	1e-135	 491
66_plant	gi|254968262|gb|GQ268076.1|	94.84	310	15	1	47	355	1	310	2e-133	 484
66_plant	gi|254968253|gb|GQ268067.1|	94.84	310	15	1	47	355	1	310	2e-133	 484
66_plant	gi|254968250|gb|GQ268064.1|	95.16	310	13	2	47	355	1	309	2e-133	 484
66_plant	gi|223036842|gb|FJ609733.1|	90.00	360	27	3	5	355	1	360	6e-133	 482
66_plant	gi|238696017|gb|FJ980407.1|	89.97	359	27	4	1	355	1	354	8e-131	 475
66_plant	gi|226968413|gb|FJ860088.1|	89.97	359	27	4	1	355	9	362	8e-131	 475
66_plant	gi|53680539|gb|AY746463.1|	89.69	359	28	4	1	355	3	356	1e-129	 471
66_plant	gi|53680537|gb|AY746461.1|	89.34	366	28	5	1	355	3	368	1e-129	 471
66_plant	gi|57638882|gb|AY722423.1|	99.25	268	1	1	89	355	1	268	1e-129	 471
66_plant	gi|53680538|gb|AY746462.1|	89.07	366	29	5	1	355	3	368	1e-128	 468
66_plant	gi|21158|emb|X15915.1|	89.04	365	28	6	1	355	183	545	5e-127	 462
66_plant	gi|21157|emb|X66325.1|	89.04	365	28	6	1	355	2053	2415	5e-127	 462
66_plant	gi|31442773|gb|AY254536.1|	89.91	347	25	5	18	355	1	346	8e-125	 455
66_plant	gi|57638880|gb|AY722421.1|	97.76	268	5	1	89	355	1	268	3e-124	 453
66_plant	gi|5523896|gb|AF100813.1|HGUAITS1	99.22	258	1	1	47	303	1	258	3e-124	 453
66_plant	gi|323574425|gb|HQ875454.1|	90.55	328	16	4	36	355	1	321	1e-122	 448
66_plant	gi|323574421|gb|HQ875450.1|	90.55	328	16	4	36	355	1	321	1e-122	 448
66_plant	gi|323574417|gb|HQ875446.1|	90.55	328	16	4	36	355	1	321	1e-122	 448
66_plant	gi|323574411|gb|HQ875440.1|	90.55	328	16	4	36	355	1	321	1e-122	 448
66_plant	gi|323574382|gb|HQ875411.1|	90.55	328	16	4	36	355	1	321	1e-122	 448
66_plant	gi|323574377|gb|HQ875406.1|	90.55	328	16	4	36	355	1	321	1e-122	 448
66_plant	gi|323574370|gb|HQ875399.1|	90.55	328	16	4	36	355	1	321	1e-122	 448
66_plant	gi|323574424|gb|HQ875453.1|	90.24	328	17	4	36	355	1	321	5e-121	 443
66_plant	gi|323574412|gb|HQ875441.1|	90.24	328	17	4	36	355	1	321	5e-121	 443
66_plant	gi|110826416|gb|DQ813301.1|	87.23	368	33	5	1	355	75	441	5e-121	 443
66_plant	gi|334904603|gb|JF827197.1|	87.57	362	35	4	4	355	1	362	2e-120	 441
66_plant	gi|323574385|gb|HQ875414.1|	89.94	328	18	4	36	355	1	321	6e-120	 439
66_plant	gi|323574383|gb|HQ875412.1|	89.94	328	18	4	36	355	1	321	6e-120	 439
66_plant	gi|334904599|gb|JF827193.1|	87.29	362	36	4	4	355	1	362	2e-119	 437
66_plant	gi|334904583|gb|JF827177.1|	87.29	362	36	4	4	355	1	362	2e-119	 437
66_plant	gi|334904581|gb|JF827175.1|	87.29	362	36	4	4	355	1	362	2e-119	 437
66_plant	gi|283825682|gb|GU246156.1|	88.00	350	34	3	14	355	1	350	2e-119	 437
66_plant	gi|14718885|gb|AF336166.1|AF336166S1	97.69	260	2	2	47	302	1	260	2e-119	 437
66_plant	gi|334904609|gb|JF827203.1|	87.33	363	34	5	4	355	1	362	7e-119	 435
66_plant	gi|334904586|gb|JF827180.1|	87.33	363	34	5	4	355	1	362	7e-119	 435
66_plant	gi|334904563|gb|JF827157.1|	87.26	361	36	4	5	355	2	362	7e-119	 435
66_plant	gi|334904561|gb|JF827155.1|	87.26	361	36	4	5	355	2	362	7e-119	 435
66_plant	gi|334904560|gb|JF827154.1|	87.26	361	36	4	5	355	2	362	7e-119	 435
66_plant	gi|222139385|gb|FJ593182.1|	87.09	364	33	5	5	355	1	363	7e-119	 435
66_plant	gi|5523908|gb|AF100825.1|HHUNITS1	97.67	258	5	1	47	303	1	258	7e-119	 435
66_plant	gi|5523906|gb|AF100823.1|HRUPITS1	97.67	258	5	1	47	303	1	258	7e-119	 435
66_plant	gi|334904565|gb|JF827159.1|	87.29	362	34	5	5	355	1	361	3e-118	 434
66_plant	gi|283825680|gb|GU246154.1|	87.71	350	35	3	14	355	1	350	3e-118	 434
66_plant	gi|283825681|gb|GU246155.1|	87.71	350	35	3	14	355	1	350	3e-118	 434
66_plant	gi|9789512|gb|AF263401.1|AF263401	87.64	364	32	7	1	355	9	368	3e-118	 434
66_plant	gi|334904594|gb|JF827188.1|	87.05	363	35	5	4	355	1	362	9e-118	 432
66_plant	gi|171850904|emb|AM905721.1|	88.60	351	29	7	15	355	1	350	9e-118	 432
66_plant	gi|119352068|gb|EF114671.1|	86.85	365	34	5	4	355	52	415	9e-118	 432
66_plant	gi|62911079|gb|DQ003671.1|	90.54	317	15	4	47	355	1	310	9e-118	 432
66_plant	gi|334904590|gb|JF827184.1|	87.02	362	35	5	5	355	1	361	3e-117	 430
66_plant	gi|157816213|gb|EF601903.1|	90.25	318	22	3	47	355	1	318	3e-117	 430
66_plant	gi|2791731|gb|AF039994.1|AF039994	97.30	259	5	2	47	303	1	259	3e-117	 430
66_plant	gi|334904578|gb|JF827172.1|	86.74	362	38	4	4	355	1	362	1e-116	 428
66_plant	gi|254968249|gb|GQ268063.1|	90.22	317	16	4	47	355	1	310	1e-116	 428
66_plant	gi|254968248|gb|GQ268062.1|	90.22	317	16	4	47	355	1	310	1e-116	 428
66_plant	gi|254968247|gb|GQ268061.1|	90.22	317	16	4	47	355	1	310	1e-116	 428
66_plant	gi|254968246|gb|GQ268060.1|	90.22	317	16	4	47	355	1	310	1e-116	 428
# BLASTN 2.2.23+
# Query:  97_plant
# Database: /home/rohinis/blastdb/blast_nt/nt
# Fields: query id, subject id, % identity, alignment length, mismatches, gap opens, q. start, q. end, s. start, s. end, evalue, bit score
# 100 hits found
97_plant	gi|68510387|gb|DQ092755.1|	98.74	317	3	1	1	317	2	317	3e-154	 553
97_plant	gi|41394440|gb|AY522434.1|	97.48	317	8	0	1	317	4	320	6e-151	 542
97_plant	gi|86371484|gb|DQ364236.1|	97.76	313	7	0	2	314	1	313	6e-151	 542
97_plant	gi|68510388|gb|DQ092756.1|	99.34	305	2	0	13	317	1	305	6e-151	 542
97_plant	gi|41394441|gb|AY522435.1|	98.08	312	6	0	6	317	1	312	2e-150	 540
97_plant	gi|58532708|gb|AY881171.1|	97.79	317	6	1	1	317	8	323	7e-150	 538
97_plant	gi|28932773|gb|AY216261.1|	97.76	313	7	0	5	317	1	313	3e-149	 536
97_plant	gi|41394361|gb|AY520821.1|	98.69	305	4	0	13	317	1	305	9e-149	 535
97_plant	gi|68510386|gb|DQ092754.1|	98.38	308	5	0	10	317	1	308	9e-149	 535
97_plant	gi|89275077|gb|DQ435067.1|	98.05	308	6	0	10	317	1	308	1e-147	 531
97_plant	gi|40786818|gb|AY497471.1|	97.46	315	7	1	3	317	1	314	1e-147	 531
97_plant	gi|4103049|gb|AF020000.1|AF020000	99.01	304	2	1	1	303	3	306	1e-147	 531
97_plant	gi|85062658|gb|DQ341307.1|	97.40	308	8	0	10	317	1	308	5e-146	 526
97_plant	gi|41394442|gb|AY522436.1|	98.35	303	5	0	15	317	1	303	2e-145	 524
97_plant	gi|86371483|gb|DQ364235.1|	98.35	303	5	0	15	317	1	303	2e-145	 524
97_plant	gi|85062657|gb|DQ341306.1|	97.70	305	7	0	13	317	1	305	2e-144	 520
97_plant	gi|58532706|gb|AY881169.1|	98.23	283	5	0	35	317	1	283	3e-135	 489
97_plant	gi|58532707|gb|AY881170.1|	98.21	280	5	0	38	317	1	280	5e-133	 482
97_plant	gi|58532704|gb|AY881167.1|	98.19	277	5	0	41	317	1	277	5e-133	 482
97_plant	gi|212004489|gb|EU833810.1|	99.26	271	2	0	47	317	1	271	2e-132	 480
97_plant	gi|212004481|gb|EU833802.1|	99.26	271	2	0	47	317	1	271	2e-132	 480
97_plant	gi|212004480|gb|EU833801.1|	99.26	271	2	0	47	317	1	271	2e-132	 480
97_plant	gi|212004478|gb|EU833799.1|	99.26	271	2	0	47	317	1	271	2e-132	 480
97_plant	gi|212004475|gb|EU833796.1|	99.26	271	2	0	47	317	1	271	2e-132	 480
97_plant	gi|212004474|gb|EU833795.1|	99.26	271	2	0	47	317	1	271	2e-132	 480
97_plant	gi|212004472|gb|EU833793.1|	99.26	271	2	0	47	317	1	271	2e-132	 480
97_plant	gi|212004471|gb|EU833792.1|	99.26	271	2	0	47	317	1	271	2e-132	 480
97_plant	gi|212004468|gb|EU833789.1|	99.26	271	2	0	47	317	1	271	2e-132	 480
97_plant	gi|212004460|gb|EU833781.1|	99.26	271	2	0	47	317	1	271	2e-132	 480
97_plant	gi|212004490|gb|EU833811.1|	98.89	271	3	0	47	317	1	271	7e-131	 475
97_plant	gi|212004482|gb|EU833803.1|	98.89	271	3	0	47	317	1	271	7e-131	 475
97_plant	gi|212004477|gb|EU833798.1|	98.89	271	3	0	47	317	1	271	7e-131	 475
97_plant	gi|212004476|gb|EU833797.1|	98.89	271	3	0	47	317	1	271	7e-131	 475
97_plant	gi|212004463|gb|EU833784.1|	98.89	271	3	0	47	317	1	271	7e-131	 475
97_plant	gi|89243568|gb|DQ406585.1|	96.53	288	9	1	31	317	1	288	3e-130	 473
97_plant	gi|212004479|gb|EU833800.1|	98.52	271	4	0	47	317	1	271	9e-130	 471
97_plant	gi|212004457|gb|EU833778.1|	98.52	271	4	0	47	317	1	271	9e-130	 471
97_plant	gi|212004450|gb|EU833771.1|	98.52	271	4	0	47	317	1	271	9e-130	 471
97_plant	gi|212004433|gb|EU833754.1|	98.52	271	4	0	47	317	1	271	9e-130	 471
97_plant	gi|212004432|gb|EU833753.1|	98.52	271	4	0	47	317	1	271	9e-130	 471
97_plant	gi|212004368|gb|EU833689.1|	98.52	271	4	0	47	317	1	271	9e-130	 471
97_plant	gi|212004360|gb|EU833681.1|	98.52	271	4	0	47	317	1	271	9e-130	 471
97_plant	gi|212004359|gb|EU833680.1|	98.52	271	4	0	47	317	1	271	9e-130	 471
97_plant	gi|212004357|gb|EU833678.1|	98.52	271	4	0	47	317	1	271	9e-130	 471
97_plant	gi|212004349|gb|EU833670.1|	98.52	271	4	0	47	317	1	271	9e-130	 471
97_plant	gi|212004492|gb|EU833813.1|	98.53	272	3	1	47	317	1	272	3e-129	 470
97_plant	gi|212004455|gb|EU833776.1|	98.88	268	3	0	47	314	1	268	3e-129	 470
97_plant	gi|119514750|gb|DQ995472.1|	98.52	271	3	1	47	317	1	270	1e-128	 468
97_plant	gi|254212143|gb|FJ794723.1|	98.15	271	5	0	47	317	1	271	4e-128	 466
97_plant	gi|212004503|gb|EU833824.1|	98.15	271	5	0	47	317	1	271	4e-128	 466
97_plant	gi|212004502|gb|EU833823.1|	98.15	271	5	0	47	317	1	271	4e-128	 466
97_plant	gi|212004499|gb|EU833820.1|	98.15	271	5	0	47	317	1	271	4e-128	 466
97_plant	gi|212004496|gb|EU833817.1|	98.15	271	5	0	47	317	1	271	4e-128	 466
97_plant	gi|212004473|gb|EU833794.1|	98.15	271	5	0	47	317	1	271	4e-128	 466
97_plant	gi|212004470|gb|EU833791.1|	98.15	271	5	0	47	317	1	271	4e-128	 466
97_plant	gi|212004467|gb|EU833788.1|	98.15	271	5	0	47	317	1	271	4e-128	 466
97_plant	gi|212004466|gb|EU833787.1|	98.15	271	5	0	47	317	1	271	4e-128	 466
97_plant	gi|212004464|gb|EU833785.1|	98.15	271	5	0	47	317	1	271	4e-128	 466
97_plant	gi|212004462|gb|EU833783.1|	98.15	271	5	0	47	317	1	271	4e-128	 466
97_plant	gi|212004456|gb|EU833777.1|	98.15	271	5	0	47	317	1	271	4e-128	 466
97_plant	gi|212004449|gb|EU833770.1|	98.15	271	5	0	47	317	1	271	4e-128	 466
97_plant	gi|212004438|gb|EU833759.1|	98.15	271	5	0	47	317	1	271	4e-128	 466
97_plant	gi|212004436|gb|EU833757.1|	98.15	271	5	0	47	317	1	271	4e-128	 466
97_plant	gi|212004427|gb|EU833748.1|	98.15	271	5	0	47	317	1	271	4e-128	 466
97_plant	gi|212004425|gb|EU833746.1|	98.15	271	5	0	47	317	1	271	4e-128	 466
97_plant	gi|212004424|gb|EU833745.1|	98.15	271	5	0	47	317	1	271	4e-128	 466
97_plant	gi|212004421|gb|EU833742.1|	98.15	271	5	0	47	317	1	271	4e-128	 466
97_plant	gi|212004420|gb|EU833741.1|	98.15	271	5	0	47	317	1	271	4e-128	 466
97_plant	gi|212004416|gb|EU833737.1|	98.15	271	5	0	47	317	1	271	4e-128	 466
97_plant	gi|212004415|gb|EU833736.1|	98.15	271	5	0	47	317	1	271	4e-128	 466
97_plant	gi|212004414|gb|EU833735.1|	98.15	271	5	0	47	317	1	271	4e-128	 466
97_plant	gi|212004413|gb|EU833734.1|	98.15	271	5	0	47	317	1	271	4e-128	 466
97_plant	gi|212004397|gb|EU833718.1|	98.15	271	5	0	47	317	1	271	4e-128	 466
97_plant	gi|212004395|gb|EU833716.1|	98.15	271	5	0	47	317	1	271	4e-128	 466
97_plant	gi|212004376|gb|EU833697.1|	98.15	271	5	0	47	317	1	271	4e-128	 466
97_plant	gi|212004375|gb|EU833696.1|	98.15	271	5	0	47	317	1	271	4e-128	 466
97_plant	gi|212004370|gb|EU833691.1|	98.15	271	5	0	47	317	1	271	4e-128	 466
97_plant	gi|212004367|gb|EU833688.1|	98.15	271	5	0	47	317	1	271	4e-128	 466
97_plant	gi|212004366|gb|EU833687.1|	98.15	271	5	0	47	317	1	271	4e-128	 466
97_plant	gi|212004363|gb|EU833684.1|	98.15	271	5	0	47	317	1	271	4e-128	 466
97_plant	gi|212004355|gb|EU833676.1|	98.15	271	5	0	47	317	1	271	4e-128	 466
97_plant	gi|212004353|gb|EU833674.1|	98.15	271	5	0	47	317	1	271	4e-128	 466
97_plant	gi|212004351|gb|EU833672.1|	98.15	271	5	0	47	317	1	271	4e-128	 466
97_plant	gi|212004350|gb|EU833671.1|	98.15	271	5	0	47	317	1	271	4e-128	 466
97_plant	gi|212004348|gb|EU833669.1|	98.15	271	5	0	47	317	1	271	4e-128	 466
97_plant	gi|212004347|gb|EU833668.1|	98.15	271	5	0	47	317	1	271	4e-128	 466
97_plant	gi|212004451|gb|EU833772.1|	98.16	272	4	1	47	317	1	272	1e-127	 464
97_plant	gi|119514731|gb|DQ995453.1|	97.79	271	5	1	47	317	1	270	1e-127	 464
97_plant	gi|212004500|gb|EU833821.1|	97.79	271	6	0	47	317	1	271	5e-127	 462
97_plant	gi|212004497|gb|EU833818.1|	97.79	271	6	0	47	317	1	271	5e-127	 462
97_plant	gi|212004488|gb|EU833809.1|	97.79	271	6	0	47	317	1	271	5e-127	 462
97_plant	gi|212004487|gb|EU833808.1|	97.79	271	6	0	47	317	1	271	5e-127	 462
97_plant	gi|212004486|gb|EU833807.1|	97.79	271	6	0	47	317	1	271	5e-127	 462
97_plant	gi|212004485|gb|EU833806.1|	97.79	271	6	0	47	317	1	271	5e-127	 462
97_plant	gi|212004484|gb|EU833805.1|	97.79	271	6	0	47	317	1	271	5e-127	 462
97_plant	gi|212004469|gb|EU833790.1|	97.79	271	6	0	47	317	1	271	5e-127	 462
97_plant	gi|212004465|gb|EU833786.1|	97.79	271	6	0	47	317	1	271	5e-127	 462
97_plant	gi|212004461|gb|EU833782.1|	97.79	271	6	0	47	317	1	271	5e-127	 462
97_plant	gi|212004459|gb|EU833780.1|	97.79	271	6	0	47	317	1	271	5e-127	 462
97_plant	gi|212004454|gb|EU833775.1|	97.79	271	6	0	47	317	1	271	5e-127	 462
# BLASTN 2.2.23+
# Query:  90_plant
# Database: /home/rohinis/blastdb/blast_nt/nt
# Fields: query id, subject id, % identity, alignment length, mismatches, gap opens, q. start, q. end, s. start, s. end, evalue, bit score
# 100 hits found
90_plant	gi|223036846|gb|FJ609737.1|	99.68	316	1	0	5	320	1	316	5e-158	 565
90_plant	gi|226968397|gb|FJ860072.1|	98.75	320	4	0	1	320	9	328	2e-156	 560
90_plant	gi|226968390|gb|FJ860065.1|	98.44	320	5	0	1	320	9	328	9e-155	 554
90_plant	gi|226968417|gb|FJ860092.1|	98.44	320	5	0	1	320	9	328	9e-155	 554
90_plant	gi|343198367|gb|JN009817.1|	98.11	317	6	0	4	320	1	317	5e-152	 545
90_plant	gi|343198364|gb|JN009814.1|	98.11	317	6	0	4	320	1	317	5e-152	 545
90_plant	gi|192763787|gb|EU617178.1|	98.11	317	6	0	4	320	1	317	5e-152	 545
90_plant	gi|192763768|gb|EU617159.1|	98.11	317	6	0	4	320	1	317	5e-152	 545
90_plant	gi|192763766|gb|EU617157.1|	98.11	317	6	0	4	320	1	317	5e-152	 545
90_plant	gi|192763764|gb|EU617155.1|	98.11	317	6	0	4	320	1	317	5e-152	 545
90_plant	gi|192763762|gb|EU617153.1|	98.11	317	6	0	4	320	1	317	5e-152	 545
90_plant	gi|192763755|gb|EU617146.1|	98.11	317	6	0	4	320	1	317	5e-152	 545
90_plant	gi|192763754|gb|EU617145.1|	98.11	317	6	0	4	320	1	317	5e-152	 545
90_plant	gi|192763753|gb|EU617144.1|	98.11	317	6	0	4	320	1	317	5e-152	 545
90_plant	gi|192763752|gb|EU617143.1|	98.11	317	6	0	4	320	1	317	5e-152	 545
90_plant	gi|192763750|gb|EU617141.1|	98.11	317	6	0	4	320	1	317	5e-152	 545
90_plant	gi|192763723|gb|EU617114.1|	98.11	317	6	0	4	320	1	317	5e-152	 545
90_plant	gi|192763699|gb|EU617090.1|	98.11	317	6	0	4	320	1	317	5e-152	 545
90_plant	gi|192763698|gb|EU617089.1|	98.11	317	6	0	4	320	1	317	5e-152	 545
90_plant	gi|192763696|gb|EU617087.1|	98.11	317	6	0	4	320	1	317	5e-152	 545
90_plant	gi|192763694|gb|EU617085.1|	98.11	317	6	0	4	320	1	317	5e-152	 545
90_plant	gi|192763687|gb|EU617078.1|	98.11	317	6	0	4	320	1	317	5e-152	 545
90_plant	gi|192763686|gb|EU617077.1|	98.11	317	6	0	4	320	1	317	5e-152	 545
90_plant	gi|192763678|gb|EU617069.1|	98.11	317	6	0	4	320	1	317	5e-152	 545
90_plant	gi|192763677|gb|EU617068.1|	98.11	317	6	0	4	320	1	317	5e-152	 545
90_plant	gi|192763675|gb|EU617066.1|	98.11	317	6	0	4	320	1	317	5e-152	 545
90_plant	gi|192763674|gb|EU617065.1|	98.11	317	6	0	4	320	1	317	5e-152	 545
90_plant	gi|192763670|gb|EU617061.1|	98.11	317	6	0	4	320	1	317	5e-152	 545
90_plant	gi|192763667|gb|EU617058.1|	98.11	317	6	0	4	320	1	317	5e-152	 545
90_plant	gi|192763664|gb|EU617055.1|	98.11	317	6	0	4	320	1	317	5e-152	 545
90_plant	gi|192763658|gb|EU617049.1|	98.11	317	6	0	4	320	1	317	5e-152	 545
90_plant	gi|192763657|gb|EU617048.1|	98.11	317	6	0	4	320	1	317	5e-152	 545
90_plant	gi|192763651|gb|EU617042.1|	98.11	317	6	0	4	320	1	317	5e-152	 545
90_plant	gi|192763649|gb|EU617040.1|	98.11	317	6	0	4	320	1	317	5e-152	 545
90_plant	gi|192763648|gb|EU617039.1|	98.11	317	6	0	4	320	1	317	5e-152	 545
90_plant	gi|58615565|gb|AY740845.1|	98.11	317	6	0	4	320	1	317	5e-152	 545
90_plant	gi|58615564|gb|AY740844.1|	98.11	317	6	0	4	320	1	317	5e-152	 545
90_plant	gi|209962750|gb|FJ196304.1|	98.07	311	6	0	10	320	1	311	2e-151	 544
90_plant	gi|52631893|gb|AY705894.1|	97.50	320	8	0	1	320	63	382	2e-151	 544
90_plant	gi|343198375|gb|JN009825.1|	97.79	317	7	0	4	320	1	317	2e-150	 540
90_plant	gi|343198366|gb|JN009816.1|	97.79	317	7	0	4	320	1	317	2e-150	 540
90_plant	gi|343198373|gb|JN009823.1|	97.79	317	7	0	4	320	1	317	2e-150	 540
90_plant	gi|310687329|gb|HQ285920.1|	99.34	304	2	0	17	320	1	304	2e-150	 540
90_plant	gi|192763818|gb|EU617209.1|	97.79	317	7	0	4	320	1	317	2e-150	 540
90_plant	gi|192763771|gb|EU617162.1|	97.79	317	7	0	4	320	1	317	2e-150	 540
90_plant	gi|192763767|gb|EU617158.1|	97.79	317	7	0	4	320	1	317	2e-150	 540
90_plant	gi|192763765|gb|EU617156.1|	97.79	317	7	0	4	320	1	317	2e-150	 540
90_plant	gi|192763763|gb|EU617154.1|	97.79	317	7	0	4	320	1	317	2e-150	 540
90_plant	gi|192763751|gb|EU617142.1|	97.79	317	7	0	4	320	1	317	2e-150	 540
90_plant	gi|192763749|gb|EU617140.1|	97.79	317	7	0	4	320	1	317	2e-150	 540
90_plant	gi|192763747|gb|EU617138.1|	97.79	317	7	0	4	320	1	317	2e-150	 540
90_plant	gi|192763709|gb|EU617100.1|	97.79	317	7	0	4	320	1	317	2e-150	 540
90_plant	gi|192763708|gb|EU617099.1|	97.79	317	7	0	4	320	1	317	2e-150	 540
90_plant	gi|192763669|gb|EU617060.1|	97.79	317	7	0	4	320	1	317	2e-150	 540
90_plant	gi|192763660|gb|EU617051.1|	97.79	317	7	0	4	320	1	317	2e-150	 540
90_plant	gi|192763659|gb|EU617050.1|	97.79	317	7	0	4	320	1	317	2e-150	 540
90_plant	gi|58615620|gb|AY740900.1|	97.79	317	7	0	4	320	1	317	2e-150	 540
90_plant	gi|58615600|gb|AY740880.1|	97.79	317	7	0	4	320	1	317	2e-150	 540
90_plant	gi|58615591|gb|AY740871.1|	97.79	317	7	0	4	320	1	317	2e-150	 540
90_plant	gi|58615585|gb|AY740865.1|	97.79	317	7	0	4	320	1	317	2e-150	 540
90_plant	gi|58615581|gb|AY740861.1|	97.79	317	7	0	4	320	1	317	2e-150	 540
90_plant	gi|58615580|gb|AY740860.1|	97.79	317	7	0	4	320	1	317	2e-150	 540
90_plant	gi|58615547|gb|AY740827.1|	97.79	317	7	0	4	320	1	317	2e-150	 540
90_plant	gi|58615546|gb|AY740826.1|	97.79	317	7	0	4	320	1	317	2e-150	 540
90_plant	gi|58615518|gb|AY740798.1|	97.79	317	7	0	4	320	1	317	2e-150	 540
90_plant	gi|58615516|gb|AY740796.1|	97.79	317	7	0	4	320	1	317	2e-150	 540
90_plant	gi|343198358|gb|JN009808.1|	97.48	317	8	0	4	320	1	317	7e-150	 538
90_plant	gi|343198383|gb|JN009833.1|	97.48	317	8	0	4	320	1	317	3e-149	 536
90_plant	gi|343198379|gb|JN009829.1|	97.48	317	8	0	4	320	1	317	3e-149	 536
90_plant	gi|343198382|gb|JN009832.1|	97.48	317	8	0	4	320	1	317	3e-149	 536
90_plant	gi|343198365|gb|JN009815.1|	97.48	317	8	0	4	320	1	317	3e-149	 536
90_plant	gi|192763826|gb|EU617217.1|	97.48	317	8	0	4	320	1	317	3e-149	 536
90_plant	gi|192763824|gb|EU617215.1|	97.48	317	8	0	4	320	1	317	3e-149	 536
90_plant	gi|192763822|gb|EU617213.1|	97.48	317	8	0	4	320	1	317	3e-149	 536
90_plant	gi|192763806|gb|EU617197.1|	97.48	317	8	0	4	320	1	317	3e-149	 536
90_plant	gi|192763717|gb|EU617108.1|	97.48	317	8	0	4	320	1	317	3e-149	 536
90_plant	gi|192763671|gb|EU617062.1|	97.48	317	8	0	4	320	1	317	3e-149	 536
90_plant	gi|52631897|gb|AY705898.1|	97.19	320	9	0	1	320	63	382	3e-149	 536
90_plant	gi|52631895|gb|AY705896.1|	97.19	320	9	0	1	320	63	382	3e-149	 536
90_plant	gi|52631894|gb|AY705895.1|	97.19	320	9	0	1	320	63	382	3e-149	 536
90_plant	gi|58615606|gb|AY740886.1|	97.48	317	8	0	4	320	1	317	3e-149	 536
90_plant	gi|58615602|gb|AY740882.1|	97.48	317	8	0	4	320	1	317	3e-149	 536
90_plant	gi|58615594|gb|AY740874.1|	97.48	317	8	0	4	320	1	317	3e-149	 536
90_plant	gi|58615593|gb|AY740873.1|	97.48	317	8	0	4	320	1	317	3e-149	 536
90_plant	gi|58615592|gb|AY740872.1|	97.48	317	8	0	4	320	1	317	3e-149	 536
90_plant	gi|58615590|gb|AY740870.1|	97.48	317	8	0	4	320	1	317	3e-149	 536
90_plant	gi|58615563|gb|AY740843.1|	97.48	317	8	0	4	320	1	317	3e-149	 536
90_plant	gi|58615541|gb|AY740821.1|	97.48	317	8	0	4	320	1	317	3e-149	 536
90_plant	gi|58615539|gb|AY740819.1|	97.48	317	8	0	4	320	1	317	3e-149	 536
90_plant	gi|58615533|gb|AY740813.1|	97.48	317	8	0	4	320	1	317	3e-149	 536
90_plant	gi|52631896|gb|AY705897.1|	96.88	320	10	0	1	320	63	382	9e-149	 535
90_plant	gi|192763746|gb|EU617137.1|	97.48	317	7	1	4	320	1	316	3e-148	 533
90_plant	gi|58615618|gb|AY740898.1|	97.48	317	7	1	4	320	1	316	3e-148	 533
90_plant	gi|58615573|gb|AY740853.1|	97.48	317	7	1	4	320	1	316	3e-148	 533
90_plant	gi|58615570|gb|AY740850.1|	97.48	317	7	1	4	320	1	316	3e-148	 533
90_plant	gi|58615558|gb|AY740838.1|	97.48	317	7	1	4	320	1	316	3e-148	 533
90_plant	gi|343198378|gb|JN009828.1|	97.16	317	9	0	4	320	1	317	1e-147	 531
90_plant	gi|343198374|gb|JN009824.1|	97.16	317	9	0	4	320	1	317	1e-147	 531
90_plant	gi|343198371|gb|JN009821.1|	97.16	317	9	0	4	320	1	317	1e-147	 531
90_plant	gi|343198363|gb|JN009813.1|	97.16	317	9	0	4	320	1	317	1e-147	 531
