# BLASTN 2.2.23+
# Query:  0 Archaeal2.Caf..2005_16233
# Database: /home/rohinis/blastdb/blast_nt/nt
# Fields: query id, subject id, % identity, alignment length, mismatches, gap opens, q. start, q. end, s. start, s. end, evalue, bit score
# 102 hits found
0	gi|329138943|tpg|BK006945.2|	99.40	333	0	2	1	332	457665	457334	6e-164	 585
0	gi|329138943|tpg|BK006945.2|	99.40	333	0	2	1	332	466802	466471	6e-164	 585
0	gi|326910516|gb|HQ999661.1|	99.40	333	0	2	1	332	48	379	6e-164	 585
0	gi|315113475|pdb|3O30|1	99.40	333	0	2	1	332	68	399	6e-164	 585
0	gi|315113447|pdb|3O2Z|1	99.40	333	0	2	1	332	68	399	6e-164	 585
0	gi|313103744|pdb|3IZE|A	99.40	333	0	2	1	332	68	399	6e-164	 585
0	gi|299893379|gb|GU188366.1|	99.40	333	0	2	1	332	12	343	6e-164	 585
0	gi|299893340|gb|GU188327.1|	99.40	333	0	2	1	332	4	335	6e-164	 585
0	gi|299893339|gb|GU188326.1|	99.40	333	0	2	1	332	4	335	6e-164	 585
0	gi|299893338|gb|GU188325.1|	99.40	333	0	2	1	332	4	335	6e-164	 585
0	gi|298258756|gb|HM134859.1|	99.40	333	0	2	1	332	26	357	6e-164	 585
0	gi|283500321|gb|GU266277.1|	99.40	333	0	2	1	332	65	396	6e-164	 585
0	gi|267850666|gb|GU126737.1|	99.40	333	0	2	1	332	5	336	6e-164	 585
0	gi|267850665|gb|GU126736.1|	99.40	333	0	2	1	332	5	336	6e-164	 585
0	gi|267850664|gb|GU126735.1|	99.40	333	0	2	1	332	5	336	6e-164	 585
0	gi|234195362|gb|FJ393432.1|	99.40	333	0	2	1	332	50	381	6e-164	 585
0	gi|259147931|emb|FN393078.1|	99.40	333	0	2	1	332	436922	436591	6e-164	 585
0	gi|259147931|emb|FN393078.1|	99.40	333	0	2	1	332	446008	445677	6e-164	 585
0	gi|167989650|gb|EU326665.1|	99.40	333	0	2	1	332	66	397	6e-164	 585
0	gi|167989649|gb|EU326664.1|	99.40	333	0	2	1	332	66	397	6e-164	 585
0	gi|167989647|gb|EU326662.1|	99.40	333	0	2	1	332	66	397	6e-164	 585
0	gi|167989643|gb|EU326658.1|	99.40	333	0	2	1	332	66	397	6e-164	 585
0	gi|167989641|gb|EU326656.1|	99.40	333	0	2	1	332	66	397	6e-164	 585
0	gi|167989640|gb|EU326655.1|	99.40	333	0	2	1	332	66	397	6e-164	 585
0	gi|167989635|gb|EU326650.1|	99.40	333	0	2	1	332	66	397	6e-164	 585
0	gi|167989634|gb|EU326649.1|	99.40	333	0	2	1	332	66	397	6e-164	 585
0	gi|167989629|gb|EU326645.1|	99.40	333	0	2	1	332	66	397	6e-164	 585
0	gi|167989628|gb|EU326644.1|	99.40	333	0	2	1	332	66	397	6e-164	 585
0	gi|167989627|gb|EU326643.1|	99.40	333	0	2	1	332	66	397	6e-164	 585
0	gi|167989626|gb|EU326642.1|	99.40	333	0	2	1	332	66	397	6e-164	 585
0	gi|167989625|gb|EU326641.1|	99.40	333	0	2	1	332	66	397	6e-164	 585
0	gi|167989622|gb|EU326638.1|	99.40	333	0	2	1	332	66	397	6e-164	 585
0	gi|167989620|gb|EU326636.1|	99.40	333	0	2	1	332	66	397	6e-164	 585
0	gi|167989619|gb|EU326635.1|	99.40	333	0	2	1	332	66	397	6e-164	 585
0	gi|167989616|gb|EU326632.1|	99.40	333	0	2	1	332	61	392	6e-164	 585
0	gi|167989615|gb|EU326631.1|	99.40	333	0	2	1	332	66	397	6e-164	 585
0	gi|167989614|gb|EU326630.1|	99.40	333	0	2	1	332	66	397	6e-164	 585
0	gi|167989613|gb|EU326629.1|	99.40	333	0	2	1	332	66	397	6e-164	 585
0	gi|167989612|gb|EU326628.1|	99.40	333	0	2	1	332	66	397	6e-164	 585
0	gi|167989609|gb|EU326625.1|	99.40	333	0	2	1	332	66	397	6e-164	 585
0	gi|167989606|gb|EU326622.1|	99.40	333	0	2	1	332	66	397	6e-164	 585
0	gi|167989605|gb|EU326621.1|	99.40	333	0	2	1	332	66	397	6e-164	 585
0	gi|167989604|gb|EU326620.1|	99.40	333	0	2	1	332	66	397	6e-164	 585
0	gi|167989597|gb|EU326613.1|	99.40	333	0	2	1	332	66	397	6e-164	 585
0	gi|167989596|gb|EU326612.1|	99.40	333	0	2	1	332	66	397	6e-164	 585
0	gi|167989595|gb|EU326611.1|	99.40	333	0	2	1	332	66	397	6e-164	 585
0	gi|183584920|gb|EU595876.1|	99.40	333	0	2	1	332	17	348	6e-164	 585
0	gi|158819369|gb|EU011664.1|	99.40	333	0	2	1	332	14	345	6e-164	 585
0	gi|124302168|gb|EF212442.1|	99.40	333	0	2	1	332	44	375	6e-164	 585
0	gi|124377859|tpd|BR000309.1|	99.40	333	0	2	1	332	6620	6951	6e-164	 585
0	gi|120971643|gb|EF153845.1|	99.40	333	0	2	1	332	56	387	6e-164	 585
0	gi|120971637|gb|EF153844.1|	99.40	333	0	2	1	332	70	401	6e-164	 585
0	gi|119710093|gb|EF186908.1|	99.40	333	0	2	1	332	18	349	6e-164	 585
0	gi|118123421|dbj|AB278124.1|	99.40	333	0	2	1	332	7	338	6e-164	 585
0	gi|113060056|gb|DQ888227.1|	99.40	333	0	2	1	332	991	1322	6e-164	 585
0	gi|55273935|gb|AY799853.1|	99.40	333	0	2	1	332	21	352	6e-164	 585
0	gi|89243215|gb|DQ427066.1|	99.40	333	0	2	1	332	46	377	6e-164	 585
0	gi|89242470|gb|DQ355506.1|	99.40	333	0	2	1	332	50	381	6e-164	 585
0	gi|88854305|gb|DQ345290.1|	99.40	333	0	2	1	332	65	396	6e-164	 585
0	gi|88854303|gb|DQ345288.1|	99.40	333	0	2	1	332	63	394	6e-164	 585
0	gi|88854300|gb|DQ345285.1|	99.40	333	0	2	1	332	65	396	6e-164	 585
0	gi|88854295|gb|DQ345280.1|	99.40	333	0	2	1	332	1532	1201	6e-164	 585
0	gi|88854294|gb|DQ345279.1|	99.40	333	0	2	1	332	65	396	6e-164	 585
0	gi|33114591|gb|AY325966.1|AY325966S1	99.40	333	0	2	1	332	64	395	6e-164	 585
0	gi|31746905|gb|AY046249.1|	99.40	333	0	2	1	332	29	360	6e-164	 585
0	gi|31746891|gb|AY046235.1|	99.40	333	0	2	1	332	47	378	6e-164	 585
0	gi|31746889|gb|AY046233.1|	99.40	333	0	2	1	332	47	378	6e-164	 585
0	gi|31746887|gb|AY046231.1|	99.40	333	0	2	1	332	47	378	6e-164	 585
0	gi|31746883|gb|AY046227.1|	99.40	333	0	2	1	332	47	378	6e-164	 585
0	gi|31746882|gb|AY046226.1|	99.40	333	0	2	1	332	47	378	6e-164	 585
0	gi|31746881|gb|AY046225.1|	99.40	333	0	2	1	332	47	378	6e-164	 585
0	gi|70067231|dbj|AB198186.1|	99.40	333	0	2	1	332	70	401	6e-164	 585
0	gi|70067228|dbj|AB198185.1|	99.40	333	0	2	1	332	56	387	6e-164	 585
0	gi|70067225|dbj|AB198184.1|	99.40	333	0	2	1	332	68	399	6e-164	 585
0	gi|46019944|emb|AJ634601.1|	99.40	333	0	2	1	332	40	371	6e-164	 585
0	gi|29470207|gb|AY251636.1|	99.40	333	0	2	1	332	68	399	6e-164	 585
0	gi|29470205|gb|AY251634.1|	99.40	333	0	2	1	332	68	399	6e-164	 585
0	gi|29470202|gb|AY251631.1|	99.40	333	0	2	1	332	68	399	6e-164	 585
0	gi|29470201|gb|AY251630.1|	99.40	333	0	2	1	332	68	399	6e-164	 585
0	gi|29470200|gb|AY251629.1|	99.40	333	0	2	1	332	68	399	6e-164	 585
0	gi|29470194|gb|AY251623.1|	99.40	333	0	2	1	332	68	399	6e-164	 585
0	gi|29124950|gb|AY218892.1|	99.40	333	0	2	1	332	44	375	6e-164	 585
0	gi|29124948|gb|AY218890.1|	99.40	333	0	2	1	332	44	375	6e-164	 585
0	gi|29124947|gb|AY218889.1|	99.40	333	0	2	1	332	44	375	6e-164	 585
0	gi|29124944|gb|AY218888.1|	99.40	333	0	2	1	332	45	376	6e-164	 585
0	gi|46405678|gb|AY520274.1|	99.40	333	0	2	1	332	30	361	6e-164	 585
0	gi|46405648|gb|AY520244.1|	99.40	333	0	2	1	332	30	361	6e-164	 585
0	gi|26453343|dbj|AB086239.1|	99.40	333	0	2	1	332	47	378	6e-164	 585
0	gi|26453342|dbj|AB086238.1|	99.40	333	0	2	1	332	47	378	6e-164	 585
0	gi|21700114|dbj|AB087377.1|	99.40	333	0	2	1	332	47	378	6e-164	 585
0	gi|21700112|dbj|AB087375.1|	99.40	333	0	2	1	332	47	378	6e-164	 585
0	gi|21700111|dbj|AB087374.1|	99.40	333	0	2	1	332	47	378	6e-164	 585
0	gi|11071290|emb|AJ271812.1|	99.40	333	0	2	1	332	65	396	6e-164	 585
0	gi|11071289|emb|AJ271811.1|	99.40	333	0	2	1	332	65	396	6e-164	 585
0	gi|7592664|dbj|AB040998.1|	99.40	333	0	2	1	332	47	378	6e-164	 585
0	gi|7592663|dbj|AB040997.1|	99.40	333	0	2	1	332	47	378	6e-164	 585
0	gi|2190514|emb|X97805.1|	99.40	333	0	2	1	332	65	396	6e-164	 585
0	gi|2190509|emb|Z75578.1|	99.40	333	0	2	1	332	68	399	6e-164	 585
0	gi|2117314|emb|X97807.1|	99.40	333	0	2	1	332	64	395	6e-164	 585
0	gi|2117313|emb|X99525.1|	99.40	333	0	2	1	332	52	383	6e-164	 585
0	gi|2117295|emb|X97806.1|	99.40	333	0	2	1	332	65	396	6e-164	 585
0	gi|2117292|emb|X97777.1|	99.40	333	0	2	1	332	65	396	6e-164	 585
# BLASTN 2.2.23+
# Query:  1 Cafe.2005_33977
# Database: /home/rohinis/blastdb/blast_nt/nt
# Fields: query id, subject id, % identity, alignment length, mismatches, gap opens, q. start, q. end, s. start, s. end, evalue, bit score
# 102 hits found
1	gi|329138943|tpg|BK006945.2|	99.70	331	0	1	1	330	457664	457334	5e-165	 589
1	gi|329138943|tpg|BK006945.2|	99.70	331	0	1	1	330	466801	466471	5e-165	 589
1	gi|326910516|gb|HQ999661.1|	99.70	331	0	1	1	330	49	379	5e-165	 589
1	gi|315113475|pdb|3O30|1	99.70	331	0	1	1	330	69	399	5e-165	 589
1	gi|315113447|pdb|3O2Z|1	99.70	331	0	1	1	330	69	399	5e-165	 589
1	gi|313103744|pdb|3IZE|A	99.70	331	0	1	1	330	69	399	5e-165	 589
1	gi|299893379|gb|GU188366.1|	99.70	331	0	1	1	330	13	343	5e-165	 589
1	gi|299893340|gb|GU188327.1|	99.70	331	0	1	1	330	5	335	5e-165	 589
1	gi|299893339|gb|GU188326.1|	99.70	331	0	1	1	330	5	335	5e-165	 589
1	gi|299893338|gb|GU188325.1|	99.70	331	0	1	1	330	5	335	5e-165	 589
1	gi|298258756|gb|HM134859.1|	99.70	331	0	1	1	330	27	357	5e-165	 589
1	gi|283500321|gb|GU266277.1|	99.70	331	0	1	1	330	66	396	5e-165	 589
1	gi|267850666|gb|GU126737.1|	99.70	331	0	1	1	330	6	336	5e-165	 589
1	gi|267850665|gb|GU126736.1|	99.70	331	0	1	1	330	6	336	5e-165	 589
1	gi|267850664|gb|GU126735.1|	99.70	331	0	1	1	330	6	336	5e-165	 589
1	gi|234195362|gb|FJ393432.1|	99.70	331	0	1	1	330	51	381	5e-165	 589
1	gi|259221121|gb|GQ506977.1|	99.70	331	0	1	1	330	1	331	5e-165	 589
1	gi|259147931|emb|FN393078.1|	99.70	331	0	1	1	330	436921	436591	5e-165	 589
1	gi|259147931|emb|FN393078.1|	99.70	331	0	1	1	330	446007	445677	5e-165	 589
1	gi|167989650|gb|EU326665.1|	99.70	331	0	1	1	330	67	397	5e-165	 589
1	gi|167989649|gb|EU326664.1|	99.70	331	0	1	1	330	67	397	5e-165	 589
1	gi|167989647|gb|EU326662.1|	99.70	331	0	1	1	330	67	397	5e-165	 589
1	gi|167989643|gb|EU326658.1|	99.70	331	0	1	1	330	67	397	5e-165	 589
1	gi|167989641|gb|EU326656.1|	99.70	331	0	1	1	330	67	397	5e-165	 589
1	gi|167989640|gb|EU326655.1|	99.70	331	0	1	1	330	67	397	5e-165	 589
1	gi|167989635|gb|EU326650.1|	99.70	331	0	1	1	330	67	397	5e-165	 589
1	gi|167989634|gb|EU326649.1|	99.70	331	0	1	1	330	67	397	5e-165	 589
1	gi|167989629|gb|EU326645.1|	99.70	331	0	1	1	330	67	397	5e-165	 589
1	gi|167989628|gb|EU326644.1|	99.70	331	0	1	1	330	67	397	5e-165	 589
1	gi|167989627|gb|EU326643.1|	99.70	331	0	1	1	330	67	397	5e-165	 589
1	gi|167989626|gb|EU326642.1|	99.70	331	0	1	1	330	67	397	5e-165	 589
1	gi|167989625|gb|EU326641.1|	99.70	331	0	1	1	330	67	397	5e-165	 589
1	gi|167989622|gb|EU326638.1|	99.70	331	0	1	1	330	67	397	5e-165	 589
1	gi|167989620|gb|EU326636.1|	99.70	331	0	1	1	330	67	397	5e-165	 589
1	gi|167989619|gb|EU326635.1|	99.70	331	0	1	1	330	67	397	5e-165	 589
1	gi|167989616|gb|EU326632.1|	99.70	331	0	1	1	330	62	392	5e-165	 589
1	gi|167989615|gb|EU326631.1|	99.70	331	0	1	1	330	67	397	5e-165	 589
1	gi|167989614|gb|EU326630.1|	99.70	331	0	1	1	330	67	397	5e-165	 589
1	gi|167989613|gb|EU326629.1|	99.70	331	0	1	1	330	67	397	5e-165	 589
1	gi|167989612|gb|EU326628.1|	99.70	331	0	1	1	330	67	397	5e-165	 589
1	gi|167989609|gb|EU326625.1|	99.70	331	0	1	1	330	67	397	5e-165	 589
1	gi|167989606|gb|EU326622.1|	99.70	331	0	1	1	330	67	397	5e-165	 589
1	gi|167989605|gb|EU326621.1|	99.70	331	0	1	1	330	67	397	5e-165	 589
1	gi|167989604|gb|EU326620.1|	99.70	331	0	1	1	330	67	397	5e-165	 589
1	gi|167989597|gb|EU326613.1|	99.70	331	0	1	1	330	67	397	5e-165	 589
1	gi|167989596|gb|EU326612.1|	99.70	331	0	1	1	330	67	397	5e-165	 589
1	gi|167989595|gb|EU326611.1|	99.70	331	0	1	1	330	67	397	5e-165	 589
1	gi|183584920|gb|EU595876.1|	99.70	331	0	1	1	330	18	348	5e-165	 589
1	gi|158819369|gb|EU011664.1|	99.70	331	0	1	1	330	15	345	5e-165	 589
1	gi|124302168|gb|EF212442.1|	99.70	331	0	1	1	330	45	375	5e-165	 589
1	gi|124377859|tpd|BR000309.1|	99.70	331	0	1	1	330	6621	6951	5e-165	 589
1	gi|120971643|gb|EF153845.1|	99.70	331	0	1	1	330	57	387	5e-165	 589
1	gi|120971637|gb|EF153844.1|	99.70	331	0	1	1	330	71	401	5e-165	 589
1	gi|119710093|gb|EF186908.1|	99.70	331	0	1	1	330	19	349	5e-165	 589
1	gi|118123421|dbj|AB278124.1|	99.70	331	0	1	1	330	8	338	5e-165	 589
1	gi|113060056|gb|DQ888227.1|	99.70	331	0	1	1	330	992	1322	5e-165	 589
1	gi|55273935|gb|AY799853.1|	99.70	331	0	1	1	330	22	352	5e-165	 589
1	gi|89243215|gb|DQ427066.1|	99.70	331	0	1	1	330	47	377	5e-165	 589
1	gi|89242470|gb|DQ355506.1|	99.70	331	0	1	1	330	51	381	5e-165	 589
1	gi|88854305|gb|DQ345290.1|	99.70	331	0	1	1	330	66	396	5e-165	 589
1	gi|88854303|gb|DQ345288.1|	99.70	331	0	1	1	330	64	394	5e-165	 589
1	gi|88854300|gb|DQ345285.1|	99.70	331	0	1	1	330	66	396	5e-165	 589
1	gi|88854295|gb|DQ345280.1|	99.70	331	0	1	1	330	1531	1201	5e-165	 589
1	gi|88854294|gb|DQ345279.1|	99.70	331	0	1	1	330	66	396	5e-165	 589
1	gi|33114591|gb|AY325966.1|AY325966S1	99.70	331	0	1	1	330	65	395	5e-165	 589
1	gi|31746905|gb|AY046249.1|	99.70	331	0	1	1	330	30	360	5e-165	 589
1	gi|31746891|gb|AY046235.1|	99.70	331	0	1	1	330	48	378	5e-165	 589
1	gi|31746889|gb|AY046233.1|	99.70	331	0	1	1	330	48	378	5e-165	 589
1	gi|31746887|gb|AY046231.1|	99.70	331	0	1	1	330	48	378	5e-165	 589
1	gi|31746883|gb|AY046227.1|	99.70	331	0	1	1	330	48	378	5e-165	 589
1	gi|31746882|gb|AY046226.1|	99.70	331	0	1	1	330	48	378	5e-165	 589
1	gi|31746881|gb|AY046225.1|	99.70	331	0	1	1	330	48	378	5e-165	 589
1	gi|70067231|dbj|AB198186.1|	99.70	331	0	1	1	330	71	401	5e-165	 589
1	gi|70067228|dbj|AB198185.1|	99.70	331	0	1	1	330	57	387	5e-165	 589
1	gi|70067225|dbj|AB198184.1|	99.70	331	0	1	1	330	69	399	5e-165	 589
1	gi|46019944|emb|AJ634601.1|	99.70	331	0	1	1	330	41	371	5e-165	 589
1	gi|29470207|gb|AY251636.1|	99.70	331	0	1	1	330	69	399	5e-165	 589
1	gi|29470205|gb|AY251634.1|	99.70	331	0	1	1	330	69	399	5e-165	 589
1	gi|29470202|gb|AY251631.1|	99.70	331	0	1	1	330	69	399	5e-165	 589
1	gi|29470201|gb|AY251630.1|	99.70	331	0	1	1	330	69	399	5e-165	 589
1	gi|29470200|gb|AY251629.1|	99.70	331	0	1	1	330	69	399	5e-165	 589
1	gi|29470194|gb|AY251623.1|	99.70	331	0	1	1	330	69	399	5e-165	 589
1	gi|29124950|gb|AY218892.1|	99.70	331	0	1	1	330	45	375	5e-165	 589
1	gi|29124949|gb|AY218891.1|	99.70	331	0	1	1	330	53	383	5e-165	 589
1	gi|29124948|gb|AY218890.1|	99.70	331	0	1	1	330	45	375	5e-165	 589
1	gi|29124947|gb|AY218889.1|	99.70	331	0	1	1	330	45	375	5e-165	 589
1	gi|29124944|gb|AY218888.1|	99.70	331	0	1	1	330	46	376	5e-165	 589
1	gi|46405678|gb|AY520274.1|	99.70	331	0	1	1	330	31	361	5e-165	 589
1	gi|46405648|gb|AY520244.1|	99.70	331	0	1	1	330	31	361	5e-165	 589
1	gi|26453343|dbj|AB086239.1|	99.70	331	0	1	1	330	48	378	5e-165	 589
1	gi|26453342|dbj|AB086238.1|	99.70	331	0	1	1	330	48	378	5e-165	 589
1	gi|21700114|dbj|AB087377.1|	99.70	331	0	1	1	330	48	378	5e-165	 589
1	gi|21700112|dbj|AB087375.1|	99.70	331	0	1	1	330	48	378	5e-165	 589
1	gi|21700111|dbj|AB087374.1|	99.70	331	0	1	1	330	48	378	5e-165	 589
1	gi|11071290|emb|AJ271812.1|	99.70	331	0	1	1	330	66	396	5e-165	 589
1	gi|11071289|emb|AJ271811.1|	99.70	331	0	1	1	330	66	396	5e-165	 589
1	gi|7592664|dbj|AB040998.1|	99.70	331	0	1	1	330	48	378	5e-165	 589
1	gi|7592663|dbj|AB040997.1|	99.70	331	0	1	1	330	48	378	5e-165	 589
1	gi|2190514|emb|X97805.1|	99.70	331	0	1	1	330	66	396	5e-165	 589
1	gi|2190509|emb|Z75578.1|	99.70	331	0	1	1	330	69	399	5e-165	 589
1	gi|2117314|emb|X97807.1|	99.70	331	0	1	1	330	65	395	5e-165	 589
1	gi|2117313|emb|X99525.1|	99.70	331	0	1	1	330	53	383	5e-165	 589
# BLASTN 2.2.23+
# Query:  2 Cafe.2006_32649
# Database: /home/rohinis/blastdb/blast_nt/nt
# Fields: query id, subject id, % identity, alignment length, mismatches, gap opens, q. start, q. end, s. start, s. end, evalue, bit score
# 102 hits found
2	gi|329138943|tpg|BK006945.2|	98.80	332	3	1	1	331	457665	457334	9e-162	 578
2	gi|329138943|tpg|BK006945.2|	98.80	332	3	1	1	331	466802	466471	9e-162	 578
2	gi|326910516|gb|HQ999661.1|	98.80	332	3	1	1	331	48	379	9e-162	 578
2	gi|315113475|pdb|3O30|1	98.80	332	3	1	1	331	68	399	9e-162	 578
2	gi|315113447|pdb|3O2Z|1	98.80	332	3	1	1	331	68	399	9e-162	 578
2	gi|313103744|pdb|3IZE|A	98.80	332	3	1	1	331	68	399	9e-162	 578
2	gi|299893379|gb|GU188366.1|	98.80	332	3	1	1	331	12	343	9e-162	 578
2	gi|299893340|gb|GU188327.1|	98.80	332	3	1	1	331	4	335	9e-162	 578
2	gi|299893339|gb|GU188326.1|	98.80	332	3	1	1	331	4	335	9e-162	 578
2	gi|299893338|gb|GU188325.1|	98.80	332	3	1	1	331	4	335	9e-162	 578
2	gi|298258756|gb|HM134859.1|	98.80	332	3	1	1	331	26	357	9e-162	 578
2	gi|283500321|gb|GU266277.1|	98.80	332	3	1	1	331	65	396	9e-162	 578
2	gi|267850666|gb|GU126737.1|	98.80	332	3	1	1	331	5	336	9e-162	 578
2	gi|267850665|gb|GU126736.1|	98.80	332	3	1	1	331	5	336	9e-162	 578
2	gi|267850664|gb|GU126735.1|	98.80	332	3	1	1	331	5	336	9e-162	 578
2	gi|234195362|gb|FJ393432.1|	98.80	332	3	1	1	331	50	381	9e-162	 578
2	gi|259147931|emb|FN393078.1|	98.80	332	3	1	1	331	436922	436591	9e-162	 578
2	gi|259147931|emb|FN393078.1|	98.80	332	3	1	1	331	446008	445677	9e-162	 578
2	gi|167989650|gb|EU326665.1|	98.80	332	3	1	1	331	66	397	9e-162	 578
2	gi|167989649|gb|EU326664.1|	98.80	332	3	1	1	331	66	397	9e-162	 578
2	gi|167989647|gb|EU326662.1|	98.80	332	3	1	1	331	66	397	9e-162	 578
2	gi|167989643|gb|EU326658.1|	98.80	332	3	1	1	331	66	397	9e-162	 578
2	gi|167989641|gb|EU326656.1|	98.80	332	3	1	1	331	66	397	9e-162	 578
2	gi|167989640|gb|EU326655.1|	98.80	332	3	1	1	331	66	397	9e-162	 578
2	gi|167989635|gb|EU326650.1|	98.80	332	3	1	1	331	66	397	9e-162	 578
2	gi|167989634|gb|EU326649.1|	98.80	332	3	1	1	331	66	397	9e-162	 578
2	gi|167989629|gb|EU326645.1|	98.80	332	3	1	1	331	66	397	9e-162	 578
2	gi|167989628|gb|EU326644.1|	98.80	332	3	1	1	331	66	397	9e-162	 578
2	gi|167989627|gb|EU326643.1|	98.80	332	3	1	1	331	66	397	9e-162	 578
2	gi|167989626|gb|EU326642.1|	98.80	332	3	1	1	331	66	397	9e-162	 578
2	gi|167989625|gb|EU326641.1|	98.80	332	3	1	1	331	66	397	9e-162	 578
2	gi|167989622|gb|EU326638.1|	98.80	332	3	1	1	331	66	397	9e-162	 578
2	gi|167989620|gb|EU326636.1|	98.80	332	3	1	1	331	66	397	9e-162	 578
2	gi|167989619|gb|EU326635.1|	98.80	332	3	1	1	331	66	397	9e-162	 578
2	gi|167989616|gb|EU326632.1|	98.80	332	3	1	1	331	61	392	9e-162	 578
2	gi|167989615|gb|EU326631.1|	98.80	332	3	1	1	331	66	397	9e-162	 578
2	gi|167989614|gb|EU326630.1|	98.80	332	3	1	1	331	66	397	9e-162	 578
2	gi|167989613|gb|EU326629.1|	98.80	332	3	1	1	331	66	397	9e-162	 578
2	gi|167989612|gb|EU326628.1|	98.80	332	3	1	1	331	66	397	9e-162	 578
2	gi|167989609|gb|EU326625.1|	98.80	332	3	1	1	331	66	397	9e-162	 578
2	gi|167989606|gb|EU326622.1|	98.80	332	3	1	1	331	66	397	9e-162	 578
2	gi|167989605|gb|EU326621.1|	98.80	332	3	1	1	331	66	397	9e-162	 578
2	gi|167989604|gb|EU326620.1|	98.80	332	3	1	1	331	66	397	9e-162	 578
2	gi|167989597|gb|EU326613.1|	98.80	332	3	1	1	331	66	397	9e-162	 578
2	gi|167989596|gb|EU326612.1|	98.80	332	3	1	1	331	66	397	9e-162	 578
2	gi|167989595|gb|EU326611.1|	98.80	332	3	1	1	331	66	397	9e-162	 578
2	gi|183584920|gb|EU595876.1|	98.80	332	3	1	1	331	17	348	9e-162	 578
2	gi|158819369|gb|EU011664.1|	98.80	332	3	1	1	331	14	345	9e-162	 578
2	gi|124302168|gb|EF212442.1|	98.80	332	3	1	1	331	44	375	9e-162	 578
2	gi|124377859|tpd|BR000309.1|	98.80	332	3	1	1	331	6620	6951	9e-162	 578
2	gi|120971643|gb|EF153845.1|	98.80	332	3	1	1	331	56	387	9e-162	 578
2	gi|120971637|gb|EF153844.1|	98.80	332	3	1	1	331	70	401	9e-162	 578
2	gi|119710093|gb|EF186908.1|	98.80	332	3	1	1	331	18	349	9e-162	 578
2	gi|118123421|dbj|AB278124.1|	98.80	332	3	1	1	331	7	338	9e-162	 578
2	gi|113060056|gb|DQ888227.1|	98.80	332	3	1	1	331	991	1322	9e-162	 578
2	gi|55273935|gb|AY799853.1|	98.80	332	3	1	1	331	21	352	9e-162	 578
2	gi|89243215|gb|DQ427066.1|	98.80	332	3	1	1	331	46	377	9e-162	 578
2	gi|89242470|gb|DQ355506.1|	98.80	332	3	1	1	331	50	381	9e-162	 578
2	gi|88854305|gb|DQ345290.1|	98.80	332	3	1	1	331	65	396	9e-162	 578
2	gi|88854303|gb|DQ345288.1|	98.80	332	3	1	1	331	63	394	9e-162	 578
2	gi|88854300|gb|DQ345285.1|	98.80	332	3	1	1	331	65	396	9e-162	 578
2	gi|88854295|gb|DQ345280.1|	98.80	332	3	1	1	331	1532	1201	9e-162	 578
2	gi|88854294|gb|DQ345279.1|	98.80	332	3	1	1	331	65	396	9e-162	 578
2	gi|33114591|gb|AY325966.1|AY325966S1	98.80	332	3	1	1	331	64	395	9e-162	 578
2	gi|31746905|gb|AY046249.1|	98.80	332	3	1	1	331	29	360	9e-162	 578
2	gi|31746891|gb|AY046235.1|	98.80	332	3	1	1	331	47	378	9e-162	 578
2	gi|31746889|gb|AY046233.1|	98.80	332	3	1	1	331	47	378	9e-162	 578
2	gi|31746887|gb|AY046231.1|	98.80	332	3	1	1	331	47	378	9e-162	 578
2	gi|31746883|gb|AY046227.1|	98.80	332	3	1	1	331	47	378	9e-162	 578
2	gi|31746882|gb|AY046226.1|	98.80	332	3	1	1	331	47	378	9e-162	 578
2	gi|31746881|gb|AY046225.1|	98.80	332	3	1	1	331	47	378	9e-162	 578
2	gi|70067231|dbj|AB198186.1|	98.80	332	3	1	1	331	70	401	9e-162	 578
2	gi|70067228|dbj|AB198185.1|	98.80	332	3	1	1	331	56	387	9e-162	 578
2	gi|70067225|dbj|AB198184.1|	98.80	332	3	1	1	331	68	399	9e-162	 578
2	gi|46019944|emb|AJ634601.1|	98.80	332	3	1	1	331	40	371	9e-162	 578
2	gi|29470207|gb|AY251636.1|	98.80	332	3	1	1	331	68	399	9e-162	 578
2	gi|29470205|gb|AY251634.1|	98.80	332	3	1	1	331	68	399	9e-162	 578
2	gi|29470202|gb|AY251631.1|	98.80	332	3	1	1	331	68	399	9e-162	 578
2	gi|29470201|gb|AY251630.1|	98.80	332	3	1	1	331	68	399	9e-162	 578
2	gi|29470200|gb|AY251629.1|	98.80	332	3	1	1	331	68	399	9e-162	 578
2	gi|29470194|gb|AY251623.1|	98.80	332	3	1	1	331	68	399	9e-162	 578
2	gi|29124950|gb|AY218892.1|	98.80	332	3	1	1	331	44	375	9e-162	 578
2	gi|29124948|gb|AY218890.1|	98.80	332	3	1	1	331	44	375	9e-162	 578
2	gi|29124947|gb|AY218889.1|	98.80	332	3	1	1	331	44	375	9e-162	 578
2	gi|29124944|gb|AY218888.1|	98.80	332	3	1	1	331	45	376	9e-162	 578
2	gi|46405678|gb|AY520274.1|	98.80	332	3	1	1	331	30	361	9e-162	 578
2	gi|46405648|gb|AY520244.1|	98.80	332	3	1	1	331	30	361	9e-162	 578
2	gi|26453343|dbj|AB086239.1|	98.80	332	3	1	1	331	47	378	9e-162	 578
2	gi|26453342|dbj|AB086238.1|	98.80	332	3	1	1	331	47	378	9e-162	 578
2	gi|21700114|dbj|AB087377.1|	98.80	332	3	1	1	331	47	378	9e-162	 578
2	gi|21700112|dbj|AB087375.1|	98.80	332	3	1	1	331	47	378	9e-162	 578
2	gi|21700111|dbj|AB087374.1|	98.80	332	3	1	1	331	47	378	9e-162	 578
2	gi|11071290|emb|AJ271812.1|	98.80	332	3	1	1	331	65	396	9e-162	 578
2	gi|11071289|emb|AJ271811.1|	98.80	332	3	1	1	331	65	396	9e-162	 578
2	gi|7592664|dbj|AB040998.1|	98.80	332	3	1	1	331	47	378	9e-162	 578
2	gi|7592663|dbj|AB040997.1|	98.80	332	3	1	1	331	47	378	9e-162	 578
2	gi|2190514|emb|X97805.1|	98.80	332	3	1	1	331	65	396	9e-162	 578
2	gi|2190509|emb|Z75578.1|	98.80	332	3	1	1	331	68	399	9e-162	 578
2	gi|2117314|emb|X97807.1|	98.80	332	3	1	1	331	64	395	9e-162	 578
2	gi|2117313|emb|X99525.1|	98.80	332	3	1	1	331	52	383	9e-162	 578
2	gi|2117295|emb|X97806.1|	98.80	332	3	1	1	331	65	396	9e-162	 578
2	gi|2117292|emb|X97777.1|	98.80	332	3	1	1	331	65	396	9e-162	 578
# BLASTN 2.2.23+
# Query:  3 Cafe.2005_4873
# Database: /home/rohinis/blastdb/blast_nt/nt
# Fields: query id, subject id, % identity, alignment length, mismatches, gap opens, q. start, q. end, s. start, s. end, evalue, bit score
# 102 hits found
3	gi|329138943|tpg|BK006945.2|	99.09	329	2	1	1	328	457664	457336	3e-161	 576
3	gi|329138943|tpg|BK006945.2|	99.09	329	2	1	1	328	466801	466473	3e-161	 576
3	gi|326910516|gb|HQ999661.1|	99.09	329	2	1	1	328	49	377	3e-161	 576
3	gi|315113475|pdb|3O30|1	99.09	329	2	1	1	328	69	397	3e-161	 576
3	gi|315113447|pdb|3O2Z|1	99.09	329	2	1	1	328	69	397	3e-161	 576
3	gi|313103744|pdb|3IZE|A	99.09	329	2	1	1	328	69	397	3e-161	 576
3	gi|299893379|gb|GU188366.1|	99.09	329	2	1	1	328	13	341	3e-161	 576
3	gi|299893340|gb|GU188327.1|	99.09	329	2	1	1	328	5	333	3e-161	 576
3	gi|299893339|gb|GU188326.1|	99.09	329	2	1	1	328	5	333	3e-161	 576
3	gi|299893338|gb|GU188325.1|	99.09	329	2	1	1	328	5	333	3e-161	 576
3	gi|298258756|gb|HM134859.1|	99.09	329	2	1	1	328	27	355	3e-161	 576
3	gi|283500321|gb|GU266277.1|	99.09	329	2	1	1	328	66	394	3e-161	 576
3	gi|267850666|gb|GU126737.1|	99.09	329	2	1	1	328	6	334	3e-161	 576
3	gi|267850665|gb|GU126736.1|	99.09	329	2	1	1	328	6	334	3e-161	 576
3	gi|267850664|gb|GU126735.1|	99.09	329	2	1	1	328	6	334	3e-161	 576
3	gi|234195362|gb|FJ393432.1|	99.09	329	2	1	1	328	51	379	3e-161	 576
3	gi|259221121|gb|GQ506977.1|	99.09	329	2	1	1	328	1	329	3e-161	 576
3	gi|259147931|emb|FN393078.1|	99.09	329	2	1	1	328	436921	436593	3e-161	 576
3	gi|259147931|emb|FN393078.1|	99.09	329	2	1	1	328	446007	445679	3e-161	 576
3	gi|167989650|gb|EU326665.1|	99.09	329	2	1	1	328	67	395	3e-161	 576
3	gi|167989649|gb|EU326664.1|	99.09	329	2	1	1	328	67	395	3e-161	 576
3	gi|167989647|gb|EU326662.1|	99.09	329	2	1	1	328	67	395	3e-161	 576
3	gi|167989643|gb|EU326658.1|	99.09	329	2	1	1	328	67	395	3e-161	 576
3	gi|167989641|gb|EU326656.1|	99.09	329	2	1	1	328	67	395	3e-161	 576
3	gi|167989640|gb|EU326655.1|	99.09	329	2	1	1	328	67	395	3e-161	 576
3	gi|167989635|gb|EU326650.1|	99.09	329	2	1	1	328	67	395	3e-161	 576
3	gi|167989634|gb|EU326649.1|	99.09	329	2	1	1	328	67	395	3e-161	 576
3	gi|167989629|gb|EU326645.1|	99.09	329	2	1	1	328	67	395	3e-161	 576
3	gi|167989628|gb|EU326644.1|	99.09	329	2	1	1	328	67	395	3e-161	 576
3	gi|167989627|gb|EU326643.1|	99.09	329	2	1	1	328	67	395	3e-161	 576
3	gi|167989626|gb|EU326642.1|	99.09	329	2	1	1	328	67	395	3e-161	 576
3	gi|167989625|gb|EU326641.1|	99.09	329	2	1	1	328	67	395	3e-161	 576
3	gi|167989622|gb|EU326638.1|	99.09	329	2	1	1	328	67	395	3e-161	 576
3	gi|167989620|gb|EU326636.1|	99.09	329	2	1	1	328	67	395	3e-161	 576
3	gi|167989619|gb|EU326635.1|	99.09	329	2	1	1	328	67	395	3e-161	 576
3	gi|167989616|gb|EU326632.1|	99.09	329	2	1	1	328	62	390	3e-161	 576
3	gi|167989615|gb|EU326631.1|	99.09	329	2	1	1	328	67	395	3e-161	 576
3	gi|167989614|gb|EU326630.1|	99.09	329	2	1	1	328	67	395	3e-161	 576
3	gi|167989613|gb|EU326629.1|	99.09	329	2	1	1	328	67	395	3e-161	 576
3	gi|167989612|gb|EU326628.1|	99.09	329	2	1	1	328	67	395	3e-161	 576
3	gi|167989609|gb|EU326625.1|	99.09	329	2	1	1	328	67	395	3e-161	 576
3	gi|167989606|gb|EU326622.1|	99.09	329	2	1	1	328	67	395	3e-161	 576
3	gi|167989605|gb|EU326621.1|	99.09	329	2	1	1	328	67	395	3e-161	 576
3	gi|167989604|gb|EU326620.1|	99.09	329	2	1	1	328	67	395	3e-161	 576
3	gi|167989597|gb|EU326613.1|	99.09	329	2	1	1	328	67	395	3e-161	 576
3	gi|167989596|gb|EU326612.1|	99.09	329	2	1	1	328	67	395	3e-161	 576
3	gi|167989595|gb|EU326611.1|	99.09	329	2	1	1	328	67	395	3e-161	 576
3	gi|183584920|gb|EU595876.1|	99.09	329	2	1	1	328	18	346	3e-161	 576
3	gi|158819369|gb|EU011664.1|	99.09	329	2	1	1	328	15	343	3e-161	 576
3	gi|124302168|gb|EF212442.1|	99.09	329	2	1	1	328	45	373	3e-161	 576
3	gi|124377859|tpd|BR000309.1|	99.09	329	2	1	1	328	6621	6949	3e-161	 576
3	gi|120971643|gb|EF153845.1|	99.09	329	2	1	1	328	57	385	3e-161	 576
3	gi|120971637|gb|EF153844.1|	99.09	329	2	1	1	328	71	399	3e-161	 576
3	gi|119710093|gb|EF186908.1|	99.09	329	2	1	1	328	19	347	3e-161	 576
3	gi|118123421|dbj|AB278124.1|	99.09	329	2	1	1	328	8	336	3e-161	 576
3	gi|113060056|gb|DQ888227.1|	99.09	329	2	1	1	328	992	1320	3e-161	 576
3	gi|55273935|gb|AY799853.1|	99.09	329	2	1	1	328	22	350	3e-161	 576
3	gi|89243215|gb|DQ427066.1|	99.09	329	2	1	1	328	47	375	3e-161	 576
3	gi|89242470|gb|DQ355506.1|	99.09	329	2	1	1	328	51	379	3e-161	 576
3	gi|88854305|gb|DQ345290.1|	99.09	329	2	1	1	328	66	394	3e-161	 576
3	gi|88854303|gb|DQ345288.1|	99.09	329	2	1	1	328	64	392	3e-161	 576
3	gi|88854300|gb|DQ345285.1|	99.09	329	2	1	1	328	66	394	3e-161	 576
3	gi|88854295|gb|DQ345280.1|	99.09	329	2	1	1	328	1531	1203	3e-161	 576
3	gi|88854294|gb|DQ345279.1|	99.09	329	2	1	1	328	66	394	3e-161	 576
3	gi|33114591|gb|AY325966.1|AY325966S1	99.09	329	2	1	1	328	65	393	3e-161	 576
3	gi|31746905|gb|AY046249.1|	99.09	329	2	1	1	328	30	358	3e-161	 576
3	gi|31746891|gb|AY046235.1|	99.09	329	2	1	1	328	48	376	3e-161	 576
3	gi|31746889|gb|AY046233.1|	99.09	329	2	1	1	328	48	376	3e-161	 576
3	gi|31746887|gb|AY046231.1|	99.09	329	2	1	1	328	48	376	3e-161	 576
3	gi|31746883|gb|AY046227.1|	99.09	329	2	1	1	328	48	376	3e-161	 576
3	gi|31746882|gb|AY046226.1|	99.09	329	2	1	1	328	48	376	3e-161	 576
3	gi|31746881|gb|AY046225.1|	99.09	329	2	1	1	328	48	376	3e-161	 576
3	gi|70067231|dbj|AB198186.1|	99.09	329	2	1	1	328	71	399	3e-161	 576
3	gi|70067228|dbj|AB198185.1|	99.09	329	2	1	1	328	57	385	3e-161	 576
3	gi|70067225|dbj|AB198184.1|	99.09	329	2	1	1	328	69	397	3e-161	 576
3	gi|46019944|emb|AJ634601.1|	99.09	329	2	1	1	328	41	369	3e-161	 576
3	gi|29470207|gb|AY251636.1|	99.09	329	2	1	1	328	69	397	3e-161	 576
3	gi|29470205|gb|AY251634.1|	99.09	329	2	1	1	328	69	397	3e-161	 576
3	gi|29470202|gb|AY251631.1|	99.09	329	2	1	1	328	69	397	3e-161	 576
3	gi|29470201|gb|AY251630.1|	99.09	329	2	1	1	328	69	397	3e-161	 576
3	gi|29470200|gb|AY251629.1|	99.09	329	2	1	1	328	69	397	3e-161	 576
3	gi|29470194|gb|AY251623.1|	99.09	329	2	1	1	328	69	397	3e-161	 576
3	gi|29124950|gb|AY218892.1|	99.09	329	2	1	1	328	45	373	3e-161	 576
3	gi|29124949|gb|AY218891.1|	99.09	329	2	1	1	328	53	381	3e-161	 576
3	gi|29124948|gb|AY218890.1|	99.09	329	2	1	1	328	45	373	3e-161	 576
3	gi|29124947|gb|AY218889.1|	99.09	329	2	1	1	328	45	373	3e-161	 576
3	gi|29124944|gb|AY218888.1|	99.09	329	2	1	1	328	46	374	3e-161	 576
3	gi|46405678|gb|AY520274.1|	99.09	329	2	1	1	328	31	359	3e-161	 576
3	gi|46405648|gb|AY520244.1|	99.09	329	2	1	1	328	31	359	3e-161	 576
3	gi|26453343|dbj|AB086239.1|	99.09	329	2	1	1	328	48	376	3e-161	 576
3	gi|26453342|dbj|AB086238.1|	99.09	329	2	1	1	328	48	376	3e-161	 576
3	gi|21700114|dbj|AB087377.1|	99.09	329	2	1	1	328	48	376	3e-161	 576
3	gi|21700112|dbj|AB087375.1|	99.09	329	2	1	1	328	48	376	3e-161	 576
3	gi|21700111|dbj|AB087374.1|	99.09	329	2	1	1	328	48	376	3e-161	 576
3	gi|11071290|emb|AJ271812.1|	99.09	329	2	1	1	328	66	394	3e-161	 576
3	gi|11071289|emb|AJ271811.1|	99.09	329	2	1	1	328	66	394	3e-161	 576
3	gi|7592664|dbj|AB040998.1|	99.09	329	2	1	1	328	48	376	3e-161	 576
3	gi|7592663|dbj|AB040997.1|	99.09	329	2	1	1	328	48	376	3e-161	 576
3	gi|2190514|emb|X97805.1|	99.09	329	2	1	1	328	66	394	3e-161	 576
3	gi|2190509|emb|Z75578.1|	99.09	329	2	1	1	328	69	397	3e-161	 576
3	gi|2117314|emb|X97807.1|	99.09	329	2	1	1	328	65	393	3e-161	 576
3	gi|2117313|emb|X99525.1|	99.09	329	2	1	1	328	53	381	3e-161	 576
# BLASTN 2.2.23+
# Query:  4 A..thaliana_15074
# Database: /home/rohinis/blastdb/blast_nt/nt
# Fields: query id, subject id, % identity, alignment length, mismatches, gap opens, q. start, q. end, s. start, s. end, evalue, bit score
# 105 hits found
4	gi|196049179|emb|CR380958.2|	99.68	312	0	1	1	311	1450719	1450408	9e-155	 554
4	gi|31746893|gb|AY046237.1|	99.68	312	0	1	1	311	47	358	9e-155	 554
4	gi|29124951|gb|AY218893.1|	99.68	312	0	1	1	311	47	358	9e-155	 554
4	gi|28793968|gb|AY198398.1|	99.68	312	0	1	1	311	1427	1738	9e-155	 554
4	gi|15617451|dbj|AB071282.1|	99.68	312	0	1	1	311	30	341	9e-155	 554
4	gi|2575|emb|X51831.1|	99.68	312	0	1	1	311	68	379	9e-155	 554
4	gi|52083039|gb|AY727048.1|	99.36	312	1	1	1	311	33	344	1e-153	 551
4	gi|52083040|gb|AY727049.1|	99.36	312	1	1	1	311	33	344	1e-153	 551
4	gi|52083038|gb|AY727047.1|	99.36	312	1	1	1	311	33	344	1e-153	 551
4	gi|85677465|dbj|AB247500.1|	99.36	312	1	1	1	311	47	358	1e-153	 551
4	gi|31746888|gb|AY046232.1|	99.36	312	1	1	1	311	47	358	1e-153	 551
4	gi|2117312|emb|X99524.1|	99.36	312	1	1	1	311	59	370	1e-153	 551
4	gi|6681655|dbj|AB016510.1|	99.36	312	0	2	1	311	47	357	1e-152	 547
4	gi|343769800|emb|HE580273.1|	99.04	312	2	1	1	311	1803	2114	5e-152	 545
4	gi|342301233|emb|HE576754.1|	99.04	312	2	1	1	311	573885	574196	5e-152	 545
4	gi|342301233|emb|HE576754.1|	99.04	312	2	1	1	311	582161	582472	5e-152	 545
4	gi|242134016|gb|GQ181169.1|	99.04	312	2	1	1	311	67	378	5e-152	 545
4	gi|157741884|gb|EU075206.1|	99.04	312	2	1	1	311	55	366	5e-152	 545
4	gi|31746909|gb|AY046253.1|	99.04	312	2	1	1	311	47	358	5e-152	 545
4	gi|31746890|gb|AY046234.1|	99.04	312	2	1	1	311	47	358	5e-152	 545
4	gi|31746886|gb|AY046230.1|	99.04	312	2	1	1	311	47	358	5e-152	 545
4	gi|31746880|gb|AY046224.1|	99.04	312	2	1	1	311	47	358	5e-152	 545
4	gi|18147566|dbj|AB054676.1|	99.04	312	2	1	1	311	47	358	5e-152	 545
4	gi|29470212|gb|AY251641.1|	99.04	312	2	1	1	311	68	379	5e-152	 545
4	gi|26017301|dbj|AB097396.1|	99.04	312	2	1	1	311	47	358	5e-152	 545
4	gi|21700117|dbj|AB087380.1|	99.04	312	2	1	1	311	47	358	5e-152	 545
4	gi|11071291|emb|AJ271813.1|	99.04	312	2	1	1	311	65	376	5e-152	 545
4	gi|7576365|dbj|AB016514.1|	99.04	312	2	1	1	311	47	358	5e-152	 545
4	gi|7576364|dbj|AB016513.1|	99.04	312	2	1	1	311	47	358	5e-152	 545
4	gi|2190510|emb|Z75579.1|	99.04	312	2	1	1	311	32	343	5e-152	 545
4	gi|2190508|emb|Z75577.1|	99.04	312	2	1	1	311	32	343	5e-152	 545
4	gi|2117316|emb|X99523.1|	99.04	312	2	1	1	311	56	367	5e-152	 545
4	gi|2117315|emb|X99522.1|	99.04	312	2	1	1	311	56	367	5e-152	 545
4	gi|2117167|emb|X99526.1|	99.04	312	2	1	1	311	48	359	5e-152	 545
4	gi|315248870|gb|HQ260333.1|	99.04	312	1	2	1	311	30	340	6e-151	 542
4	gi|329138943|tpg|BK006945.2|	98.72	312	3	1	1	311	457665	457354	6e-151	 542
4	gi|329138943|tpg|BK006945.2|	98.72	312	3	1	1	311	466802	466491	6e-151	 542
4	gi|326910516|gb|HQ999661.1|	98.72	312	3	1	1	311	48	359	6e-151	 542
4	gi|315113475|pdb|3O30|1	98.72	312	3	1	1	311	68	379	6e-151	 542
4	gi|315113447|pdb|3O2Z|1	98.72	312	3	1	1	311	68	379	6e-151	 542
4	gi|313103744|pdb|3IZE|A	98.72	312	3	1	1	311	68	379	6e-151	 542
4	gi|299893379|gb|GU188366.1|	98.72	312	3	1	1	311	12	323	6e-151	 542
4	gi|299893340|gb|GU188327.1|	98.72	312	3	1	1	311	4	315	6e-151	 542
4	gi|299893339|gb|GU188326.1|	98.72	312	3	1	1	311	4	315	6e-151	 542
4	gi|299893338|gb|GU188325.1|	98.72	312	3	1	1	311	4	315	6e-151	 542
4	gi|298258756|gb|HM134859.1|	98.72	312	3	1	1	311	26	337	6e-151	 542
4	gi|283500321|gb|GU266277.1|	98.72	312	3	1	1	311	65	376	6e-151	 542
4	gi|267850666|gb|GU126737.1|	98.72	312	3	1	1	311	5	316	6e-151	 542
4	gi|267850665|gb|GU126736.1|	98.72	312	3	1	1	311	5	316	6e-151	 542
4	gi|267850664|gb|GU126735.1|	98.72	312	3	1	1	311	5	316	6e-151	 542
4	gi|234195362|gb|FJ393432.1|	98.72	312	3	1	1	311	50	361	6e-151	 542
4	gi|259147931|emb|FN393078.1|	98.72	312	3	1	1	311	436922	436611	6e-151	 542
4	gi|259147931|emb|FN393078.1|	98.72	312	3	1	1	311	446008	445697	6e-151	 542
4	gi|238941852|emb|CU928180.1|	98.72	312	3	1	1	311	1139919	1139608	6e-151	 542
4	gi|238941852|emb|CU928180.1|	98.72	312	3	1	1	311	1148425	1148114	6e-151	 542
4	gi|238941852|emb|CU928180.1|	98.72	312	3	1	1	311	1153206	1152895	6e-151	 542
4	gi|205290911|gb|FJ153143.1|	99.04	312	1	2	1	311	21	331	6e-151	 542
4	gi|205290853|gb|FJ153135.1|	98.72	312	3	1	1	311	21	332	6e-151	 542
4	gi|205290810|gb|FJ153122.1|	99.04	312	1	2	1	311	21	331	6e-151	 542
4	gi|205290689|gb|FJ153106.1|	98.72	312	3	1	1	311	21	332	6e-151	 542
4	gi|205290683|gb|FJ153105.1|	98.72	312	3	1	1	311	21	332	6e-151	 542
4	gi|205290677|gb|FJ153104.1|	98.72	312	3	1	1	311	21	332	6e-151	 542
4	gi|167989650|gb|EU326665.1|	98.72	312	3	1	1	311	66	377	6e-151	 542
4	gi|167989649|gb|EU326664.1|	98.72	312	3	1	1	311	66	377	6e-151	 542
4	gi|167989647|gb|EU326662.1|	98.72	312	3	1	1	311	66	377	6e-151	 542
4	gi|167989643|gb|EU326658.1|	98.72	312	3	1	1	311	66	377	6e-151	 542
4	gi|167989641|gb|EU326656.1|	98.72	312	3	1	1	311	66	377	6e-151	 542
4	gi|167989640|gb|EU326655.1|	98.72	312	3	1	1	311	66	377	6e-151	 542
4	gi|167989635|gb|EU326650.1|	98.72	312	3	1	1	311	66	377	6e-151	 542
4	gi|167989634|gb|EU326649.1|	98.72	312	3	1	1	311	66	377	6e-151	 542
4	gi|167989629|gb|EU326645.1|	98.72	312	3	1	1	311	66	377	6e-151	 542
4	gi|167989628|gb|EU326644.1|	98.72	312	3	1	1	311	66	377	6e-151	 542
4	gi|167989627|gb|EU326643.1|	98.72	312	3	1	1	311	66	377	6e-151	 542
4	gi|167989626|gb|EU326642.1|	98.72	312	3	1	1	311	66	377	6e-151	 542
4	gi|167989625|gb|EU326641.1|	98.72	312	3	1	1	311	66	377	6e-151	 542
4	gi|167989622|gb|EU326638.1|	98.72	312	3	1	1	311	66	377	6e-151	 542
4	gi|167989620|gb|EU326636.1|	98.72	312	3	1	1	311	66	377	6e-151	 542
4	gi|167989619|gb|EU326635.1|	98.72	312	3	1	1	311	66	377	6e-151	 542
4	gi|167989616|gb|EU326632.1|	98.72	312	3	1	1	311	61	372	6e-151	 542
4	gi|167989615|gb|EU326631.1|	98.72	312	3	1	1	311	66	377	6e-151	 542
4	gi|167989614|gb|EU326630.1|	98.72	312	3	1	1	311	66	377	6e-151	 542
4	gi|167989613|gb|EU326629.1|	98.72	312	3	1	1	311	66	377	6e-151	 542
4	gi|167989612|gb|EU326628.1|	98.72	312	3	1	1	311	66	377	6e-151	 542
4	gi|167989609|gb|EU326625.1|	98.72	312	3	1	1	311	66	377	6e-151	 542
4	gi|167989606|gb|EU326622.1|	98.72	312	3	1	1	311	66	377	6e-151	 542
4	gi|167989605|gb|EU326621.1|	98.72	312	3	1	1	311	66	377	6e-151	 542
4	gi|167989604|gb|EU326620.1|	98.72	312	3	1	1	311	66	377	6e-151	 542
4	gi|167989597|gb|EU326613.1|	98.72	312	3	1	1	311	66	377	6e-151	 542
4	gi|167989596|gb|EU326612.1|	98.72	312	3	1	1	311	66	377	6e-151	 542
4	gi|167989595|gb|EU326611.1|	98.72	312	3	1	1	311	66	377	6e-151	 542
4	gi|183584920|gb|EU595876.1|	98.72	312	3	1	1	311	17	328	6e-151	 542
4	gi|158819369|gb|EU011664.1|	98.72	312	3	1	1	311	14	325	6e-151	 542
4	gi|124302168|gb|EF212442.1|	98.72	312	3	1	1	311	44	355	6e-151	 542
4	gi|124377859|tpd|BR000309.1|	98.72	312	3	1	1	311	6620	6931	6e-151	 542
4	gi|120971643|gb|EF153845.1|	98.72	312	3	1	1	311	56	367	6e-151	 542
4	gi|120971637|gb|EF153844.1|	98.72	312	3	1	1	311	70	381	6e-151	 542
4	gi|119710093|gb|EF186908.1|	98.72	312	3	1	1	311	18	329	6e-151	 542
4	gi|118123421|dbj|AB278124.1|	98.72	312	3	1	1	311	7	318	6e-151	 542
4	gi|113060056|gb|DQ888227.1|	98.72	312	3	1	1	311	991	1302	6e-151	 542
4	gi|55273935|gb|AY799853.1|	98.72	312	3	1	1	311	21	332	6e-151	 542
4	gi|58429114|gb|AY881650.1|	98.72	312	3	1	1	311	51	362	6e-151	 542
4	gi|89243215|gb|DQ427066.1|	98.72	312	3	1	1	311	46	357	6e-151	 542
4	gi|89242470|gb|DQ355506.1|	98.72	312	3	1	1	311	50	361	6e-151	 542
4	gi|88854305|gb|DQ345290.1|	98.72	312	3	1	1	311	65	376	6e-151	 542
4	gi|88854303|gb|DQ345288.1|	98.72	312	3	1	1	311	63	374	6e-151	 542
# BLASTN 2.2.23+
# Query:  5 S..cerevisiae_10412
# Database: /home/rohinis/blastdb/blast_nt/nt
# Fields: query id, subject id, % identity, alignment length, mismatches, gap opens, q. start, q. end, s. start, s. end, evalue, bit score
# 102 hits found
5	gi|329138943|tpg|BK006945.2|	99.36	311	2	0	1	311	457664	457354	3e-154	 553
5	gi|329138943|tpg|BK006945.2|	99.36	311	2	0	1	311	466801	466491	3e-154	 553
5	gi|326910516|gb|HQ999661.1|	99.36	311	2	0	1	311	49	359	3e-154	 553
5	gi|315113475|pdb|3O30|1	99.36	311	2	0	1	311	69	379	3e-154	 553
5	gi|315113447|pdb|3O2Z|1	99.36	311	2	0	1	311	69	379	3e-154	 553
5	gi|313103744|pdb|3IZE|A	99.36	311	2	0	1	311	69	379	3e-154	 553
5	gi|299893379|gb|GU188366.1|	99.36	311	2	0	1	311	13	323	3e-154	 553
5	gi|299893340|gb|GU188327.1|	99.36	311	2	0	1	311	5	315	3e-154	 553
5	gi|299893339|gb|GU188326.1|	99.36	311	2	0	1	311	5	315	3e-154	 553
5	gi|299893338|gb|GU188325.1|	99.36	311	2	0	1	311	5	315	3e-154	 553
5	gi|298258756|gb|HM134859.1|	99.36	311	2	0	1	311	27	337	3e-154	 553
5	gi|283500321|gb|GU266277.1|	99.36	311	2	0	1	311	66	376	3e-154	 553
5	gi|267850666|gb|GU126737.1|	99.36	311	2	0	1	311	6	316	3e-154	 553
5	gi|267850665|gb|GU126736.1|	99.36	311	2	0	1	311	6	316	3e-154	 553
5	gi|267850664|gb|GU126735.1|	99.36	311	2	0	1	311	6	316	3e-154	 553
5	gi|234195362|gb|FJ393432.1|	99.36	311	2	0	1	311	51	361	3e-154	 553
5	gi|259221121|gb|GQ506977.1|	99.36	311	2	0	1	311	1	311	3e-154	 553
5	gi|259147931|emb|FN393078.1|	99.36	311	2	0	1	311	436921	436611	3e-154	 553
5	gi|259147931|emb|FN393078.1|	99.36	311	2	0	1	311	446007	445697	3e-154	 553
5	gi|167989650|gb|EU326665.1|	99.36	311	2	0	1	311	67	377	3e-154	 553
5	gi|167989649|gb|EU326664.1|	99.36	311	2	0	1	311	67	377	3e-154	 553
5	gi|167989647|gb|EU326662.1|	99.36	311	2	0	1	311	67	377	3e-154	 553
5	gi|167989643|gb|EU326658.1|	99.36	311	2	0	1	311	67	377	3e-154	 553
5	gi|167989641|gb|EU326656.1|	99.36	311	2	0	1	311	67	377	3e-154	 553
5	gi|167989640|gb|EU326655.1|	99.36	311	2	0	1	311	67	377	3e-154	 553
5	gi|167989635|gb|EU326650.1|	99.36	311	2	0	1	311	67	377	3e-154	 553
5	gi|167989634|gb|EU326649.1|	99.36	311	2	0	1	311	67	377	3e-154	 553
5	gi|167989629|gb|EU326645.1|	99.36	311	2	0	1	311	67	377	3e-154	 553
5	gi|167989628|gb|EU326644.1|	99.36	311	2	0	1	311	67	377	3e-154	 553
5	gi|167989627|gb|EU326643.1|	99.36	311	2	0	1	311	67	377	3e-154	 553
5	gi|167989626|gb|EU326642.1|	99.36	311	2	0	1	311	67	377	3e-154	 553
5	gi|167989625|gb|EU326641.1|	99.36	311	2	0	1	311	67	377	3e-154	 553
5	gi|167989622|gb|EU326638.1|	99.36	311	2	0	1	311	67	377	3e-154	 553
5	gi|167989620|gb|EU326636.1|	99.36	311	2	0	1	311	67	377	3e-154	 553
5	gi|167989619|gb|EU326635.1|	99.36	311	2	0	1	311	67	377	3e-154	 553
5	gi|167989616|gb|EU326632.1|	99.36	311	2	0	1	311	62	372	3e-154	 553
5	gi|167989615|gb|EU326631.1|	99.36	311	2	0	1	311	67	377	3e-154	 553
5	gi|167989614|gb|EU326630.1|	99.36	311	2	0	1	311	67	377	3e-154	 553
5	gi|167989613|gb|EU326629.1|	99.36	311	2	0	1	311	67	377	3e-154	 553
5	gi|167989612|gb|EU326628.1|	99.36	311	2	0	1	311	67	377	3e-154	 553
5	gi|167989609|gb|EU326625.1|	99.36	311	2	0	1	311	67	377	3e-154	 553
5	gi|167989606|gb|EU326622.1|	99.36	311	2	0	1	311	67	377	3e-154	 553
5	gi|167989605|gb|EU326621.1|	99.36	311	2	0	1	311	67	377	3e-154	 553
5	gi|167989604|gb|EU326620.1|	99.36	311	2	0	1	311	67	377	3e-154	 553
5	gi|167989597|gb|EU326613.1|	99.36	311	2	0	1	311	67	377	3e-154	 553
5	gi|167989596|gb|EU326612.1|	99.36	311	2	0	1	311	67	377	3e-154	 553
5	gi|167989595|gb|EU326611.1|	99.36	311	2	0	1	311	67	377	3e-154	 553
5	gi|183584920|gb|EU595876.1|	99.36	311	2	0	1	311	18	328	3e-154	 553
5	gi|158819369|gb|EU011664.1|	99.36	311	2	0	1	311	15	325	3e-154	 553
5	gi|124302168|gb|EF212442.1|	99.36	311	2	0	1	311	45	355	3e-154	 553
5	gi|124377859|tpd|BR000309.1|	99.36	311	2	0	1	311	6621	6931	3e-154	 553
5	gi|120971643|gb|EF153845.1|	99.36	311	2	0	1	311	57	367	3e-154	 553
5	gi|120971637|gb|EF153844.1|	99.36	311	2	0	1	311	71	381	3e-154	 553
5	gi|119710093|gb|EF186908.1|	99.36	311	2	0	1	311	19	329	3e-154	 553
5	gi|118123421|dbj|AB278124.1|	99.36	311	2	0	1	311	8	318	3e-154	 553
5	gi|113060056|gb|DQ888227.1|	99.36	311	2	0	1	311	992	1302	3e-154	 553
5	gi|55273935|gb|AY799853.1|	99.36	311	2	0	1	311	22	332	3e-154	 553
5	gi|89243215|gb|DQ427066.1|	99.36	311	2	0	1	311	47	357	3e-154	 553
5	gi|89242470|gb|DQ355506.1|	99.36	311	2	0	1	311	51	361	3e-154	 553
5	gi|88854305|gb|DQ345290.1|	99.36	311	2	0	1	311	66	376	3e-154	 553
5	gi|88854303|gb|DQ345288.1|	99.36	311	2	0	1	311	64	374	3e-154	 553
5	gi|88854300|gb|DQ345285.1|	99.36	311	2	0	1	311	66	376	3e-154	 553
5	gi|88854295|gb|DQ345280.1|	99.36	311	2	0	1	311	1531	1221	3e-154	 553
5	gi|88854294|gb|DQ345279.1|	99.36	311	2	0	1	311	66	376	3e-154	 553
5	gi|33114591|gb|AY325966.1|AY325966S1	99.36	311	2	0	1	311	65	375	3e-154	 553
5	gi|31746905|gb|AY046249.1|	99.36	311	2	0	1	311	30	340	3e-154	 553
5	gi|31746891|gb|AY046235.1|	99.36	311	2	0	1	311	48	358	3e-154	 553
5	gi|31746889|gb|AY046233.1|	99.36	311	2	0	1	311	48	358	3e-154	 553
5	gi|31746887|gb|AY046231.1|	99.36	311	2	0	1	311	48	358	3e-154	 553
5	gi|31746883|gb|AY046227.1|	99.36	311	2	0	1	311	48	358	3e-154	 553
5	gi|31746882|gb|AY046226.1|	99.36	311	2	0	1	311	48	358	3e-154	 553
5	gi|31746881|gb|AY046225.1|	99.36	311	2	0	1	311	48	358	3e-154	 553
5	gi|70067231|dbj|AB198186.1|	99.36	311	2	0	1	311	71	381	3e-154	 553
5	gi|70067228|dbj|AB198185.1|	99.36	311	2	0	1	311	57	367	3e-154	 553
5	gi|70067225|dbj|AB198184.1|	99.36	311	2	0	1	311	69	379	3e-154	 553
5	gi|46019944|emb|AJ634601.1|	99.36	311	2	0	1	311	41	351	3e-154	 553
5	gi|29470207|gb|AY251636.1|	99.36	311	2	0	1	311	69	379	3e-154	 553
5	gi|29470205|gb|AY251634.1|	99.36	311	2	0	1	311	69	379	3e-154	 553
5	gi|29470202|gb|AY251631.1|	99.36	311	2	0	1	311	69	379	3e-154	 553
5	gi|29470201|gb|AY251630.1|	99.36	311	2	0	1	311	69	379	3e-154	 553
5	gi|29470200|gb|AY251629.1|	99.36	311	2	0	1	311	69	379	3e-154	 553
5	gi|29470194|gb|AY251623.1|	99.36	311	2	0	1	311	69	379	3e-154	 553
5	gi|29124950|gb|AY218892.1|	99.36	311	2	0	1	311	45	355	3e-154	 553
5	gi|29124949|gb|AY218891.1|	99.36	311	2	0	1	311	53	363	3e-154	 553
5	gi|29124948|gb|AY218890.1|	99.36	311	2	0	1	311	45	355	3e-154	 553
5	gi|29124947|gb|AY218889.1|	99.36	311	2	0	1	311	45	355	3e-154	 553
5	gi|29124944|gb|AY218888.1|	99.36	311	2	0	1	311	46	356	3e-154	 553
5	gi|46405678|gb|AY520274.1|	99.36	311	2	0	1	311	31	341	3e-154	 553
5	gi|46405648|gb|AY520244.1|	99.36	311	2	0	1	311	31	341	3e-154	 553
5	gi|26453343|dbj|AB086239.1|	99.36	311	2	0	1	311	48	358	3e-154	 553
5	gi|26453342|dbj|AB086238.1|	99.36	311	2	0	1	311	48	358	3e-154	 553
5	gi|21700114|dbj|AB087377.1|	99.36	311	2	0	1	311	48	358	3e-154	 553
5	gi|21700112|dbj|AB087375.1|	99.36	311	2	0	1	311	48	358	3e-154	 553
5	gi|21700111|dbj|AB087374.1|	99.36	311	2	0	1	311	48	358	3e-154	 553
5	gi|11071290|emb|AJ271812.1|	99.36	311	2	0	1	311	66	376	3e-154	 553
5	gi|11071289|emb|AJ271811.1|	99.36	311	2	0	1	311	66	376	3e-154	 553
5	gi|7592664|dbj|AB040998.1|	99.36	311	2	0	1	311	48	358	3e-154	 553
5	gi|7592663|dbj|AB040997.1|	99.36	311	2	0	1	311	48	358	3e-154	 553
5	gi|2190514|emb|X97805.1|	99.36	311	2	0	1	311	66	376	3e-154	 553
5	gi|2190509|emb|Z75578.1|	99.36	311	2	0	1	311	69	379	3e-154	 553
5	gi|2117314|emb|X97807.1|	99.36	311	2	0	1	311	65	375	3e-154	 553
5	gi|2117313|emb|X99525.1|	99.36	311	2	0	1	311	53	363	3e-154	 553
# BLASTN 2.2.23+
# Query:  6 Cafe.2009_11067
# Database: /home/rohinis/blastdb/blast_nt/nt
# Fields: query id, subject id, % identity, alignment length, mismatches, gap opens, q. start, q. end, s. start, s. end, evalue, bit score
# 102 hits found
6	gi|329138943|tpg|BK006945.2|	99.35	310	1	1	1	309	457664	457355	1e-152	 547
6	gi|329138943|tpg|BK006945.2|	99.35	310	1	1	1	309	466801	466492	1e-152	 547
6	gi|326910516|gb|HQ999661.1|	99.35	310	1	1	1	309	49	358	1e-152	 547
6	gi|315113475|pdb|3O30|1	99.35	310	1	1	1	309	69	378	1e-152	 547
6	gi|315113447|pdb|3O2Z|1	99.35	310	1	1	1	309	69	378	1e-152	 547
6	gi|313103744|pdb|3IZE|A	99.35	310	1	1	1	309	69	378	1e-152	 547
6	gi|299893379|gb|GU188366.1|	99.35	310	1	1	1	309	13	322	1e-152	 547
6	gi|299893340|gb|GU188327.1|	99.35	310	1	1	1	309	5	314	1e-152	 547
6	gi|299893339|gb|GU188326.1|	99.35	310	1	1	1	309	5	314	1e-152	 547
6	gi|299893338|gb|GU188325.1|	99.35	310	1	1	1	309	5	314	1e-152	 547
6	gi|298258756|gb|HM134859.1|	99.35	310	1	1	1	309	27	336	1e-152	 547
6	gi|283500321|gb|GU266277.1|	99.35	310	1	1	1	309	66	375	1e-152	 547
6	gi|267850666|gb|GU126737.1|	99.35	310	1	1	1	309	6	315	1e-152	 547
6	gi|267850665|gb|GU126736.1|	99.35	310	1	1	1	309	6	315	1e-152	 547
6	gi|267850664|gb|GU126735.1|	99.35	310	1	1	1	309	6	315	1e-152	 547
6	gi|234195362|gb|FJ393432.1|	99.35	310	1	1	1	309	51	360	1e-152	 547
6	gi|259221121|gb|GQ506977.1|	99.35	310	1	1	1	309	1	310	1e-152	 547
6	gi|259147931|emb|FN393078.1|	99.35	310	1	1	1	309	436921	436612	1e-152	 547
6	gi|259147931|emb|FN393078.1|	99.35	310	1	1	1	309	446007	445698	1e-152	 547
6	gi|167989650|gb|EU326665.1|	99.35	310	1	1	1	309	67	376	1e-152	 547
6	gi|167989649|gb|EU326664.1|	99.35	310	1	1	1	309	67	376	1e-152	 547
6	gi|167989647|gb|EU326662.1|	99.35	310	1	1	1	309	67	376	1e-152	 547
6	gi|167989643|gb|EU326658.1|	99.35	310	1	1	1	309	67	376	1e-152	 547
6	gi|167989641|gb|EU326656.1|	99.35	310	1	1	1	309	67	376	1e-152	 547
6	gi|167989640|gb|EU326655.1|	99.35	310	1	1	1	309	67	376	1e-152	 547
6	gi|167989635|gb|EU326650.1|	99.35	310	1	1	1	309	67	376	1e-152	 547
6	gi|167989634|gb|EU326649.1|	99.35	310	1	1	1	309	67	376	1e-152	 547
6	gi|167989629|gb|EU326645.1|	99.35	310	1	1	1	309	67	376	1e-152	 547
6	gi|167989628|gb|EU326644.1|	99.35	310	1	1	1	309	67	376	1e-152	 547
6	gi|167989627|gb|EU326643.1|	99.35	310	1	1	1	309	67	376	1e-152	 547
6	gi|167989626|gb|EU326642.1|	99.35	310	1	1	1	309	67	376	1e-152	 547
6	gi|167989625|gb|EU326641.1|	99.35	310	1	1	1	309	67	376	1e-152	 547
6	gi|167989622|gb|EU326638.1|	99.35	310	1	1	1	309	67	376	1e-152	 547
6	gi|167989620|gb|EU326636.1|	99.35	310	1	1	1	309	67	376	1e-152	 547
6	gi|167989619|gb|EU326635.1|	99.35	310	1	1	1	309	67	376	1e-152	 547
6	gi|167989616|gb|EU326632.1|	99.35	310	1	1	1	309	62	371	1e-152	 547
6	gi|167989615|gb|EU326631.1|	99.35	310	1	1	1	309	67	376	1e-152	 547
6	gi|167989614|gb|EU326630.1|	99.35	310	1	1	1	309	67	376	1e-152	 547
6	gi|167989613|gb|EU326629.1|	99.35	310	1	1	1	309	67	376	1e-152	 547
6	gi|167989612|gb|EU326628.1|	99.35	310	1	1	1	309	67	376	1e-152	 547
6	gi|167989609|gb|EU326625.1|	99.35	310	1	1	1	309	67	376	1e-152	 547
6	gi|167989606|gb|EU326622.1|	99.35	310	1	1	1	309	67	376	1e-152	 547
6	gi|167989605|gb|EU326621.1|	99.35	310	1	1	1	309	67	376	1e-152	 547
6	gi|167989604|gb|EU326620.1|	99.35	310	1	1	1	309	67	376	1e-152	 547
6	gi|167989597|gb|EU326613.1|	99.35	310	1	1	1	309	67	376	1e-152	 547
6	gi|167989596|gb|EU326612.1|	99.35	310	1	1	1	309	67	376	1e-152	 547
6	gi|167989595|gb|EU326611.1|	99.35	310	1	1	1	309	67	376	1e-152	 547
6	gi|183584920|gb|EU595876.1|	99.35	310	1	1	1	309	18	327	1e-152	 547
6	gi|158819369|gb|EU011664.1|	99.35	310	1	1	1	309	15	324	1e-152	 547
6	gi|124302168|gb|EF212442.1|	99.35	310	1	1	1	309	45	354	1e-152	 547
6	gi|124377859|tpd|BR000309.1|	99.35	310	1	1	1	309	6621	6930	1e-152	 547
6	gi|120971643|gb|EF153845.1|	99.35	310	1	1	1	309	57	366	1e-152	 547
6	gi|120971637|gb|EF153844.1|	99.35	310	1	1	1	309	71	380	1e-152	 547
6	gi|119710093|gb|EF186908.1|	99.35	310	1	1	1	309	19	328	1e-152	 547
6	gi|118123421|dbj|AB278124.1|	99.35	310	1	1	1	309	8	317	1e-152	 547
6	gi|113060056|gb|DQ888227.1|	99.35	310	1	1	1	309	992	1301	1e-152	 547
6	gi|55273935|gb|AY799853.1|	99.35	310	1	1	1	309	22	331	1e-152	 547
6	gi|89243215|gb|DQ427066.1|	99.35	310	1	1	1	309	47	356	1e-152	 547
6	gi|89242470|gb|DQ355506.1|	99.35	310	1	1	1	309	51	360	1e-152	 547
6	gi|88854305|gb|DQ345290.1|	99.35	310	1	1	1	309	66	375	1e-152	 547
6	gi|88854303|gb|DQ345288.1|	99.35	310	1	1	1	309	64	373	1e-152	 547
6	gi|88854300|gb|DQ345285.1|	99.35	310	1	1	1	309	66	375	1e-152	 547
6	gi|88854295|gb|DQ345280.1|	99.35	310	1	1	1	309	1531	1222	1e-152	 547
6	gi|88854294|gb|DQ345279.1|	99.35	310	1	1	1	309	66	375	1e-152	 547
6	gi|33114591|gb|AY325966.1|AY325966S1	99.35	310	1	1	1	309	65	374	1e-152	 547
6	gi|31746905|gb|AY046249.1|	99.35	310	1	1	1	309	30	339	1e-152	 547
6	gi|31746891|gb|AY046235.1|	99.35	310	1	1	1	309	48	357	1e-152	 547
6	gi|31746889|gb|AY046233.1|	99.35	310	1	1	1	309	48	357	1e-152	 547
6	gi|31746887|gb|AY046231.1|	99.35	310	1	1	1	309	48	357	1e-152	 547
6	gi|31746883|gb|AY046227.1|	99.35	310	1	1	1	309	48	357	1e-152	 547
6	gi|31746882|gb|AY046226.1|	99.35	310	1	1	1	309	48	357	1e-152	 547
6	gi|31746881|gb|AY046225.1|	99.35	310	1	1	1	309	48	357	1e-152	 547
6	gi|70067231|dbj|AB198186.1|	99.35	310	1	1	1	309	71	380	1e-152	 547
6	gi|70067228|dbj|AB198185.1|	99.35	310	1	1	1	309	57	366	1e-152	 547
6	gi|70067225|dbj|AB198184.1|	99.35	310	1	1	1	309	69	378	1e-152	 547
6	gi|46019944|emb|AJ634601.1|	99.35	310	1	1	1	309	41	350	1e-152	 547
6	gi|29470207|gb|AY251636.1|	99.35	310	1	1	1	309	69	378	1e-152	 547
6	gi|29470205|gb|AY251634.1|	99.35	310	1	1	1	309	69	378	1e-152	 547
6	gi|29470202|gb|AY251631.1|	99.35	310	1	1	1	309	69	378	1e-152	 547
6	gi|29470201|gb|AY251630.1|	99.35	310	1	1	1	309	69	378	1e-152	 547
6	gi|29470200|gb|AY251629.1|	99.35	310	1	1	1	309	69	378	1e-152	 547
6	gi|29470194|gb|AY251623.1|	99.35	310	1	1	1	309	69	378	1e-152	 547
6	gi|29124950|gb|AY218892.1|	99.35	310	1	1	1	309	45	354	1e-152	 547
6	gi|29124949|gb|AY218891.1|	99.35	310	1	1	1	309	53	362	1e-152	 547
6	gi|29124948|gb|AY218890.1|	99.35	310	1	1	1	309	45	354	1e-152	 547
6	gi|29124947|gb|AY218889.1|	99.35	310	1	1	1	309	45	354	1e-152	 547
6	gi|29124944|gb|AY218888.1|	99.35	310	1	1	1	309	46	355	1e-152	 547
6	gi|46405678|gb|AY520274.1|	99.35	310	1	1	1	309	31	340	1e-152	 547
6	gi|46405648|gb|AY520244.1|	99.35	310	1	1	1	309	31	340	1e-152	 547
6	gi|26453343|dbj|AB086239.1|	99.35	310	1	1	1	309	48	357	1e-152	 547
6	gi|26453342|dbj|AB086238.1|	99.35	310	1	1	1	309	48	357	1e-152	 547
6	gi|21700114|dbj|AB087377.1|	99.35	310	1	1	1	309	48	357	1e-152	 547
6	gi|21700112|dbj|AB087375.1|	99.35	310	1	1	1	309	48	357	1e-152	 547
6	gi|21700111|dbj|AB087374.1|	99.35	310	1	1	1	309	48	357	1e-152	 547
6	gi|11071290|emb|AJ271812.1|	99.35	310	1	1	1	309	66	375	1e-152	 547
6	gi|11071289|emb|AJ271811.1|	99.35	310	1	1	1	309	66	375	1e-152	 547
6	gi|7592664|dbj|AB040998.1|	99.35	310	1	1	1	309	48	357	1e-152	 547
6	gi|7592663|dbj|AB040997.1|	99.35	310	1	1	1	309	48	357	1e-152	 547
6	gi|2190514|emb|X97805.1|	99.35	310	1	1	1	309	66	375	1e-152	 547
6	gi|2190509|emb|Z75578.1|	99.35	310	1	1	1	309	69	378	1e-152	 547
6	gi|2117314|emb|X97807.1|	99.35	310	1	1	1	309	65	374	1e-152	 547
6	gi|2117313|emb|X99525.1|	99.35	310	1	1	1	309	53	362	1e-152	 547
