# BLASTN 2.2.23+
# Query:  61 Entomophthorales;Entomophthoraceae;Entomophthora;Entomophthora thripidum
# Database: /home/rohinis/blastdb/blast_nt/nt
# Fields: query id, subject id, % identity, alignment length, mismatches, gap opens, q. start, q. end, s. start, s. end, evalue, bit score
# 100 hits found
61	gi|22535852|gb|AF296755.1|	97.87	328	5	2	1	326	36	363	3e-154	 553
61	gi|296035097|ref|NG_017183.1|	97.56	328	6	2	1	326	48	375	4e-153	 549
61	gi|19070702|gb|AF353725.1|	97.56	328	6	2	1	326	34	361	4e-153	 549
61	gi|19070701|gb|AF353724.1|	97.56	328	6	2	1	326	43	370	4e-153	 549
61	gi|19070700|gb|AF353723.1|	97.56	328	6	2	1	326	36	363	4e-153	 549
61	gi|849047|dbj|D29948.1|ENMRNAC	97.56	328	6	2	1	326	32	359	4e-153	 549
61	gi|299893326|gb|GU188313.1|	96.95	328	8	2	1	326	5	332	2e-150	 540
61	gi|145308028|gb|EF392564.1|	97.52	323	6	2	6	326	1	323	2e-150	 540
61	gi|20385355|gb|AF368516.1|	96.95	328	8	2	1	326	68	395	2e-150	 540
61	gi|145308012|gb|EF392548.1|	97.17	318	6	3	12	326	3	320	6e-145	 522
61	gi|3540276|gb|AF052402.1|AF052402	95.51	312	12	2	17	326	1	312	3e-136	 493
61	gi|78190516|gb|DQ177436.1|	94.22	329	14	5	1	326	8	334	3e-135	 489
61	gi|20385356|gb|AF368517.1|	92.94	326	18	4	4	326	70	393	9e-130	 471
61	gi|145308016|gb|EF392552.1|	92.92	325	18	4	5	326	1	323	3e-129	 470
61	gi|145308020|gb|EF392556.1|	93.02	315	17	4	14	326	4	315	7e-125	 455
61	gi|145308006|gb|EF392542.1|	92.70	315	18	3	14	326	7	318	7e-125	 455
61	gi|3540277|gb|AF052403.1|AF052403	93.02	315	17	4	14	326	43	354	7e-125	 455
61	gi|1373048|gb|U35394.1|EAU35394	92.70	315	18	3	14	326	117	428	7e-125	 455
61	gi|3540275|gb|AF052401.1|AF052401	88.99	318	26	8	15	326	44	358	8e-105	 389
61	gi|20385351|gb|AF368512.1|	87.85	321	32	5	11	326	77	395	3e-104	 387
61	gi|20385349|gb|AF368510.1|	87.46	327	25	9	12	326	77	399	4e-102	 379
61	gi|3540274|gb|AF052400.1|AF052400	87.81	320	29	8	15	326	45	362	2e-100	 374
61	gi|134022016|gb|EF023366.1|	86.50	326	34	6	9	326	71	394	7e-100	 372
61	gi|134022010|gb|EF023360.1|	86.50	326	34	6	9	326	71	394	7e-100	 372
61	gi|6561315|gb|AF113420.1|AF113420	87.54	321	29	8	14	326	43	360	7e-100	 372
61	gi|299789622|gb|GU067958.1|	85.80	324	35	5	12	326	78	399	1e-97	 365
61	gi|47132211|gb|AY601707.1|	86.24	327	34	7	9	326	20	344	1e-97	 365
61	gi|20385350|gb|AF368511.1|	86.96	322	33	8	11	326	76	394	3e-97	 363
61	gi|299789592|gb|GU067928.1|	85.49	324	36	5	12	326	78	399	4e-96	 360
61	gi|304361163|dbj|AB534508.1|	85.49	324	36	5	12	326	41	362	4e-96	 360
61	gi|113926798|emb|AM114806.1|	85.49	324	36	5	12	326	78	399	4e-96	 360
61	gi|296035106|ref|NG_017192.1|	85.94	320	38	5	12	326	40	357	1e-95	 358
61	gi|299789574|gb|GU067910.1|	85.19	324	37	5	12	326	77	398	5e-95	 356
61	gi|315434906|gb|HQ585900.1|	85.85	325	34	8	12	326	60	382	2e-94	 354
61	gi|296785198|gb|GU559978.1|	85.36	321	36	5	15	326	3	321	2e-94	 354
61	gi|284027673|gb|GU305995.1|	85.85	325	34	8	12	326	60	382	2e-94	 354
61	gi|284027654|gb|GU305976.1|	85.85	325	34	8	12	326	60	382	2e-94	 354
61	gi|134022147|gb|EF023497.1|	85.45	330	40	7	1	326	66	391	2e-94	 354
61	gi|134022221|gb|EF023571.1|	85.45	330	40	7	1	326	66	391	2e-94	 354
61	gi|134022267|gb|EF023617.1|	85.45	330	40	7	1	326	66	391	2e-94	 354
61	gi|134022057|gb|EF023407.1|	85.45	330	40	7	1	326	67	392	2e-94	 354
61	gi|134021775|gb|EF023125.1|	85.45	330	40	7	1	326	66	391	2e-94	 354
61	gi|157154597|gb|EU091833.1|	85.89	319	38	6	12	326	26	341	6e-94	 352
61	gi|108744658|gb|DQ536471.1|	85.54	332	36	9	5	326	33	362	6e-94	 352
61	gi|20385362|gb|AF368523.1|	85.85	325	36	8	12	326	79	403	6e-94	 352
61	gi|6561309|gb|AF113414.1|AF113414	85.76	323	36	7	12	326	42	362	6e-94	 352
61	gi|326371841|gb|HQ190194.1|	84.88	324	38	5	12	326	10	331	2e-93	 351
61	gi|300676323|gb|GU934575.1|	84.88	324	38	5	12	326	34	355	2e-93	 351
61	gi|284159898|gb|FJ918399.1|	85.67	321	35	7	15	326	23	341	2e-93	 351
61	gi|309296988|gb|HM475243.1|	85.71	322	36	7	12	326	65	383	2e-93	 351
61	gi|262235201|gb|GQ995412.1|	85.71	322	37	7	12	326	78	397	2e-93	 351
61	gi|256860489|gb|GQ404761.1|	84.88	324	38	5	12	326	33	354	2e-93	 351
61	gi|202072055|gb|FJ157332.1|	85.58	319	40	5	12	326	79	395	2e-93	 351
61	gi|190133825|gb|EU733541.1|	84.92	325	36	6	12	326	63	384	2e-93	 351
61	gi|145308009|gb|EF392545.1|	85.49	324	36	7	12	326	6	327	2e-93	 351
61	gi|134021836|gb|EF023186.1|	84.88	324	38	5	12	326	76	397	2e-93	 351
61	gi|296035098|ref|NG_017184.1|	85.49	324	36	7	12	326	58	379	2e-93	 351
61	gi|20385344|gb|AF368505.1|	85.49	324	36	7	12	326	78	399	2e-93	 351
61	gi|25045852|emb|AJ515950.1|	84.88	324	38	5	12	326	178	499	2e-93	 351
61	gi|6561308|gb|AF113413.1|AF113413	85.49	324	36	7	12	326	42	363	2e-93	 351
61	gi|328541398|gb|JF414205.1|	85.94	320	34	8	16	326	1	318	7e-93	 349
61	gi|328541397|gb|JF414204.1|	85.94	320	34	8	16	326	1	318	7e-93	 349
61	gi|315434905|gb|HQ585899.1|	85.54	325	35	8	12	326	60	382	7e-93	 349
61	gi|315434904|gb|HQ585898.1|	85.54	325	35	8	12	326	60	382	7e-93	 349
61	gi|315434903|gb|HQ585897.1|	85.54	325	35	8	12	326	60	382	7e-93	 349
61	gi|284027676|gb|GU305998.1|	85.54	325	35	8	12	326	60	382	7e-93	 349
61	gi|284027675|gb|GU305997.1|	85.94	320	33	8	17	326	65	382	7e-93	 349
61	gi|284027667|gb|GU305989.1|	85.54	325	35	8	12	326	60	382	7e-93	 349
61	gi|284027657|gb|GU305979.1|	85.54	325	35	8	12	326	60	382	7e-93	 349
61	gi|196020063|gb|EU860452.1|	85.23	325	36	7	12	326	4	326	7e-93	 349
61	gi|183013810|gb|EU428769.1|	84.34	332	40	6	5	326	10	339	7e-93	 349
61	gi|120561195|gb|EF014370.1|	85.54	325	35	8	12	326	41	363	7e-93	 349
61	gi|84039756|gb|DQ322625.1|	85.54	325	35	8	12	326	32	354	7e-93	 349
61	gi|6561319|gb|AF113424.1|AF113424	85.14	323	38	6	12	326	41	361	7e-93	 349
61	gi|886690|emb|X80341.1|	85.54	325	35	8	12	326	59	381	7e-93	 349
61	gi|168743|gb|M59761.1|NEORR18S	85.54	325	35	8	12	326	41	363	7e-93	 349
61	gi|345648526|gb|JF281730.1|	84.57	324	39	5	12	326	59	380	3e-92	 347
61	gi|345648502|gb|JF281706.1|	84.57	324	39	5	12	326	62	383	3e-92	 347
61	gi|345648482|gb|JF281686.1|	84.57	324	39	5	12	326	59	380	3e-92	 347
61	gi|345648472|gb|JF281676.1|	84.57	324	39	5	12	326	59	380	3e-92	 347
61	gi|339896227|gb|JN120086.1|	85.54	325	32	9	12	326	33	352	3e-92	 347
61	gi|333601535|gb|JF829183.1|	84.57	324	39	5	12	326	64	385	3e-92	 347
61	gi|343773678|dbj|AB627976.2|	84.57	324	39	5	12	326	74	395	3e-92	 347
61	gi|326371893|gb|HQ190246.1|	84.57	324	39	5	12	326	64	385	3e-92	 347
61	gi|326371891|gb|HQ190244.1|	84.57	324	39	5	12	326	63	384	3e-92	 347
61	gi|326371866|gb|HQ190219.1|	84.57	324	39	5	12	326	64	385	3e-92	 347
61	gi|326371840|gb|HQ190193.1|	84.57	324	39	5	12	326	64	385	3e-92	 347
61	gi|312831551|dbj|AB556934.1|	84.57	324	39	5	12	326	41	362	3e-92	 347
61	gi|312831540|dbj|AB556923.1|	84.57	324	39	5	12	326	41	362	3e-92	 347
61	gi|309296989|gb|HM475244.1|	85.40	322	37	7	12	326	65	383	3e-92	 347
61	gi|309296987|gb|HM475242.1|	85.40	322	37	7	12	326	65	383	3e-92	 347
61	gi|309296986|gb|HM475241.1|	85.40	322	37	7	12	326	65	383	3e-92	 347
61	gi|309296981|gb|HM475236.1|	84.88	324	38	6	12	326	60	381	3e-92	 347
61	gi|309296980|gb|HM475235.1|	84.57	324	39	5	12	326	60	381	3e-92	 347
61	gi|309296979|gb|HM475234.1|	84.88	324	38	6	12	326	60	381	3e-92	 347
61	gi|309296978|gb|HM475233.1|	84.57	324	39	5	12	326	60	381	3e-92	 347
61	gi|304361560|dbj|AB534355.1|	84.57	324	39	5	12	326	41	362	3e-92	 347
61	gi|304361519|dbj|AB534314.1|	84.57	324	39	5	12	326	41	362	3e-92	 347
61	gi|304361174|dbj|AB534519.1|	84.57	324	39	5	12	326	41	362	3e-92	 347
61	gi|304361166|dbj|AB534511.1|	84.57	324	39	5	12	326	41	362	3e-92	 347