# BLASTN 2.2.23+
# Query:  Endolimax nana-18s
# Database: /home/rohinis/blastdb/blast_nt/nt
# Fields: query id, subject id, % identity, alignment length, mismatches, gap opens, q. start, q. end, s. start, s. end, evalue, bit score
# 100 hits found
Endolimax	gi|6625685|gb|AF149916.1|AF149916	98.68	455	1	5	1	454	69	519	0.0	 776
Endolimax	gi|118723298|gb|DQ927316.1|	77.57	107	18	2	10	114	54	156	2e-12	82.4
Endolimax	gi|118723304|gb|DQ927322.1|	77.00	100	19	1	15	114	40	135	1e-10	77.0
Endolimax	gi|291258181|gb|GU923283.1|	75.22	113	26	1	15	125	242	354	4e-10	75.2
Endolimax	gi|291254612|gb|GU919714.1|	75.22	113	26	1	15	125	48	160	4e-10	75.2
Endolimax	gi|291253809|gb|GU918911.1|	75.22	113	26	1	15	125	74	186	4e-10	75.2
Endolimax	gi|219879212|gb|FJ499388.1|	77.78	99	18	2	14	112	80	174	4e-10	75.2
Endolimax	gi|326910166|gb|HQ999311.1|	78.26	92	14	2	15	106	62	147	1e-09	73.4
Endolimax	gi|326910024|gb|HQ999169.1|	78.26	92	14	2	15	106	62	147	1e-09	73.4
Endolimax	gi|326910001|gb|HQ999146.1|	78.26	92	14	2	15	106	62	147	1e-09	73.4
Endolimax	gi|326909964|gb|HQ999109.1|	78.26	92	14	2	15	106	62	147	1e-09	73.4
Endolimax	gi|326909904|gb|HQ999049.1|	78.26	92	14	2	15	106	62	147	1e-09	73.4
Endolimax	gi|326909818|gb|HQ998963.1|	78.26	92	14	2	15	106	62	147	1e-09	73.4
Endolimax	gi|326909810|gb|HQ998955.1|	78.26	92	14	2	15	106	62	147	1e-09	73.4
Endolimax	gi|326909806|gb|HQ998951.1|	78.26	92	14	2	15	106	62	147	1e-09	73.4
Endolimax	gi|326909805|gb|HQ998950.1|	78.26	92	14	2	15	106	62	147	1e-09	73.4
Endolimax	gi|326909804|gb|HQ998949.1|	78.26	92	14	2	15	106	62	147	1e-09	73.4
Endolimax	gi|326909803|gb|HQ998948.1|	78.26	92	14	2	15	106	62	147	1e-09	73.4
Endolimax	gi|326909801|gb|HQ998946.1|	78.26	92	14	2	15	106	62	147	1e-09	73.4
Endolimax	gi|326909800|gb|HQ998945.1|	78.26	92	14	2	15	106	62	147	1e-09	73.4
Endolimax	gi|326909795|gb|HQ998940.1|	78.26	92	14	2	15	106	62	147	1e-09	73.4
Endolimax	gi|326909779|gb|HQ998924.1|	78.26	92	14	2	15	106	62	147	1e-09	73.4
Endolimax	gi|326909778|gb|HQ998923.1|	78.26	92	14	2	15	106	62	147	1e-09	73.4
Endolimax	gi|326909776|gb|HQ998921.1|	78.26	92	14	2	15	106	62	147	1e-09	73.4
Endolimax	gi|326909739|gb|HQ998884.1|	78.26	92	14	2	15	106	62	147	1e-09	73.4
Endolimax	gi|310787307|gb|HM228013.1|	77.42	93	17	1	14	106	61	149	1e-09	73.4
Endolimax	gi|310787245|gb|HM227951.1|	77.42	93	17	1	14	106	61	149	1e-09	73.4
Endolimax	gi|209419498|gb|FJ222008.1|	78.49	93	16	2	14	106	80	168	1e-09	73.4
Endolimax	gi|209419434|gb|FJ221944.1|	78.49	93	16	2	14	106	80	168	1e-09	73.4
Endolimax	gi|209419433|gb|FJ221943.1|	78.49	93	16	2	14	106	80	168	1e-09	73.4
Endolimax	gi|209419427|gb|FJ221937.1|	78.49	93	16	2	14	106	80	168	1e-09	73.4
Endolimax	gi|209419109|gb|FJ221619.1|	78.49	93	16	2	14	106	80	168	1e-09	73.4
Endolimax	gi|157781174|gb|EU143998.1|	78.26	92	14	2	15	106	82	167	1e-09	73.4
Endolimax	gi|157781171|gb|EU143995.1|	78.26	92	14	2	15	106	82	167	1e-09	73.4
Endolimax	gi|326910145|gb|HQ999290.1|	76.53	98	18	2	15	112	62	154	2e-08	69.8
Endolimax	gi|326909948|gb|HQ999093.1|	76.53	98	17	2	15	112	62	153	2e-08	69.8
Endolimax	gi|307219180|dbj|AB550910.1|	77.53	89	16	1	18	106	63	147	2e-08	69.8
Endolimax	gi|295000943|gb|GU970555.1|	76.53	98	17	2	15	112	62	153	2e-08	69.8
Endolimax	gi|221185883|gb|FJ577830.1|	74.77	107	25	1	15	119	3	109	2e-08	69.8
Endolimax	gi|221185881|gb|FJ577828.1|	74.77	107	25	1	15	119	3	109	2e-08	69.8
Endolimax	gi|196020566|gb|EU860916.1|	76.24	101	19	2	15	114	5	101	2e-08	69.8
Endolimax	gi|343055131|gb|JF275646.1|	77.42	93	18	2	14	106	48	137	5e-08	68.0
Endolimax	gi|326910461|gb|HQ999606.1|	77.17	92	16	2	15	106	62	148	5e-08	68.0
Endolimax	gi|326910191|gb|HQ999336.1|	77.17	92	15	2	15	106	62	147	5e-08	68.0
Endolimax	gi|326910165|gb|HQ999310.1|	77.17	92	15	2	15	106	62	147	5e-08	68.0
Endolimax	gi|326910152|gb|HQ999297.1|	77.17	92	16	2	15	106	62	148	5e-08	68.0
Endolimax	gi|326910147|gb|HQ999292.1|	77.17	92	16	2	15	106	62	148	5e-08	68.0
Endolimax	gi|326910139|gb|HQ999284.1|	77.17	92	16	2	15	106	62	148	5e-08	68.0
Endolimax	gi|326909954|gb|HQ999099.1|	77.17	92	15	2	15	106	62	147	5e-08	68.0
Endolimax	gi|310787260|gb|HM227966.1|	76.34	93	18	1	14	106	61	149	5e-08	68.0
Endolimax	gi|310787238|gb|HM227944.1|	76.34	93	18	1	14	106	61	149	5e-08	68.0
Endolimax	gi|310786978|gb|HM227684.1|	76.34	93	18	1	14	106	61	149	5e-08	68.0
Endolimax	gi|310787038|gb|HM227744.1|	76.34	93	18	1	14	106	65	153	5e-08	68.0
Endolimax	gi|310787033|gb|HM227739.1|	76.34	93	18	1	14	106	40	128	5e-08	68.0
Endolimax	gi|310787014|gb|HM227720.1|	76.34	93	18	1	14	106	61	149	5e-08	68.0
Endolimax	gi|310787013|gb|HM227719.1|	76.34	93	18	1	14	106	61	149	5e-08	68.0
Endolimax	gi|310787012|gb|HM227718.1|	76.34	93	18	1	14	106	61	149	5e-08	68.0
Endolimax	gi|310787117|gb|HM227823.1|	76.34	93	18	1	14	106	61	149	5e-08	68.0
Endolimax	gi|310786951|gb|HM227657.1|	76.34	93	18	1	14	106	51	139	5e-08	68.0
Endolimax	gi|310786874|gb|HM227580.1|	76.34	93	18	1	14	106	61	149	5e-08	68.0
Endolimax	gi|259018344|gb|GQ458032.1|	76.24	101	16	3	15	113	41	135	5e-08	68.0
Endolimax	gi|239916547|gb|GQ139517.1|	76.24	101	16	3	15	113	81	175	5e-08	68.0
Endolimax	gi|209419561|gb|FJ222071.1|	77.42	93	17	2	14	106	80	168	5e-08	68.0
Endolimax	gi|209419560|gb|FJ222070.1|	77.42	93	17	2	14	106	80	168	5e-08	68.0
Endolimax	gi|209419559|gb|FJ222069.1|	77.42	93	17	2	14	106	80	168	5e-08	68.0
Endolimax	gi|209419555|gb|FJ222065.1|	77.42	93	17	2	14	106	80	168	5e-08	68.0
Endolimax	gi|209419551|gb|FJ222061.1|	77.42	93	17	2	14	106	80	168	5e-08	68.0
Endolimax	gi|209419541|gb|FJ222051.1|	77.42	93	17	2	14	106	80	168	5e-08	68.0
Endolimax	gi|209419538|gb|FJ222048.1|	77.42	93	17	2	14	106	80	168	5e-08	68.0
Endolimax	gi|209419527|gb|FJ222037.1|	77.42	93	17	2	14	106	80	168	5e-08	68.0
Endolimax	gi|209419524|gb|FJ222034.1|	77.42	93	17	2	14	106	80	168	5e-08	68.0
Endolimax	gi|209419518|gb|FJ222028.1|	77.42	93	17	2	14	106	80	168	5e-08	68.0
Endolimax	gi|209419517|gb|FJ222027.1|	77.42	93	17	2	14	106	80	168	5e-08	68.0
Endolimax	gi|209419516|gb|FJ222026.1|	77.42	93	17	2	14	106	80	168	5e-08	68.0
Endolimax	gi|209419511|gb|FJ222021.1|	77.42	93	17	2	14	106	80	168	5e-08	68.0
Endolimax	gi|209419508|gb|FJ222018.1|	77.42	93	17	2	14	106	80	168	5e-08	68.0
Endolimax	gi|209419504|gb|FJ222014.1|	77.42	93	17	2	14	106	80	168	5e-08	68.0
Endolimax	gi|209419502|gb|FJ222012.1|	77.42	93	17	2	14	106	80	168	5e-08	68.0
Endolimax	gi|209419499|gb|FJ222009.1|	77.42	93	17	2	14	106	80	168	5e-08	68.0
Endolimax	gi|209419496|gb|FJ222006.1|	77.42	93	17	2	14	106	80	168	5e-08	68.0
Endolimax	gi|209419493|gb|FJ222003.1|	77.42	93	17	2	14	106	80	168	5e-08	68.0
Endolimax	gi|209419485|gb|FJ221995.1|	77.42	93	17	2	14	106	80	168	5e-08	68.0
Endolimax	gi|209419483|gb|FJ221993.1|	77.42	93	17	2	14	106	80	168	5e-08	68.0
Endolimax	gi|209419480|gb|FJ221990.1|	77.42	93	17	2	14	106	80	168	5e-08	68.0
Endolimax	gi|209419476|gb|FJ221986.1|	77.42	93	17	2	14	106	80	168	5e-08	68.0
Endolimax	gi|209419475|gb|FJ221985.1|	77.42	93	17	2	14	106	80	168	5e-08	68.0
Endolimax	gi|209419474|gb|FJ221984.1|	77.42	93	17	2	14	106	80	168	5e-08	68.0
Endolimax	gi|209419470|gb|FJ221980.1|	77.42	93	17	2	14	106	80	168	5e-08	68.0
Endolimax	gi|209419468|gb|FJ221978.1|	77.42	93	17	2	14	106	80	168	5e-08	68.0
Endolimax	gi|209419459|gb|FJ221969.1|	77.42	93	17	2	14	106	80	168	5e-08	68.0
Endolimax	gi|209419456|gb|FJ221966.1|	77.42	93	17	2	14	106	80	168	5e-08	68.0
Endolimax	gi|209419451|gb|FJ221961.1|	77.42	93	17	2	14	106	80	168	5e-08	68.0
Endolimax	gi|209419448|gb|FJ221958.1|	77.42	93	17	2	14	106	80	168	5e-08	68.0
Endolimax	gi|209419442|gb|FJ221952.1|	77.42	93	17	2	14	106	80	168	5e-08	68.0
Endolimax	gi|209419439|gb|FJ221949.1|	77.42	93	17	2	14	106	80	168	5e-08	68.0
Endolimax	gi|209419431|gb|FJ221941.1|	77.42	93	17	2	14	106	80	168	5e-08	68.0
Endolimax	gi|209419424|gb|FJ221934.1|	77.42	93	17	2	14	106	80	168	5e-08	68.0
Endolimax	gi|209419411|gb|FJ221921.1|	77.42	93	17	2	14	106	80	168	5e-08	68.0
Endolimax	gi|209419409|gb|FJ221919.1|	77.42	93	17	2	14	106	80	168	5e-08	68.0
Endolimax	gi|209419408|gb|FJ221918.1|	77.42	93	17	2	14	106	80	168	5e-08	68.0
# BLASTN 2.2.23+
# Query:  5 Human
# Database: /home/rohinis/blastdb/blast_nt/nt
# Fields: query id, subject id, % identity, alignment length, mismatches, gap opens, q. start, q. end, s. start, s. end, evalue, bit score
# 103 hits found
5	gi|310787006|gb|HM227712.1|	98.69	382	2	3	1	381	48	427	0.0	 655
5	gi|310786446|gb|HM227152.1|	98.69	382	2	3	1	381	48	427	0.0	 655
5	gi|310786430|gb|HM227136.1|	98.69	382	2	3	1	381	48	427	0.0	 655
5	gi|310786431|gb|HM227137.1|	98.69	382	2	3	1	381	48	427	0.0	 655
5	gi|310786211|gb|HM226917.1|	98.69	382	2	3	1	381	48	427	0.0	 655
5	gi|310786292|gb|HM226998.1|	98.69	382	2	3	1	381	48	427	0.0	 655
5	gi|297747482|gb|AC231275.2|	98.69	382	2	3	1	381	30710	31089	0.0	 655
5	gi|296434039|emb|FP236383.15|	98.69	382	2	3	1	381	81762	82141	0.0	 655
5	gi|296434039|emb|FP236383.15|	98.69	382	2	3	1	381	125972	126351	0.0	 655
5	gi|225637497|ref|NR_003286.2|	98.69	382	2	3	1	381	68	447	0.0	 655
5	gi|225420919|gb|FJ785949.1|	98.69	382	2	3	1	381	42	421	0.0	 655
5	gi|225420918|gb|FJ785948.1|	98.69	382	2	3	1	381	27	406	0.0	 655
5	gi|157677450|emb|CT476837.18|	98.69	382	2	3	1	381	97772	98151	0.0	 655
5	gi|151415227|emb|AL353644.34|	98.69	382	2	3	1	381	125998	126377	0.0	 655
5	gi|151415227|emb|AL353644.34|	98.69	382	2	3	1	381	171079	171458	0.0	 655
5	gi|92443669|gb|BC025983.1|	98.69	382	2	3	1	381	41	420	0.0	 655
5	gi|15011541|gb|AF397158.1|AF397158	98.69	382	2	3	1	381	86	465	0.0	 655
5	gi|86475748|emb|AL592188.60|	98.69	382	2	3	1	381	109145	109524	0.0	 655
5	gi|86475748|emb|AL592188.60|	98.69	382	2	3	1	381	153117	153496	0.0	 655
5	gi|555853|gb|U13369.1|HSU13369	98.69	382	2	3	1	381	3724	4103	0.0	 655
5	gi|337377|gb|K03432.1|HUMRGEA	98.69	382	2	3	1	381	208	587	0.0	 655
5	gi|310787202|gb|HM227908.1|	98.43	382	3	3	1	381	48	427	0.0	 652
5	gi|310786416|gb|HM227122.1|	98.43	382	3	3	1	381	48	427	0.0	 652
5	gi|310786349|gb|HM227055.1|	98.43	382	3	3	1	381	27	406	0.0	 652
5	gi|310786182|gb|HM226888.1|	98.43	382	3	3	1	381	48	427	0.0	 652
5	gi|225420915|gb|FJ785945.1|	98.43	382	3	3	1	381	47	426	0.0	 652
5	gi|194396445|gb|EU647001.1|	98.43	382	3	3	1	381	55	434	0.0	 652
5	gi|51241694|emb|CR392039.8|	98.43	382	3	3	1	381	156435	156056	0.0	 652
5	gi|36162|emb|X03205.1|	98.43	382	3	3	1	381	68	447	0.0	 652
5	gi|310786364|gb|HM227070.1|	98.17	382	4	3	1	381	48	427	0.0	 646
5	gi|337376|gb|M10098.1|HUMRGE	98.17	382	4	3	1	381	169	548	0.0	 646
5	gi|310786786|gb|HM227492.1|	97.91	382	5	3	1	381	48	427	0.0	 643
5	gi|90075345|dbj|AB170290.1|	97.92	384	3	4	1	381	64	445	0.0	 643
5	gi|41056851|gb|AY471616.1|	97.91	382	5	3	1	381	63	442	0.0	 643
5	gi|310786343|gb|HM227049.1|	98.66	374	2	3	9	381	1	372	1e-180	 641
5	gi|343965963|gb|JN412502.1|	97.91	383	3	5	1	381	68	447	1e-179	 637
5	gi|336126652|gb|HQ658084.1|	97.91	383	3	5	1	381	68	447	1e-179	 637
5	gi|194307128|gb|EU823286.1|	97.91	383	3	5	1	381	65	444	1e-179	 637
5	gi|83025271|gb|DQ287955.1|	97.64	382	6	3	1	381	63	442	1e-179	 637
5	gi|18369731|emb|AJ311674.1|	97.91	383	3	5	1	381	47	426	1e-179	 637
5	gi|18369730|emb|AJ311673.1|	97.91	383	3	5	1	381	47	426	1e-179	 637
5	gi|157422551|gb|EU131100.1|	97.65	383	5	4	1	381	6	386	4e-179	 636
5	gi|18369732|emb|AJ311675.1|	97.65	383	5	4	1	381	47	427	4e-179	 636
5	gi|301792756|ref|XM_002931299.1|	97.38	382	7	3	1	381	97	476	1e-178	 634
5	gi|41056849|gb|AY471614.1|	97.64	382	5	4	1	381	63	441	1e-178	 634
5	gi|307691242|ref|NR_036642.1|	97.65	383	4	5	1	381	68	447	5e-178	 632
5	gi|83321215|gb|DQ222453.1|	97.65	383	4	5	1	381	68	447	5e-178	 632
5	gi|291415307|ref|XM_002723847.1|	97.13	383	7	4	1	381	68	448	2e-176	 627
5	gi|288785475|dbj|AK352157.1|	97.40	384	4	6	1	381	49	429	2e-176	 627
5	gi|288778589|dbj|AK348414.1|	97.40	384	4	6	1	381	65	445	2e-176	 627
5	gi|157417858|gb|EU136630.1|	97.13	383	7	4	1	381	20	400	2e-176	 627
5	gi|115553642|dbj|AK239829.1|	97.40	384	4	6	1	381	79	459	2e-176	 627
5	gi|115552450|dbj|AK236455.1|	97.40	384	4	6	1	381	28	408	2e-176	 627
5	gi|86620446|ref|NR_002170.3|	97.40	384	4	6	1	381	1908	1528	2e-176	 627
5	gi|310786700|gb|HM227406.1|	98.63	364	2	3	19	381	1	362	3e-175	 623
5	gi|299778737|gb|GQ462780.1|	97.87	375	3	5	9	381	1	372	3e-175	 623
5	gi|37693469|dbj|AB117609.1|	97.14	384	5	6	1	381	62	442	9e-175	 621
5	gi|307829144|gb|GU372691.1|	96.62	385	6	6	1	381	7078	7459	4e-173	 616
5	gi|225420946|gb|FJ785976.1|	96.62	385	6	6	1	381	47	428	4e-173	 616
5	gi|225420909|gb|FJ785939.1|	96.62	385	6	6	1	381	47	428	4e-173	 616
5	gi|157420112|gb|EU139317.1|	96.62	385	6	6	1	381	17	398	4e-173	 616
5	gi|78355009|gb|DQ235090.1|	96.61	384	8	5	1	381	11696	12077	4e-173	 616
5	gi|33304382|gb|AY248756.1|	96.62	385	6	6	1	381	68	449	4e-173	 616
5	gi|74189443|dbj|AK135936.1|	96.62	385	6	6	1	381	68	449	4e-173	 616
5	gi|74179527|dbj|AK135184.1|	96.62	385	6	6	1	381	68	449	4e-173	 616
5	gi|74225929|dbj|AK149123.1|	96.62	385	6	6	1	381	68	449	4e-173	 616
5	gi|74180474|dbj|AK157747.1|	96.62	385	6	6	1	381	68	449	4e-173	 616
5	gi|50510718|dbj|AK173067.1|	96.62	385	6	6	1	381	34	415	4e-173	 616
5	gi|50872|emb|X56974.1|	96.62	385	6	6	1	381	1257	1638	4e-173	 616
5	gi|298911367|emb|FQ219455.1|	96.10	385	9	4	1	381	68	450	1e-172	 614
5	gi|298902014|emb|FQ231477.1|	96.10	385	9	4	1	381	68	450	1e-172	 614
5	gi|225420953|gb|FJ785983.1|	96.37	386	6	6	1	381	47	429	1e-172	 614
5	gi|298913910|emb|FQ219638.1|	95.84	385	10	4	1	381	68	450	2e-171	 610
5	gi|298893405|emb|FQ234347.1|	95.84	385	10	4	1	381	68	450	2e-171	 610
5	gi|298891982|emb|FQ220828.1|	95.84	385	10	4	1	381	68	450	2e-171	 610
5	gi|298890509|emb|FQ234229.1|	95.84	385	10	4	1	381	68	450	2e-171	 610
5	gi|298890327|emb|FQ234053.1|	95.84	385	10	4	1	381	66	448	2e-171	 610
5	gi|346716260|ref|NR_045132.1|	96.11	386	8	6	1	381	72	455	6e-171	 609
5	gi|37626311|gb|AY390526.1|	96.11	386	8	6	1	381	2099	2482	6e-171	 609
5	gi|298903683|emb|FQ212694.1|	95.84	385	9	5	1	381	68	449	2e-170	 607
5	gi|38176281|tpg|BK000964.1|	96.36	385	6	7	1	381	4075	4455	2e-170	 607
5	gi|1261918|emb|X82564.1|	96.36	385	6	7	1	381	9710	10090	2e-170	 607
5	gi|53990|emb|X00686.1|	96.36	385	6	7	1	381	68	448	2e-170	 607
5	gi|298910348|emb|FQ225340.1|	95.58	385	11	4	1	381	68	450	7e-170	 605
5	gi|298902619|emb|FQ235254.1|	95.58	385	11	4	1	381	68	450	7e-170	 605
5	gi|298901922|emb|FQ228216.1|	95.58	385	11	4	1	381	68	450	7e-170	 605
5	gi|298899034|emb|FQ212285.1|	95.84	385	10	5	1	381	66	448	7e-170	 605
5	gi|298897817|emb|FQ228037.1|	95.58	385	11	4	1	381	68	450	7e-170	 605
5	gi|298897415|emb|FQ227832.1|	95.58	385	11	4	1	381	68	450	7e-170	 605
5	gi|298889833|emb|FQ227006.1|	95.58	385	11	4	1	381	68	450	7e-170	 605
5	gi|298885247|emb|FQ230247.1|	95.58	385	11	4	1	381	68	450	7e-170	 605
5	gi|74179056|dbj|AK171941.1|	96.09	384	8	6	1	381	68	447	7e-170	 605
5	gi|298910636|emb|FQ225624.1|	95.32	385	12	4	1	381	68	450	9e-169	 601
5	gi|298904022|emb|FQ216143.1|	95.32	385	12	4	1	381	68	450	9e-169	 601
5	gi|298901836|emb|FQ228130.1|	95.32	385	12	4	1	381	68	450	9e-169	 601
5	gi|200729|gb|K01364.1|MUSRGE51	95.84	385	9	6	1	381	391	772	9e-169	 601
5	gi|288576869|dbj|AK347462.1|	97.04	372	5	6	13	381	1	369	3e-168	 600
5	gi|2624399|emb|V01270.1|	95.58	385	10	6	1	381	68	449	1e-167	 598
5	gi|57149|emb|X01117.1|	95.58	385	10	6	1	381	68	449	1e-167	 598
5	gi|298898269|emb|FQ234841.1|	95.06	385	13	4	1	381	68	450	4e-167	 596
5	gi|214027249|gb|FJ436026.1|	98.57	349	2	3	34	381	1	347	4e-167	 596
5	gi|206631|gb|M11188.1|RATRGEA	95.34	386	10	6	1	381	78	460	4e-167	 596
5	gi|328447215|ref|NR_003278.2|	94.63	391	7	7	1	381	67	453	5e-166	 592
# BLASTN 2.2.23+
# Query:  9 Mucor
# Database: /home/rohinis/blastdb/blast_nt/nt
# Fields: query id, subject id, % identity, alignment length, mismatches, gap opens, q. start, q. end, s. start, s. end, evalue, bit score
# 100 hits found
9	gi|194440933|gb|EU847660.1|	99.40	336	2	0	1	336	31	366	9e-168	 598
9	gi|305958968|gb|HM641689.1|	99.41	337	1	1	1	336	72	408	3e-167	 596
9	gi|175940652|gb|EU484196.1|	99.41	337	1	1	1	336	31	367	3e-167	 596
9	gi|33333751|gb|AF545631.1|	99.41	337	1	1	1	336	3	339	3e-167	 596
9	gi|336126964|gb|HM172868.1|	99.40	334	1	1	4	336	1	334	1e-165	 590
9	gi|330894854|gb|HQ845293.1|	99.11	337	2	1	1	336	2	338	1e-165	 590
9	gi|209402414|gb|EU736294.1|	99.11	337	2	1	1	336	32	368	1e-165	 590
9	gi|175940704|gb|EU484248.1|	99.11	337	2	1	1	336	31	367	1e-165	 590
9	gi|175940700|gb|EU484244.1|	99.11	337	2	1	1	336	31	367	1e-165	 590
9	gi|175940686|gb|EU484230.1|	99.11	337	2	1	1	336	31	367	1e-165	 590
9	gi|175940684|gb|EU484228.1|	99.11	337	2	1	1	336	31	367	1e-165	 590
9	gi|171467211|gb|EU484290.1|	99.11	337	2	1	1	336	31	367	1e-165	 590
9	gi|194440937|gb|EU847664.1|	99.11	337	2	1	1	336	31	367	1e-165	 590
9	gi|167989671|gb|EU326686.1|	99.11	337	2	1	1	336	67	403	1e-165	 590
9	gi|165993426|emb|AM933559.1|	99.11	337	2	1	1	336	32	368	1e-165	 590
9	gi|6561322|gb|AF113427.1|AF113427	99.11	337	2	1	1	336	32	368	1e-165	 590
9	gi|2961|emb|X54863.1|	99.11	337	2	1	1	336	69	405	1e-165	 590
9	gi|193872639|gb|EU793999.1|	98.81	337	3	1	1	336	71	407	2e-164	 587
9	gi|11078007|gb|AF157122.1|AF157122	98.81	337	3	1	1	336	32	368	2e-164	 587
9	gi|183392995|gb|EU590664.1|	99.10	334	2	1	4	336	2	335	6e-164	 585
9	gi|189419122|gb|EU710834.1|	99.10	333	2	1	5	336	1	333	2e-163	 583
9	gi|11078019|gb|AF157134.1|AF157134	98.81	337	2	2	1	336	32	367	2e-163	 583
9	gi|6706299|emb|AJ271061.1|	98.81	337	2	2	1	336	660	995	2e-163	 583
9	gi|175940678|gb|EU484222.1|	98.52	337	4	1	1	336	31	367	7e-163	 581
9	gi|6561326|gb|AF113431.1|AF113431	98.52	337	4	1	1	336	32	368	7e-163	 581
9	gi|304367884|gb|HM623317.1|	98.21	336	6	0	1	336	60	395	3e-162	 580
9	gi|213876653|gb|FJ430740.1|	99.09	331	2	1	7	336	1	331	3e-162	 580
9	gi|330894853|gb|HQ845292.1|	98.52	337	3	2	1	336	28	363	9e-162	 578
9	gi|304367885|gb|HM623319.1|	98.52	337	3	2	1	336	31	366	9e-162	 578
9	gi|175940716|gb|EU484260.1|	98.52	337	3	2	1	336	31	366	9e-162	 578
9	gi|11078014|gb|AF157129.1|AF157129	98.52	337	3	2	1	336	28	363	9e-162	 578
9	gi|6561325|gb|AF113430.1|AF113430	98.22	337	5	1	1	336	32	368	9e-162	 578
9	gi|175940650|gb|EU484194.1|	97.92	337	6	1	1	336	31	367	4e-160	 572
9	gi|326909864|gb|HQ999009.1|	97.93	338	5	2	1	336	49	386	1e-159	 571
9	gi|209402415|gb|EU736295.1|	97.93	338	5	2	1	336	32	369	1e-159	 571
9	gi|175940702|gb|EU484246.1|	97.93	338	5	2	1	336	31	368	1e-159	 571
9	gi|11078017|gb|AF157132.1|AF157132	97.92	337	5	2	1	336	32	367	5e-159	 569
9	gi|209402416|gb|EU736296.1|	97.63	338	6	2	1	336	32	369	2e-158	 567
9	gi|209402418|gb|EU736298.1|	97.33	337	8	1	1	336	32	368	2e-157	 563
9	gi|209402404|gb|EU736284.1|	97.33	337	8	1	1	336	32	368	2e-157	 563
9	gi|209402403|gb|EU736283.1|	97.33	337	8	1	1	336	32	368	2e-157	 563
9	gi|175940654|gb|EU484198.1|	97.33	337	8	1	1	336	31	367	2e-157	 563
9	gi|332650590|gb|JF824695.1|	97.32	336	8	1	2	336	1	336	7e-157	 562
9	gi|326910415|gb|HQ999560.1|	97.34	338	7	2	1	336	49	386	7e-157	 562
9	gi|175940698|gb|EU484242.1|	97.34	338	7	2	1	336	31	368	7e-157	 562
9	gi|336126955|gb|HM172842.1|	97.03	337	9	1	1	336	1	337	2e-156	 560
9	gi|304367882|gb|HM623313.1|	97.03	337	9	1	1	336	70	406	2e-156	 560
9	gi|226426419|gb|FJ605511.1|	97.03	337	9	1	1	336	41	377	2e-156	 560
9	gi|175940647|gb|EU484191.1|	97.03	337	9	1	1	336	31	367	2e-156	 560
9	gi|54778602|gb|AY633567.1|	97.03	337	9	1	1	336	31	367	2e-156	 560
9	gi|6561323|gb|AF113428.1|AF113428	97.03	337	9	1	1	336	32	368	2e-156	 560
9	gi|4929159|gb|AF141969.1|	97.35	340	4	4	1	336	69	407	2e-156	 560
9	gi|11078026|gb|AF157141.1|AF157141	97.33	337	6	3	1	336	32	366	3e-155	 556
9	gi|11078010|gb|AF157125.1|AF157125	97.03	337	8	2	1	336	32	367	3e-155	 556
9	gi|11078004|gb|AF157119.1|AF157119	97.03	337	8	2	1	336	32	367	3e-155	 556
9	gi|209402405|gb|EU736285.1|	96.74	337	10	1	1	336	32	368	1e-154	 554
9	gi|175940710|gb|EU484254.1|	96.74	337	10	1	1	336	31	367	1e-154	 554
9	gi|33334392|gb|AF548078.1|	97.87	329	5	2	10	336	1	329	1e-154	 554
9	gi|336126958|gb|HM172845.1|	96.75	338	9	2	1	336	4	341	3e-154	 553
9	gi|209402409|gb|EU736289.1|	96.75	338	9	2	1	336	32	369	3e-154	 553
9	gi|209402408|gb|EU736288.1|	96.75	338	9	2	1	336	32	369	3e-154	 553
9	gi|58197992|gb|AY743664.1|	97.03	337	7	3	3	336	54	390	3e-154	 553
9	gi|336126959|gb|HM172846.1|	96.74	337	9	2	2	336	1	337	1e-153	 551
9	gi|44954215|gb|AY556490.1|	96.74	337	9	2	1	336	33	368	1e-153	 551
9	gi|11078011|gb|AF157126.1|AF157126	96.74	337	9	2	1	336	31	366	1e-153	 551
9	gi|210161768|gb|EU826363.1|	96.45	338	10	2	1	336	32	369	4e-153	 549
9	gi|183448088|gb|EU595658.1|	96.45	338	10	2	1	336	32	369	4e-153	 549
9	gi|183448089|gb|EU595659.1|	96.45	338	10	2	1	336	32	369	4e-153	 549
9	gi|11078039|gb|AF157154.1|AF157154	96.75	338	8	3	1	336	32	368	4e-153	 549
9	gi|336126957|gb|HM172844.1|	96.72	335	9	2	4	336	1	335	1e-152	 547
9	gi|183013809|gb|EU428768.1|	96.72	335	9	2	4	336	13	347	1e-152	 547
9	gi|183013808|gb|EU428767.1|	96.72	335	9	2	4	336	5	339	1e-152	 547
9	gi|336126961|gb|HM172865.1|	96.96	329	9	1	9	336	1	329	5e-152	 545
9	gi|209402417|gb|EU736297.1|	96.14	337	12	1	1	336	32	368	5e-152	 545
9	gi|11078024|gb|AF157139.1|AF157139	96.45	338	9	3	1	336	31	367	5e-152	 545
9	gi|284027663|gb|GU305985.1|	96.15	338	11	2	1	336	50	387	2e-151	 544
9	gi|6561321|gb|AF113426.1|AF113426	96.44	337	9	3	1	336	32	366	2e-151	 544
9	gi|914854|emb|X89434.1|	96.14	337	11	2	1	336	32	367	6e-151	 542
9	gi|345546709|gb|JF682880.1|	99.35	306	1	1	1	305	50	355	2e-150	 540
9	gi|345546701|gb|JF682872.1|	99.35	306	1	1	1	305	49	354	2e-150	 540
9	gi|345546700|gb|JF682871.1|	99.35	306	1	1	1	305	51	356	2e-150	 540
9	gi|11078048|gb|AF157163.1|AF157163	96.15	338	10	3	1	336	32	368	2e-150	 540
9	gi|11078037|gb|AF157152.1|AF157152	96.15	338	10	3	1	336	32	368	2e-150	 540
9	gi|209402407|gb|EU736287.1|	96.14	337	10	3	1	336	32	366	8e-150	 538
9	gi|175940706|gb|EU484250.1|	95.85	337	12	2	1	336	31	366	8e-150	 538
9	gi|164455082|dbj|AB331201.1|	97.80	318	6	1	20	336	1	318	8e-150	 538
9	gi|164455074|dbj|AB331193.1|	97.80	318	6	1	20	336	1	318	8e-150	 538
9	gi|11078055|gb|AF157170.1|AF157170	95.85	337	12	2	1	336	31	366	8e-150	 538
9	gi|304367887|gb|HM623323.1|	95.85	337	11	3	1	336	32	366	9e-149	 535
9	gi|330894863|gb|HQ845302.1|	95.55	337	13	2	1	336	8	343	3e-148	 533
9	gi|330894860|gb|HQ845299.1|	95.55	337	13	2	1	336	11	346	3e-148	 533
9	gi|330894861|gb|HQ845300.1|	95.55	337	13	2	1	336	11	346	3e-148	 533
9	gi|326807139|gb|HQ332515.1|	95.55	337	13	2	1	336	32	367	3e-148	 533
9	gi|304367883|gb|HM623315.1|	95.55	337	13	2	1	336	70	405	3e-148	 533
9	gi|117653301|gb|EF060893.1|	95.55	337	13	2	1	336	39	374	3e-148	 533
9	gi|337752618|gb|JN003654.1|	95.25	337	13	2	1	336	68	402	4e-147	 529
9	gi|175940696|gb|EU484240.1|	95.25	337	13	2	1	336	31	365	4e-147	 529
9	gi|175940690|gb|EU484234.1|	95.25	337	13	2	1	336	31	365	4e-147	 529
9	gi|175940688|gb|EU484232.1|	95.25	337	13	2	1	336	31	365	4e-147	 529
9	gi|175940682|gb|EU484226.1|	95.25	337	13	2	1	336	31	365	4e-147	 529
# BLASTN 2.2.23+
# Query:  61 Entomophthorales;Entomophthoraceae;Entomophthora;Entomophthora thripidum
# Database: /home/rohinis/blastdb/blast_nt/nt
# Fields: query id, subject id, % identity, alignment length, mismatches, gap opens, q. start, q. end, s. start, s. end, evalue, bit score
# 100 hits found
61	gi|22535852|gb|AF296755.1|	97.87	328	5	2	1	326	36	363	3e-154	 553
61	gi|296035097|ref|NG_017183.1|	97.56	328	6	2	1	326	48	375	4e-153	 549
61	gi|19070702|gb|AF353725.1|	97.56	328	6	2	1	326	34	361	4e-153	 549
61	gi|19070701|gb|AF353724.1|	97.56	328	6	2	1	326	43	370	4e-153	 549
61	gi|19070700|gb|AF353723.1|	97.56	328	6	2	1	326	36	363	4e-153	 549
61	gi|849047|dbj|D29948.1|ENMRNAC	97.56	328	6	2	1	326	32	359	4e-153	 549
61	gi|299893326|gb|GU188313.1|	96.95	328	8	2	1	326	5	332	2e-150	 540
61	gi|145308028|gb|EF392564.1|	97.52	323	6	2	6	326	1	323	2e-150	 540
61	gi|20385355|gb|AF368516.1|	96.95	328	8	2	1	326	68	395	2e-150	 540
61	gi|145308012|gb|EF392548.1|	97.17	318	6	3	12	326	3	320	6e-145	 522
61	gi|3540276|gb|AF052402.1|AF052402	95.51	312	12	2	17	326	1	312	3e-136	 493
61	gi|78190516|gb|DQ177436.1|	94.22	329	14	5	1	326	8	334	3e-135	 489
61	gi|20385356|gb|AF368517.1|	92.94	326	18	4	4	326	70	393	9e-130	 471
61	gi|145308016|gb|EF392552.1|	92.92	325	18	4	5	326	1	323	3e-129	 470
61	gi|145308020|gb|EF392556.1|	93.02	315	17	4	14	326	4	315	7e-125	 455
61	gi|145308006|gb|EF392542.1|	92.70	315	18	3	14	326	7	318	7e-125	 455
61	gi|3540277|gb|AF052403.1|AF052403	93.02	315	17	4	14	326	43	354	7e-125	 455
61	gi|1373048|gb|U35394.1|EAU35394	92.70	315	18	3	14	326	117	428	7e-125	 455
61	gi|3540275|gb|AF052401.1|AF052401	88.99	318	26	8	15	326	44	358	8e-105	 389
61	gi|20385351|gb|AF368512.1|	87.85	321	32	5	11	326	77	395	3e-104	 387
61	gi|20385349|gb|AF368510.1|	87.46	327	25	9	12	326	77	399	4e-102	 379
61	gi|3540274|gb|AF052400.1|AF052400	87.81	320	29	8	15	326	45	362	2e-100	 374
61	gi|134022016|gb|EF023366.1|	86.50	326	34	6	9	326	71	394	7e-100	 372
61	gi|134022010|gb|EF023360.1|	86.50	326	34	6	9	326	71	394	7e-100	 372
61	gi|6561315|gb|AF113420.1|AF113420	87.54	321	29	8	14	326	43	360	7e-100	 372
61	gi|299789622|gb|GU067958.1|	85.80	324	35	5	12	326	78	399	1e-97	 365
61	gi|47132211|gb|AY601707.1|	86.24	327	34	7	9	326	20	344	1e-97	 365
61	gi|20385350|gb|AF368511.1|	86.96	322	33	8	11	326	76	394	3e-97	 363
61	gi|299789592|gb|GU067928.1|	85.49	324	36	5	12	326	78	399	4e-96	 360
61	gi|304361163|dbj|AB534508.1|	85.49	324	36	5	12	326	41	362	4e-96	 360
61	gi|113926798|emb|AM114806.1|	85.49	324	36	5	12	326	78	399	4e-96	 360
61	gi|296035106|ref|NG_017192.1|	85.94	320	38	5	12	326	40	357	1e-95	 358
61	gi|299789574|gb|GU067910.1|	85.19	324	37	5	12	326	77	398	5e-95	 356
61	gi|315434906|gb|HQ585900.1|	85.85	325	34	8	12	326	60	382	2e-94	 354
61	gi|296785198|gb|GU559978.1|	85.36	321	36	5	15	326	3	321	2e-94	 354
61	gi|284027673|gb|GU305995.1|	85.85	325	34	8	12	326	60	382	2e-94	 354
61	gi|284027654|gb|GU305976.1|	85.85	325	34	8	12	326	60	382	2e-94	 354
61	gi|134022147|gb|EF023497.1|	85.45	330	40	7	1	326	66	391	2e-94	 354
61	gi|134022221|gb|EF023571.1|	85.45	330	40	7	1	326	66	391	2e-94	 354
61	gi|134022267|gb|EF023617.1|	85.45	330	40	7	1	326	66	391	2e-94	 354
61	gi|134022057|gb|EF023407.1|	85.45	330	40	7	1	326	67	392	2e-94	 354
61	gi|134021775|gb|EF023125.1|	85.45	330	40	7	1	326	66	391	2e-94	 354
61	gi|157154597|gb|EU091833.1|	85.89	319	38	6	12	326	26	341	6e-94	 352
61	gi|108744658|gb|DQ536471.1|	85.54	332	36	9	5	326	33	362	6e-94	 352
61	gi|20385362|gb|AF368523.1|	85.85	325	36	8	12	326	79	403	6e-94	 352
61	gi|6561309|gb|AF113414.1|AF113414	85.76	323	36	7	12	326	42	362	6e-94	 352
61	gi|326371841|gb|HQ190194.1|	84.88	324	38	5	12	326	10	331	2e-93	 351
61	gi|300676323|gb|GU934575.1|	84.88	324	38	5	12	326	34	355	2e-93	 351
61	gi|284159898|gb|FJ918399.1|	85.67	321	35	7	15	326	23	341	2e-93	 351
61	gi|309296988|gb|HM475243.1|	85.71	322	36	7	12	326	65	383	2e-93	 351
61	gi|262235201|gb|GQ995412.1|	85.71	322	37	7	12	326	78	397	2e-93	 351
61	gi|256860489|gb|GQ404761.1|	84.88	324	38	5	12	326	33	354	2e-93	 351
61	gi|202072055|gb|FJ157332.1|	85.58	319	40	5	12	326	79	395	2e-93	 351
61	gi|190133825|gb|EU733541.1|	84.92	325	36	6	12	326	63	384	2e-93	 351
61	gi|145308009|gb|EF392545.1|	85.49	324	36	7	12	326	6	327	2e-93	 351
61	gi|134021836|gb|EF023186.1|	84.88	324	38	5	12	326	76	397	2e-93	 351
61	gi|296035098|ref|NG_017184.1|	85.49	324	36	7	12	326	58	379	2e-93	 351
61	gi|20385344|gb|AF368505.1|	85.49	324	36	7	12	326	78	399	2e-93	 351
61	gi|25045852|emb|AJ515950.1|	84.88	324	38	5	12	326	178	499	2e-93	 351
61	gi|6561308|gb|AF113413.1|AF113413	85.49	324	36	7	12	326	42	363	2e-93	 351
61	gi|328541398|gb|JF414205.1|	85.94	320	34	8	16	326	1	318	7e-93	 349
61	gi|328541397|gb|JF414204.1|	85.94	320	34	8	16	326	1	318	7e-93	 349
61	gi|315434905|gb|HQ585899.1|	85.54	325	35	8	12	326	60	382	7e-93	 349
61	gi|315434904|gb|HQ585898.1|	85.54	325	35	8	12	326	60	382	7e-93	 349
61	gi|315434903|gb|HQ585897.1|	85.54	325	35	8	12	326	60	382	7e-93	 349
61	gi|284027676|gb|GU305998.1|	85.54	325	35	8	12	326	60	382	7e-93	 349
61	gi|284027675|gb|GU305997.1|	85.94	320	33	8	17	326	65	382	7e-93	 349
61	gi|284027667|gb|GU305989.1|	85.54	325	35	8	12	326	60	382	7e-93	 349
61	gi|284027657|gb|GU305979.1|	85.54	325	35	8	12	326	60	382	7e-93	 349
61	gi|196020063|gb|EU860452.1|	85.23	325	36	7	12	326	4	326	7e-93	 349
61	gi|183013810|gb|EU428769.1|	84.34	332	40	6	5	326	10	339	7e-93	 349
61	gi|120561195|gb|EF014370.1|	85.54	325	35	8	12	326	41	363	7e-93	 349
61	gi|84039756|gb|DQ322625.1|	85.54	325	35	8	12	326	32	354	7e-93	 349
61	gi|6561319|gb|AF113424.1|AF113424	85.14	323	38	6	12	326	41	361	7e-93	 349
61	gi|886690|emb|X80341.1|	85.54	325	35	8	12	326	59	381	7e-93	 349
61	gi|168743|gb|M59761.1|NEORR18S	85.54	325	35	8	12	326	41	363	7e-93	 349
61	gi|345648526|gb|JF281730.1|	84.57	324	39	5	12	326	59	380	3e-92	 347
61	gi|345648502|gb|JF281706.1|	84.57	324	39	5	12	326	62	383	3e-92	 347
61	gi|345648482|gb|JF281686.1|	84.57	324	39	5	12	326	59	380	3e-92	 347
61	gi|345648472|gb|JF281676.1|	84.57	324	39	5	12	326	59	380	3e-92	 347
61	gi|339896227|gb|JN120086.1|	85.54	325	32	9	12	326	33	352	3e-92	 347
61	gi|333601535|gb|JF829183.1|	84.57	324	39	5	12	326	64	385	3e-92	 347
61	gi|343773678|dbj|AB627976.2|	84.57	324	39	5	12	326	74	395	3e-92	 347
61	gi|326371893|gb|HQ190246.1|	84.57	324	39	5	12	326	64	385	3e-92	 347
61	gi|326371891|gb|HQ190244.1|	84.57	324	39	5	12	326	63	384	3e-92	 347
61	gi|326371866|gb|HQ190219.1|	84.57	324	39	5	12	326	64	385	3e-92	 347
61	gi|326371840|gb|HQ190193.1|	84.57	324	39	5	12	326	64	385	3e-92	 347
61	gi|312831551|dbj|AB556934.1|	84.57	324	39	5	12	326	41	362	3e-92	 347
61	gi|312831540|dbj|AB556923.1|	84.57	324	39	5	12	326	41	362	3e-92	 347
61	gi|309296989|gb|HM475244.1|	85.40	322	37	7	12	326	65	383	3e-92	 347
61	gi|309296987|gb|HM475242.1|	85.40	322	37	7	12	326	65	383	3e-92	 347
61	gi|309296986|gb|HM475241.1|	85.40	322	37	7	12	326	65	383	3e-92	 347
61	gi|309296981|gb|HM475236.1|	84.88	324	38	6	12	326	60	381	3e-92	 347
61	gi|309296980|gb|HM475235.1|	84.57	324	39	5	12	326	60	381	3e-92	 347
61	gi|309296979|gb|HM475234.1|	84.88	324	38	6	12	326	60	381	3e-92	 347
61	gi|309296978|gb|HM475233.1|	84.57	324	39	5	12	326	60	381	3e-92	 347
61	gi|304361560|dbj|AB534355.1|	84.57	324	39	5	12	326	41	362	3e-92	 347
61	gi|304361519|dbj|AB534314.1|	84.57	324	39	5	12	326	41	362	3e-92	 347
61	gi|304361174|dbj|AB534519.1|	84.57	324	39	5	12	326	41	362	3e-92	 347
61	gi|304361166|dbj|AB534511.1|	84.57	324	39	5	12	326	41	362	3e-92	 347
# BLASTN 2.2.23+
# Query:  83 Blastocystis
# Database: /home/rohinis/blastdb/blast_nt/nt
# Fields: query id, subject id, % identity, alignment length, mismatches, gap opens, q. start, q. end, s. start, s. end, evalue, bit score
# 100 hits found
83	gi|328751285|gb|JF274692.1|	99.69	321	1	0	1	321	47	367	1e-160	 574
83	gi|195971103|gb|EU679348.1|	99.69	321	1	0	1	321	51	371	1e-160	 574
83	gi|78057939|gb|DQ232842.1|	99.69	321	1	0	1	321	47	367	1e-160	 574
83	gi|78057930|gb|DQ232833.1|	99.69	321	1	0	1	321	47	367	1e-160	 574
83	gi|78057927|gb|DQ232830.1|	99.69	321	1	0	1	321	47	367	1e-160	 574
83	gi|78057925|gb|DQ232828.1|	99.69	321	1	0	1	321	47	367	1e-160	 574
83	gi|45736255|dbj|AB107971.1|	99.69	321	1	0	1	321	71	391	1e-160	 574
83	gi|45736254|dbj|AB107970.1|	99.69	321	1	0	1	321	71	391	1e-160	 574
83	gi|92090699|gb|DQ462720.1|	99.38	321	2	0	1	321	83	403	1e-159	 571
83	gi|92090694|gb|DQ462715.1|	99.38	321	2	0	1	321	47	367	1e-159	 571
83	gi|78057893|gb|DQ232796.1|	99.38	321	2	0	1	321	47	367	1e-159	 571
83	gi|78057892|gb|DQ232795.1|	99.38	321	2	0	1	321	47	367	1e-159	 571
83	gi|78057880|gb|DQ232783.1|	99.38	321	2	0	1	321	47	367	1e-159	 571
83	gi|328751270|gb|JF274677.1|	97.51	321	8	0	1	321	47	367	2e-151	 544
83	gi|253914092|gb|FJ666868.1|	94.41	322	15	3	1	321	47	366	3e-135	 489
83	gi|343794902|gb|JN003685.1|	94.10	322	16	3	1	321	47	366	1e-133	 484
83	gi|253914109|gb|FJ666885.1|	94.10	322	16	3	1	321	47	366	1e-133	 484
83	gi|253914093|gb|FJ666869.1|	94.10	322	16	3	1	321	47	366	1e-133	 484
83	gi|253914076|gb|FJ666852.1|	94.10	322	16	3	1	321	47	366	1e-133	 484
83	gi|253914064|gb|FJ666840.1|	94.10	322	16	3	1	321	47	366	1e-133	 484
83	gi|195971102|gb|EU679347.1|	94.10	322	16	3	1	321	51	370	1e-133	 484
83	gi|186908745|gb|EU482085.1|	94.10	322	16	3	1	321	51	370	1e-133	 484
83	gi|156617375|gb|EF494742.1|	94.10	322	16	3	1	321	66	385	1e-133	 484
83	gi|156617374|gb|EF494741.1|	94.10	322	16	3	1	321	52	371	1e-133	 484
83	gi|51291195|gb|AY590114.1|	94.10	322	16	3	1	321	47	366	1e-133	 484
83	gi|51291182|gb|AY590113.1|	94.10	322	16	3	1	321	47	366	1e-133	 484
83	gi|51291156|gb|AY590111.1|	94.10	322	16	3	1	321	47	366	1e-133	 484
83	gi|37935750|gb|AY244621.1|	94.10	322	16	3	1	321	71	390	1e-133	 484
83	gi|37935749|gb|AY244620.1|	94.10	322	16	3	1	321	71	390	1e-133	 484
83	gi|37935748|gb|AY244619.1|	94.10	322	16	3	1	321	71	390	1e-133	 484
83	gi|78057943|gb|DQ232846.1|	94.10	322	16	3	1	321	47	366	1e-133	 484
83	gi|78057938|gb|DQ232841.1|	94.10	322	16	3	1	321	47	366	1e-133	 484
83	gi|78057935|gb|DQ232838.1|	94.10	322	16	3	1	321	47	366	1e-133	 484
83	gi|78057934|gb|DQ232837.1|	94.10	322	16	3	1	321	47	366	1e-133	 484
83	gi|78057932|gb|DQ232835.1|	94.10	322	16	3	1	321	47	366	1e-133	 484
83	gi|78057928|gb|DQ232831.1|	94.10	322	16	3	1	321	47	366	1e-133	 484
83	gi|78057923|gb|DQ232826.1|	94.10	322	16	3	1	321	47	366	1e-133	 484
83	gi|78057915|gb|DQ232818.1|	94.10	322	16	3	1	321	47	366	1e-133	 484
83	gi|78057913|gb|DQ232816.1|	94.10	322	16	3	1	321	47	366	1e-133	 484
83	gi|78057912|gb|DQ232815.1|	94.10	322	16	3	1	321	47	366	1e-133	 484
83	gi|78057910|gb|DQ232813.1|	94.10	322	16	3	1	321	47	366	1e-133	 484
83	gi|78057909|gb|DQ232812.1|	94.10	322	16	3	1	321	47	366	1e-133	 484
83	gi|78057884|gb|DQ232787.1|	94.10	322	16	3	1	321	21	340	1e-133	 484
83	gi|78057883|gb|DQ232786.1|	94.10	322	16	3	1	321	21	340	1e-133	 484
83	gi|78057878|gb|DQ232781.1|	94.10	322	16	3	1	321	47	366	1e-133	 484
83	gi|78057873|gb|DQ232776.1|	94.10	322	16	3	1	321	47	366	1e-133	 484
83	gi|1354278|gb|U51152.1|BSU51152	94.10	322	16	3	1	321	71	390	1e-133	 484
83	gi|328751282|gb|JF274689.1|	93.79	322	17	3	1	321	47	366	2e-132	 480
83	gi|193227309|emb|FM164413.1|	93.46	321	20	1	1	321	71	390	2e-132	 480
83	gi|27465160|gb|AY135408.1|	93.79	322	17	3	1	321	47	366	2e-132	 480
83	gi|28812211|dbj|AB091251.1|	93.79	322	17	3	1	321	44	363	2e-132	 480
83	gi|27543872|dbj|AB071000.1|	93.79	322	17	3	1	321	71	390	2e-132	 480
83	gi|27465159|gb|AY135407.1|	93.48	322	18	3	1	321	47	366	7e-131	 475
83	gi|1209503|gb|U26177.1|UGU26177	93.17	322	19	3	1	321	68	387	9e-130	 471
83	gi|78057905|gb|DQ232808.1|	94.43	305	14	3	18	321	1	303	5e-127	 462
83	gi|78057894|gb|DQ232797.1|	91.02	323	17	6	1	321	47	359	6e-119	 435
83	gi|78057889|gb|DQ232792.1|	91.02	323	17	6	1	321	47	359	6e-119	 435
83	gi|78057887|gb|DQ232790.1|	91.02	323	17	6	1	321	47	359	6e-119	 435
83	gi|78057886|gb|DQ232789.1|	91.02	323	17	6	1	321	47	359	6e-119	 435
83	gi|78057882|gb|DQ232785.1|	91.02	323	17	6	1	321	28	340	6e-119	 435
83	gi|253914097|gb|FJ666873.1|	91.02	323	17	7	1	321	47	359	8e-118	 432
83	gi|167989574|gb|EU326590.1|	90.71	323	18	6	1	321	66	378	8e-118	 432
83	gi|167989531|gb|EU326547.1|	90.71	323	18	6	1	321	66	378	8e-118	 432
83	gi|92090695|gb|DQ462716.1|	90.71	323	18	6	1	321	47	359	8e-118	 432
83	gi|33087159|gb|AY266474.1|	88.53	340	20	5	1	321	71	410	8e-118	 432
83	gi|187609977|gb|EU445489.1|	90.74	324	17	7	1	321	71	384	3e-117	 430
83	gi|51291219|gb|AY590116.1|	88.24	340	21	5	1	321	47	386	1e-116	 428
83	gi|329130323|gb|JF792495.1|	90.40	323	19	6	1	321	67	379	3e-116	 426
83	gi|329130322|gb|JF792494.1|	90.40	323	19	6	1	321	67	379	3e-116	 426
83	gi|328751292|gb|JF274699.1|	90.40	323	19	6	1	321	47	359	3e-116	 426
83	gi|328751291|gb|JF274698.1|	90.40	323	19	6	1	321	47	359	3e-116	 426
83	gi|328751289|gb|JF274696.1|	90.40	323	19	6	1	321	47	359	3e-116	 426
83	gi|328751279|gb|JF274686.1|	90.40	323	19	6	1	321	47	359	3e-116	 426
83	gi|328751278|gb|JF274685.1|	90.40	323	19	6	1	321	47	359	3e-116	 426
83	gi|328751276|gb|JF274683.1|	90.40	323	19	6	1	321	47	359	3e-116	 426
83	gi|328751275|gb|JF274682.1|	90.40	323	19	6	1	321	47	359	3e-116	 426
83	gi|328751273|gb|JF274680.1|	90.40	323	19	6	1	321	47	359	3e-116	 426
83	gi|312182378|gb|HQ286916.1|	90.40	323	19	6	1	321	16	328	3e-116	 426
83	gi|312182370|gb|HQ286908.1|	90.40	323	19	6	1	321	48	360	3e-116	 426
83	gi|290794265|gb|GU130247.1|	90.40	323	19	6	1	321	47	359	3e-116	 426
83	gi|290794264|gb|GU130246.1|	90.40	323	19	6	1	321	47	359	3e-116	 426
83	gi|290794261|gb|GU130243.1|	90.40	323	19	6	1	321	47	359	3e-116	 426
83	gi|290794254|gb|GU130236.1|	90.40	323	19	6	1	321	47	359	3e-116	 426
83	gi|290794252|gb|GU130234.1|	90.40	323	19	6	1	321	47	359	3e-116	 426
83	gi|290794250|gb|GU130232.1|	90.40	323	19	6	1	321	47	359	3e-116	 426
83	gi|290794246|gb|GU130228.1|	90.40	323	19	6	1	321	47	359	3e-116	 426
83	gi|290794245|gb|GU130227.1|	90.40	323	19	6	1	321	47	359	3e-116	 426
83	gi|290794244|gb|GU130226.1|	90.40	323	19	6	1	321	47	359	3e-116	 426
83	gi|290794243|gb|GU130225.1|	90.40	323	19	6	1	321	47	359	3e-116	 426
83	gi|290794241|gb|GU130223.1|	90.40	323	19	6	1	321	47	359	3e-116	 426
83	gi|290794238|gb|GU130220.1|	90.40	323	19	6	1	321	47	359	3e-116	 426
83	gi|290794237|gb|GU130219.1|	90.40	323	19	6	1	321	47	359	3e-116	 426
83	gi|290794236|gb|GU130218.1|	90.40	323	19	6	1	321	47	359	3e-116	 426
83	gi|253914121|gb|FJ666897.1|	90.40	323	19	6	1	321	47	359	3e-116	 426
83	gi|253914120|gb|FJ666896.1|	90.40	323	19	6	1	321	47	359	3e-116	 426
83	gi|253914119|gb|FJ666895.1|	90.40	323	19	6	1	321	47	359	3e-116	 426
83	gi|253914118|gb|FJ666894.1|	90.40	323	19	6	1	321	47	359	3e-116	 426
83	gi|253914117|gb|FJ666893.1|	90.40	323	19	6	1	321	47	359	3e-116	 426
83	gi|253914116|gb|FJ666892.1|	90.40	323	19	6	1	321	47	359	3e-116	 426
83	gi|253914115|gb|FJ666891.1|	90.40	323	19	6	1	321	47	359	3e-116	 426
# BLASTN 2.2.23+
# Query:  86 Ecteinascidia turbinata
# Database: /home/rohinis/blastdb/blast_nt/nt
# Fields: query id, subject id, % identity, alignment length, mismatches, gap opens, q. start, q. end, s. start, s. end, evalue, bit score
# 100 hits found
86	gi|259906145|gb|GQ844448.1|	99.37	318	1	1	1	317	66	383	6e-157	 562
86	gi|259906164|gb|GQ844467.1|	99.37	318	1	1	1	317	66	383	6e-157	 562
86	gi|194396469|gb|EU647025.1|	99.37	318	1	1	1	317	55	372	6e-157	 562
86	gi|194396488|gb|EU647044.1|	99.37	318	1	1	1	317	55	372	6e-157	 562
86	gi|194396355|gb|EU646911.1|	99.37	318	1	1	1	317	55	372	6e-157	 562
86	gi|189473968|gb|EU662240.1|	99.37	318	1	1	1	317	36	353	6e-157	 562
86	gi|310786745|gb|HM227451.1|	99.06	318	2	1	1	317	57	374	3e-155	 556
86	gi|310786611|gb|HM227317.1|	99.06	318	2	1	1	317	57	374	3e-155	 556
86	gi|234195236|gb|FJ393428.1|	99.06	318	2	1	1	317	51	368	3e-155	 556
86	gi|255339815|gb|FJ889125.1|	99.06	318	2	1	1	317	44	361	3e-155	 556
86	gi|218854503|gb|FJ486033.1|	99.06	318	2	1	1	317	48	365	3e-155	 556
86	gi|202071020|gb|FJ153767.1|	99.06	318	2	1	1	317	48	365	3e-155	 556
86	gi|295000859|gb|GU970471.1|	98.74	318	3	1	1	317	49	366	3e-154	 553
86	gi|7637431|gb|AF139485.1|AF139485	98.74	318	3	1	1	317	47	364	3e-154	 553
86	gi|241990471|dbj|AB510396.1|	98.11	318	5	1	1	317	66	383	2e-151	 544
86	gi|291551854|emb|FN690504.1|	96.52	316	10	1	3	317	21	336	2e-143	 517
86	gi|126697561|gb|EF095446.1|	96.52	316	10	1	3	317	24	339	2e-143	 517
86	gi|261599434|gb|GQ995698.1|	99.32	292	1	1	1	291	50	341	8e-143	 515
86	gi|320090298|gb|HQ427485.1|	96.20	316	11	1	3	317	29	344	3e-142	 513
86	gi|313208629|emb|FN561808.1|	96.20	316	11	1	3	317	458	143	3e-142	 513
86	gi|308205178|gb|HQ199366.1|	96.20	316	11	1	3	317	53	368	3e-142	 513
86	gi|299893382|gb|GU188369.1|	96.20	316	11	1	3	317	15	330	3e-142	 513
86	gi|262358089|gb|GU072590.1|	96.20	316	11	1	3	317	73	388	3e-142	 513
86	gi|255339811|gb|FJ889121.1|	96.20	316	11	1	3	317	55	370	3e-142	 513
86	gi|255339808|gb|FJ889118.1|	96.20	316	11	1	3	317	55	370	3e-142	 513
86	gi|255339805|gb|FJ889115.1|	96.20	316	11	1	3	317	40	355	3e-142	 513
86	gi|255339803|gb|FJ889113.1|	96.20	316	11	1	3	317	44	359	3e-142	 513
86	gi|255339802|gb|FJ889112.1|	96.20	316	11	1	3	317	55	370	3e-142	 513
86	gi|255339800|gb|FJ889110.1|	96.20	316	11	1	3	317	55	370	3e-142	 513
86	gi|255339799|gb|FJ889109.1|	96.20	316	11	1	3	317	55	370	3e-142	 513
86	gi|255339797|gb|FJ889107.1|	96.20	316	11	1	3	317	55	370	3e-142	 513
86	gi|255339779|gb|FJ889089.1|	96.20	316	11	1	3	317	55	370	3e-142	 513
86	gi|255339778|gb|FJ889088.1|	96.20	316	11	1	3	317	55	370	3e-142	 513
86	gi|255339777|gb|FJ889087.1|	96.20	316	11	1	3	317	55	370	3e-142	 513
86	gi|241990455|dbj|AB510380.1|	96.20	316	11	1	3	317	69	384	3e-142	 513
86	gi|157168573|gb|EU085016.1|	96.20	316	11	1	3	317	55	370	3e-142	 513
86	gi|168258925|gb|EU446360.1|	96.20	316	11	1	3	317	26	341	3e-142	 513
86	gi|168258923|gb|EU446358.1|	96.20	316	11	1	3	317	26	341	3e-142	 513
86	gi|2612872|gb|AF010303.1|	96.77	310	9	1	9	317	1	310	1e-141	 511
86	gi|209943979|gb|FJ236940.1|	99.65	287	0	1	1	286	50	336	3e-141	 509
86	gi|333601546|gb|JF829194.1|	95.89	316	12	1	3	317	58	373	1e-140	 508
86	gi|326910170|gb|HQ999315.1|	95.89	316	12	1	3	317	52	367	1e-140	 508
86	gi|291551855|emb|FN690505.1|	95.89	316	12	1	3	317	20	335	1e-140	 508
86	gi|283131270|dbj|AB451531.1|	95.89	316	12	1	3	317	49	364	1e-140	 508
86	gi|262358055|gb|GU072556.1|	95.89	316	12	1	3	317	70	385	1e-140	 508
86	gi|262358050|gb|GU072551.1|	95.89	316	12	1	3	317	54	369	1e-140	 508
86	gi|234195395|gb|FJ393433.1|	95.89	316	12	1	3	317	54	369	1e-140	 508
86	gi|255339804|gb|FJ889114.1|	95.89	316	12	1	3	317	43	358	1e-140	 508
86	gi|255339801|gb|FJ889111.1|	95.89	316	12	1	3	317	55	370	1e-140	 508
86	gi|255339776|gb|FJ889086.1|	96.17	313	11	1	6	317	58	370	1e-140	 508
86	gi|239759706|gb|GQ120139.1|	95.89	316	12	1	3	317	70	385	1e-140	 508
86	gi|225420846|gb|FJ785876.1|	95.89	316	12	1	3	317	51	366	1e-140	 508
86	gi|194396434|gb|EU646990.1|	95.89	316	12	1	3	317	58	373	1e-140	 508
86	gi|157168575|gb|EU085018.1|	95.89	316	12	1	3	317	55	370	1e-140	 508
86	gi|168258927|gb|EU446362.1|	95.89	316	12	1	3	317	29	344	1e-140	 508
86	gi|168258924|gb|EU446359.1|	95.89	316	12	1	3	317	27	342	1e-140	 508
86	gi|168258920|gb|EU446355.1|	95.89	316	12	1	3	317	24	339	1e-140	 508
86	gi|95115857|gb|DQ504335.1|	95.91	318	11	2	2	317	4	321	1e-140	 508
86	gi|113926811|emb|AM114819.1|	95.89	316	12	1	3	317	71	386	1e-140	 508
86	gi|74272320|gb|DQ177358.1|	95.89	316	12	1	3	317	69	384	1e-140	 508
86	gi|209943978|gb|FJ236939.1|	99.30	287	1	1	1	286	50	336	4e-140	 506
86	gi|255339813|gb|FJ889123.1|	95.57	316	13	1	3	317	55	370	1e-139	 504
86	gi|255339812|gb|FJ889122.1|	95.57	316	13	1	3	317	55	370	1e-139	 504
86	gi|255339809|gb|FJ889119.1|	95.57	316	13	1	3	317	55	370	1e-139	 504
86	gi|255339807|gb|FJ889117.1|	95.57	316	13	1	3	317	65	380	1e-139	 504
86	gi|255339775|gb|FJ889085.1|	95.57	316	13	1	3	317	55	370	1e-139	 504
86	gi|255339774|gb|FJ889084.1|	95.57	316	13	1	3	317	55	370	1e-139	 504
86	gi|222430271|gb|FJ608622.1|	99.31	288	0	2	1	287	50	336	1e-139	 504
86	gi|168258921|gb|EU446356.1|	95.57	316	13	1	3	317	25	340	1e-139	 504
86	gi|12082775|gb|AF310699.1|	95.85	313	12	1	6	317	34	346	1e-139	 504
86	gi|60615566|gb|AY934712.1|	95.57	316	13	1	3	317	58	373	1e-139	 504
86	gi|283131273|dbj|AB451534.1|	95.58	317	12	2	3	317	49	365	5e-139	 502
86	gi|261599433|gb|GQ995697.1|	99.65	283	0	1	1	282	50	332	5e-139	 502
86	gi|261599426|gb|GQ995690.1|	98.96	288	1	2	1	287	50	336	6e-138	 499
86	gi|255339814|gb|FJ889124.1|	95.25	316	14	1	3	317	49	364	6e-138	 499
86	gi|255339798|gb|FJ889108.1|	95.25	316	14	1	3	317	55	370	6e-138	 499
86	gi|255339794|gb|FJ889104.1|	95.53	313	13	1	6	317	58	370	6e-138	 499
86	gi|255339773|gb|FJ889083.1|	95.25	316	14	1	3	317	55	370	6e-138	 499
86	gi|28076843|gb|AF530542.1|	95.53	313	10	2	6	317	19	328	2e-137	 497
86	gi|255339790|gb|FJ889100.1|	94.65	318	12	2	3	317	55	370	3e-136	 493
86	gi|255339789|gb|FJ889099.1|	94.65	318	12	2	3	317	55	370	3e-136	 493
86	gi|255339788|gb|FJ889098.1|	94.65	318	12	2	3	317	55	370	3e-136	 493
86	gi|255339806|gb|FJ889116.1|	95.45	308	13	1	3	309	43	350	3e-135	 489
86	gi|255339793|gb|FJ889103.1|	94.34	318	13	2	3	317	43	358	1e-134	 488
86	gi|255339792|gb|FJ889102.1|	94.34	318	13	2	3	317	55	370	1e-134	 488
86	gi|255339791|gb|FJ889101.1|	94.34	318	13	2	3	317	55	370	1e-134	 488
86	gi|255339786|gb|FJ889096.1|	94.34	318	13	2	3	317	66	381	1e-134	 488
86	gi|255339785|gb|FJ889095.1|	94.34	318	13	2	3	317	43	358	1e-134	 488
86	gi|255339784|gb|FJ889094.1|	94.34	318	13	2	3	317	43	358	1e-134	 488
86	gi|225625663|gb|FJ814762.1|	94.34	318	13	2	3	317	52	367	1e-134	 488
86	gi|20377928|gb|AF372708.1|	95.72	304	12	1	15	317	1	304	4e-134	 486
86	gi|255339787|gb|FJ889097.1|	94.03	318	14	2	3	317	55	370	1e-133	 484
86	gi|92090861|gb|DQ457640.1|	93.50	323	13	3	3	317	68	390	5e-133	 482
86	gi|151947025|gb|EF682454.1|	95.07	304	14	1	15	317	1	304	2e-131	 477
86	gi|111283902|gb|DQ832239.1|	92.83	321	14	2	6	317	62	382	7e-131	 475
86	gi|343424713|emb|FQ311431.1|	92.83	321	14	3	6	317	354218	353898	3e-129	 470
86	gi|301178559|gb|HM800142.1|	92.83	321	14	3	6	317	53	373	3e-129	 470
86	gi|301178558|gb|HM800141.1|	92.83	321	14	3	6	317	55	375	3e-129	 470
86	gi|301178555|gb|HM800138.1|	92.83	321	14	3	6	317	55	375	3e-129	 470
86	gi|301178554|gb|HM800137.1|	92.83	321	14	3	6	317	54	374	3e-129	 470
# BLASTN 2.2.23+
# Query:  87 Blastocystis
# Database: /home/rohinis/blastdb/blast_nt/nt
# Fields: query id, subject id, % identity, alignment length, mismatches, gap opens, q. start, q. end, s. start, s. end, evalue, bit score
# 100 hits found
87	gi|328751295|gb|JF274702.1|	99.36	314	2	0	1	314	48	361	8e-156	 558
87	gi|187609979|gb|EU445491.1|	99.36	314	2	0	1	314	72	385	8e-156	 558
87	gi|187609975|gb|EU445487.1|	99.36	314	2	0	1	314	72	385	8e-156	 558
87	gi|78057891|gb|DQ232794.1|	99.36	314	2	0	1	314	48	361	8e-156	 558
87	gi|78057879|gb|DQ232782.1|	99.36	314	2	0	1	314	48	361	8e-156	 558
87	gi|78057875|gb|DQ232778.1|	99.36	314	2	0	1	314	48	361	8e-156	 558
87	gi|45736253|dbj|AB107969.1|	99.36	314	2	0	1	314	72	385	8e-156	 558
87	gi|27543859|dbj|AB070987.1|	99.36	314	2	0	1	314	72	385	8e-156	 558
87	gi|78057942|gb|DQ232845.1|	99.04	314	3	0	1	314	48	361	9e-155	 554
87	gi|78057926|gb|DQ232829.1|	99.04	314	3	0	1	314	48	361	9e-155	 554
87	gi|328751294|gb|JF274701.1|	99.04	314	3	0	1	314	48	361	3e-154	 553
87	gi|290794263|gb|GU130245.1|	99.04	314	3	0	1	314	48	361	3e-154	 553
87	gi|290794257|gb|GU130239.1|	99.04	314	3	0	1	314	48	361	3e-154	 553
87	gi|253914069|gb|FJ666845.1|	99.04	314	3	0	1	314	48	361	3e-154	 553
87	gi|195971100|gb|EU679345.1|	98.73	314	4	0	1	314	52	365	3e-154	 553
87	gi|47716894|gb|AY618265.1|	99.04	314	3	0	1	314	76	389	3e-154	 553
87	gi|78057921|gb|DQ232824.1|	99.04	314	3	0	1	314	48	361	3e-154	 553
87	gi|78057902|gb|DQ232805.1|	99.04	314	3	0	1	314	48	361	3e-154	 553
87	gi|78057872|gb|DQ232775.1|	99.04	314	3	0	1	314	48	361	3e-154	 553
87	gi|27543869|dbj|AB070997.1|	99.04	314	3	0	1	314	72	385	3e-154	 553
87	gi|78057911|gb|DQ232814.1|	98.73	314	4	0	1	314	48	361	1e-153	 551
87	gi|329130324|gb|JF792496.1|	98.73	314	4	0	1	314	68	381	4e-153	 549
87	gi|328751265|gb|JF274672.1|	98.73	314	4	0	1	314	48	361	4e-153	 549
87	gi|328751253|gb|JF274660.1|	98.73	314	4	0	1	314	48	361	4e-153	 549
87	gi|312182372|gb|HQ286910.1|	98.73	314	4	0	1	314	14	327	4e-153	 549
87	gi|312182371|gb|HQ286909.1|	98.73	314	4	0	1	314	49	362	4e-153	 549
87	gi|295815858|gb|GU992418.1|	98.73	314	4	0	1	314	62	375	4e-153	 549
87	gi|290794262|gb|GU130244.1|	98.73	314	4	0	1	314	48	361	4e-153	 549
87	gi|290794256|gb|GU130238.1|	98.73	314	4	0	1	314	48	361	4e-153	 549
87	gi|290794253|gb|GU130235.1|	98.73	314	4	0	1	314	48	361	4e-153	 549
87	gi|253914079|gb|FJ666855.1|	98.73	314	4	0	1	314	48	361	4e-153	 549
87	gi|253914070|gb|FJ666846.1|	98.73	314	4	0	1	314	48	361	4e-153	 549
87	gi|92090697|gb|DQ462718.1|	98.73	314	4	0	1	314	48	361	4e-153	 549
87	gi|92090693|gb|DQ462714.1|	98.73	314	4	0	1	314	48	361	4e-153	 549
87	gi|78057903|gb|DQ232806.1|	98.73	314	4	0	1	314	48	361	4e-153	 549
87	gi|328751271|gb|JF274678.1|	98.41	314	5	0	1	314	48	361	2e-151	 544
87	gi|328751256|gb|JF274663.1|	98.41	314	5	0	1	314	48	361	2e-151	 544
87	gi|253914084|gb|FJ666860.1|	98.41	314	5	0	1	314	48	361	2e-151	 544
87	gi|343794901|gb|JN003684.1|	98.09	314	6	0	1	314	48	361	2e-150	 540
87	gi|290794248|gb|GU130230.1|	98.09	314	6	0	1	314	48	361	2e-150	 540
87	gi|92090698|gb|DQ462719.1|	98.09	314	6	0	1	314	48	361	2e-150	 540
87	gi|78057896|gb|DQ232799.1|	98.09	314	6	0	1	314	48	361	2e-150	 540
87	gi|253914085|gb|FJ666861.1|	97.77	314	7	0	1	314	48	361	9e-149	 535
87	gi|61807188|gb|AY956324.1|	97.78	315	6	1	1	314	18	332	3e-148	 533
87	gi|295815852|gb|GU992412.1|	97.76	312	7	0	1	312	10	321	1e-147	 531
87	gi|312182376|gb|HQ286914.1|	96.83	315	9	1	1	314	27	341	5e-145	 522
87	gi|290794249|gb|GU130231.1|	96.82	314	10	0	1	314	48	361	5e-145	 522
87	gi|328751286|gb|JF274693.1|	97.70	305	7	0	10	314	57	361	7e-144	 518
87	gi|328751269|gb|JF274676.1|	97.70	305	7	0	10	314	57	361	7e-144	 518
87	gi|187942119|emb|AM992473.1|	99.27	275	2	0	40	314	1	275	1e-134	 488
87	gi|187942115|emb|AM992469.1|	99.27	275	2	0	40	314	1	275	1e-134	 488
87	gi|187606727|emb|AM992464.1|	99.27	275	2	0	40	314	1	275	1e-134	 488
87	gi|312182367|gb|HQ286905.1|	95.47	309	11	3	8	314	56	363	4e-134	 486
87	gi|290794258|gb|GU130240.1|	95.44	307	11	2	10	314	57	362	1e-133	 484
87	gi|312182369|gb|HQ286907.1|	95.48	310	10	4	8	314	40	348	5e-133	 482
87	gi|329130325|gb|JF792497.1|	95.11	307	12	2	10	314	77	382	2e-132	 480
87	gi|328751280|gb|JF274687.1|	95.11	307	12	2	10	314	57	362	2e-132	 480
87	gi|328751255|gb|JF274662.1|	95.11	307	12	2	10	314	57	362	2e-132	 480
87	gi|312182366|gb|HQ286904.1|	95.11	307	12	2	10	314	58	363	2e-132	 480
87	gi|295815859|gb|GU992419.1|	95.11	307	12	2	10	314	72	377	2e-132	 480
87	gi|295815857|gb|GU992417.1|	95.11	307	12	2	10	314	72	377	2e-132	 480
87	gi|295815856|gb|GU992416.1|	95.11	307	12	2	10	314	72	377	2e-132	 480
87	gi|295815855|gb|GU992415.1|	95.11	307	12	2	10	314	20	325	2e-132	 480
87	gi|295815854|gb|GU992414.1|	95.11	307	12	2	10	314	4	309	2e-132	 480
87	gi|295815853|gb|GU992413.1|	95.11	307	12	2	10	314	48	353	2e-132	 480
87	gi|295815851|gb|GU992411.1|	95.11	307	12	2	10	314	72	377	2e-132	 480
87	gi|290794259|gb|GU130241.1|	95.11	307	12	2	10	314	57	362	2e-132	 480
87	gi|290794247|gb|GU130229.1|	95.11	307	12	2	10	314	57	362	2e-132	 480
87	gi|290794242|gb|GU130224.1|	95.11	307	12	2	10	314	57	362	2e-132	 480
87	gi|290794240|gb|GU130222.1|	95.11	307	12	2	10	314	57	362	2e-132	 480
87	gi|290794239|gb|GU130221.1|	95.11	307	12	2	10	314	57	362	2e-132	 480
87	gi|253914111|gb|FJ666887.1|	95.11	307	12	2	10	314	57	362	2e-132	 480
87	gi|253914110|gb|FJ666886.1|	95.11	307	12	2	10	314	57	362	2e-132	 480
87	gi|253914108|gb|FJ666884.1|	95.11	307	12	2	10	314	57	362	2e-132	 480
87	gi|253914104|gb|FJ666880.1|	95.11	307	12	2	10	314	57	362	2e-132	 480
87	gi|253914103|gb|FJ666879.1|	95.11	307	12	2	10	314	57	362	2e-132	 480
87	gi|253914098|gb|FJ666874.1|	95.11	307	12	2	10	314	57	362	2e-132	 480
87	gi|253914089|gb|FJ666865.1|	95.11	307	12	2	10	314	57	362	2e-132	 480
87	gi|253914082|gb|FJ666858.1|	95.11	307	12	2	10	314	57	362	2e-132	 480
87	gi|253914081|gb|FJ666857.1|	95.11	307	12	2	10	314	57	362	2e-132	 480
87	gi|253914080|gb|FJ666856.1|	95.11	307	12	2	10	314	57	362	2e-132	 480
87	gi|253914078|gb|FJ666854.1|	95.11	307	12	2	10	314	57	362	2e-132	 480
87	gi|253914071|gb|FJ666847.1|	94.29	315	15	2	2	314	49	362	2e-132	 480
87	gi|253914067|gb|FJ666843.1|	95.11	307	12	2	10	314	57	362	2e-132	 480
87	gi|195971104|gb|EU679349.1|	95.11	307	12	2	10	314	37	342	2e-132	 480
87	gi|186908744|gb|EU482084.1|	95.11	307	12	2	10	314	61	366	2e-132	 480
87	gi|186908743|gb|EU482083.1|	95.11	307	12	2	10	314	61	366	2e-132	 480
87	gi|187609980|gb|EU445492.1|	95.11	307	12	2	10	314	81	386	2e-132	 480
87	gi|187609978|gb|EU445490.1|	95.11	307	12	2	10	314	81	386	2e-132	 480
87	gi|187609976|gb|EU445488.1|	95.11	307	12	2	10	314	81	386	2e-132	 480
87	gi|187609974|gb|EU445486.1|	95.11	307	12	2	10	314	82	387	2e-132	 480
87	gi|51291144|gb|AY590110.1|	95.11	307	12	2	10	314	57	362	2e-132	 480
87	gi|47716895|gb|AY618266.1|	95.11	307	12	2	10	314	85	390	2e-132	 480
87	gi|78057940|gb|DQ232843.1|	95.11	307	12	2	10	314	57	362	2e-132	 480
87	gi|78057929|gb|DQ232832.1|	94.29	315	15	2	2	314	49	362	2e-132	 480
87	gi|78057874|gb|DQ232777.1|	95.11	307	12	2	10	314	57	362	2e-132	 480
87	gi|45736251|dbj|AB107967.1|	95.11	307	12	2	10	314	81	386	2e-132	 480
87	gi|45736246|dbj|AB107962.1|	95.11	307	12	2	10	314	81	386	2e-132	 480
87	gi|45736245|dbj|AB107961.1|	95.11	307	12	2	10	314	81	386	2e-132	 480
87	gi|27465155|gb|AY135403.1|	95.11	307	12	2	10	314	57	362	2e-132	 480
