# BLASTN 2.2.23+
# Query:  G1_hum_657_454D7new_gc274_#1
# Database: /home/rohinis/blastdb/blast_nt/nt
# Fields: query id, subject id, % identity, alignment length, mismatches, gap opens, q. start, q. end, s. start, s. end, evalue, bit score
# 100 hits found
G1_hum_657_454D7new_gc274_#1	gi|289511334|gb|GQ355475.1|	96.38	442	6	10	1	439	4336	3902	0.0	 690
G1_hum_657_454D7new_gc274_#1	gi|31789871|gb|AY283019.1|	96.38	442	6	10	1	439	3630	3196	0.0	 690
G1_hum_657_454D7new_gc274_#1	gi|31789867|gb|AY283018.1|	96.38	442	6	10	1	439	3630	3196	0.0	 690
G1_hum_657_454D7new_gc274_#1	gi|31789863|gb|AY283017.1|	96.38	442	6	10	1	439	3630	3196	0.0	 690
G1_hum_657_454D7new_gc274_#1	gi|31789859|gb|AY283016.1|	96.38	442	6	10	1	439	3630	3196	0.0	 690
G1_hum_657_454D7new_gc274_#1	gi|31789855|gb|AY283015.1|	96.38	442	6	10	1	439	3630	3196	0.0	 690
G1_hum_657_454D7new_gc274_#1	gi|31789851|gb|AY283014.1|	96.38	442	6	10	1	439	3630	3196	0.0	 690
G1_hum_657_454D7new_gc274_#1	gi|31789847|gb|AY283013.1|	96.38	442	6	10	1	439	3630	3196	0.0	 690
G1_hum_657_454D7new_gc274_#1	gi|31789843|gb|AY283012.1|	96.38	442	6	10	1	439	3630	3196	0.0	 690
G1_hum_657_454D7new_gc274_#1	gi|31789839|gb|AY283011.1|	96.38	442	6	10	1	439	3630	3196	0.0	 690
G1_hum_657_454D7new_gc274_#1	gi|31789835|gb|AY283010.1|	96.38	442	6	10	1	439	3630	3196	0.0	 690
G1_hum_657_454D7new_gc274_#1	gi|31789831|gb|AY283009.1|	96.38	442	6	10	1	439	3630	3196	0.0	 690
G1_hum_657_454D7new_gc274_#1	gi|31789827|gb|AY283008.1|	96.38	442	6	10	1	439	3630	3196	0.0	 690
G1_hum_657_454D7new_gc274_#1	gi|31789823|gb|AY283007.1|	96.38	442	6	10	1	439	3630	3196	0.0	 690
G1_hum_657_454D7new_gc274_#1	gi|31789819|gb|AY283006.1|	96.38	442	6	10	1	439	3630	3196	0.0	 690
G1_hum_657_454D7new_gc274_#1	gi|31789815|gb|AY283005.1|	96.38	442	6	10	1	439	3630	3196	0.0	 690
G1_hum_657_454D7new_gc274_#1	gi|31789811|gb|AY283004.1|	96.38	442	6	10	1	439	3630	3196	0.0	 690
G1_hum_657_454D7new_gc274_#1	gi|31789807|gb|AY283003.1|	96.38	442	6	10	1	439	3630	3196	0.0	 690
G1_hum_657_454D7new_gc274_#1	gi|31789803|gb|AY283002.1|	96.38	442	6	10	1	439	3630	3196	0.0	 690
G1_hum_657_454D7new_gc274_#1	gi|31789799|gb|AY283001.1|	96.38	442	6	10	1	439	3630	3196	0.0	 690
G1_hum_657_454D7new_gc274_#1	gi|31789795|gb|AY283000.1|	96.38	442	6	10	1	439	3630	3196	0.0	 690
G1_hum_657_454D7new_gc274_#1	gi|31789791|gb|AY282999.1|	96.38	442	6	10	1	439	3630	3196	0.0	 690
G1_hum_657_454D7new_gc274_#1	gi|31789787|gb|AY282998.1|	96.38	442	6	10	1	439	3630	3196	0.0	 690
G1_hum_657_454D7new_gc274_#1	gi|31789783|gb|AY282997.1|	96.38	442	6	10	1	439	3630	3196	0.0	 690
G1_hum_657_454D7new_gc274_#1	gi|31789779|gb|AY282996.1|	96.38	442	6	10	1	439	3630	3196	0.0	 690
G1_hum_657_454D7new_gc274_#1	gi|31789775|gb|AY282995.1|	96.38	442	6	10	1	439	3630	3196	0.0	 690
G1_hum_657_454D7new_gc274_#1	gi|31789771|gb|AY282994.1|	96.38	442	6	10	1	439	3630	3196	0.0	 690
G1_hum_657_454D7new_gc274_#1	gi|31789767|gb|AY282993.1|	96.38	442	6	10	1	439	3630	3196	0.0	 690
G1_hum_657_454D7new_gc274_#1	gi|31789763|gb|AY282992.1|	96.38	442	6	10	1	439	3630	3196	0.0	 690
G1_hum_657_454D7new_gc274_#1	gi|31789759|gb|AY282991.1|	96.38	442	6	10	1	439	3630	3196	0.0	 690
G1_hum_657_454D7new_gc274_#1	gi|31789755|gb|AY282990.1|	96.38	442	6	10	1	439	3630	3196	0.0	 690
G1_hum_657_454D7new_gc274_#1	gi|31789751|gb|AY282989.1|	96.38	442	6	10	1	439	3630	3196	0.0	 690
G1_hum_657_454D7new_gc274_#1	gi|31789747|gb|AY282988.1|	96.38	442	6	10	1	439	3630	3196	0.0	 690
G1_hum_657_454D7new_gc274_#1	gi|31789743|gb|AY282987.1|	96.38	442	6	10	1	439	3630	3196	0.0	 690
G1_hum_657_454D7new_gc274_#1	gi|31789739|gb|AY282986.1|	96.38	442	6	10	1	439	3630	3196	0.0	 690
G1_hum_657_454D7new_gc274_#1	gi|31789735|gb|AY282985.1|	96.38	442	6	10	1	439	3630	3196	0.0	 690
G1_hum_657_454D7new_gc274_#1	gi|31789731|gb|AY282984.1|	96.38	442	6	10	1	439	3630	3196	0.0	 690
G1_hum_657_454D7new_gc274_#1	gi|31789727|gb|AY282983.1|	96.38	442	6	10	1	439	3630	3196	0.0	 690
G1_hum_657_454D7new_gc274_#1	gi|31789723|gb|AY282982.1|	96.38	442	6	10	1	439	3630	3196	0.0	 690
G1_hum_657_454D7new_gc274_#1	gi|31789719|gb|AY282981.1|	96.38	442	6	10	1	439	3630	3196	0.0	 690
G1_hum_657_454D7new_gc274_#1	gi|31789715|gb|AY282980.1|	96.38	442	6	10	1	439	3630	3196	0.0	 690
G1_hum_657_454D7new_gc274_#1	gi|31789711|gb|AY282979.1|	96.38	442	6	10	1	439	3630	3196	0.0	 690
G1_hum_657_454D7new_gc274_#1	gi|31789707|gb|AY282978.1|	96.38	442	6	10	1	439	3630	3196	0.0	 690
G1_hum_657_454D7new_gc274_#1	gi|31789703|gb|AY282977.1|	96.38	442	6	10	1	439	3630	3196	0.0	 690
G1_hum_657_454D7new_gc274_#1	gi|31789699|gb|AY282976.1|	96.38	442	6	10	1	439	3630	3196	0.0	 690
G1_hum_657_454D7new_gc274_#1	gi|31789695|gb|AY282975.1|	96.38	442	6	10	1	439	3630	3196	0.0	 690
G1_hum_657_454D7new_gc274_#1	gi|31789691|gb|AY282974.1|	96.38	442	6	10	1	439	3630	3196	0.0	 690
G1_hum_657_454D7new_gc274_#1	gi|31789687|gb|AY282973.1|	96.38	442	6	10	1	439	3634	3200	0.0	 690
G1_hum_657_454D7new_gc274_#1	gi|31789683|gb|AY282972.1|	96.38	442	6	10	1	439	3630	3196	0.0	 690
G1_hum_657_454D7new_gc274_#1	gi|31789679|gb|AY282971.1|	96.38	442	6	10	1	439	3630	3196	0.0	 690
G1_hum_657_454D7new_gc274_#1	gi|31789675|gb|AY282970.1|	96.38	442	6	10	1	439	3630	3196	0.0	 690
G1_hum_657_454D7new_gc274_#1	gi|31789671|gb|AY282969.1|	96.38	442	6	10	1	439	3630	3196	0.0	 690
G1_hum_657_454D7new_gc274_#1	gi|31789667|gb|AY282968.1|	96.38	442	6	10	1	439	3630	3196	0.0	 690
G1_hum_657_454D7new_gc274_#1	gi|31789663|gb|AY282967.1|	96.38	442	6	10	1	439	3630	3196	0.0	 690
G1_hum_657_454D7new_gc274_#1	gi|31789659|gb|AY282966.1|	96.38	442	6	10	1	439	3630	3196	0.0	 690
G1_hum_657_454D7new_gc274_#1	gi|31789655|gb|AY282965.1|	96.38	442	6	10	1	439	3630	3196	0.0	 690
G1_hum_657_454D7new_gc274_#1	gi|31789651|gb|AY282964.1|	96.38	442	6	10	1	439	3630	3196	0.0	 690
G1_hum_657_454D7new_gc274_#1	gi|31789647|gb|AY282963.1|	96.38	442	6	10	1	439	3630	3196	0.0	 690
G1_hum_657_454D7new_gc274_#1	gi|31789635|gb|AY282960.1|	96.38	442	6	10	1	439	3630	3196	0.0	 690
G1_hum_657_454D7new_gc274_#1	gi|31789631|gb|AY282959.1|	96.38	442	6	10	1	439	3630	3196	0.0	 690
G1_hum_657_454D7new_gc274_#1	gi|31789627|gb|AY282958.1|	96.38	442	6	10	1	439	3630	3196	0.0	 690
G1_hum_657_454D7new_gc274_#1	gi|31789619|gb|AY282956.1|	96.38	442	6	10	1	439	3630	3196	0.0	 690
G1_hum_657_454D7new_gc274_#1	gi|31789615|gb|AY282955.1|	96.38	442	6	10	1	439	3630	3196	0.0	 690
G1_hum_657_454D7new_gc274_#1	gi|31789611|gb|AY282954.1|	96.38	442	6	10	1	439	3630	3196	0.0	 690
G1_hum_657_454D7new_gc274_#1	gi|31789607|gb|AY282953.1|	96.38	442	6	10	1	439	3630	3196	0.0	 690
G1_hum_657_454D7new_gc274_#1	gi|31789603|gb|AY282952.1|	96.38	442	6	10	1	439	3630	3196	0.0	 690
G1_hum_657_454D7new_gc274_#1	gi|31789599|gb|AY282951.1|	96.38	442	6	10	1	439	3630	3196	0.0	 690
G1_hum_657_454D7new_gc274_#1	gi|31789595|gb|AY282950.1|	96.38	442	6	10	1	439	3630	3196	0.0	 690
G1_hum_657_454D7new_gc274_#1	gi|31789591|gb|AY282949.1|	96.38	442	6	10	1	439	3630	3196	0.0	 690
G1_hum_657_454D7new_gc274_#1	gi|31789587|gb|AY282948.1|	96.38	442	6	10	1	439	3630	3196	0.0	 690
G1_hum_657_454D7new_gc274_#1	gi|31789583|gb|AY282947.1|	96.38	442	6	10	1	439	3630	3196	0.0	 690
G1_hum_657_454D7new_gc274_#1	gi|31789579|gb|AY282946.1|	96.38	442	6	10	1	439	3630	3196	0.0	 690
G1_hum_657_454D7new_gc274_#1	gi|31789575|gb|AY282945.1|	96.38	442	6	10	1	439	3630	3196	0.0	 690
G1_hum_657_454D7new_gc274_#1	gi|31789571|gb|AY282944.1|	96.38	442	6	10	1	439	3630	3196	0.0	 690
G1_hum_657_454D7new_gc274_#1	gi|31789567|gb|AY282943.1|	96.38	442	6	10	1	439	3630	3196	0.0	 690
G1_hum_657_454D7new_gc274_#1	gi|31789563|gb|AY282942.1|	96.38	442	6	10	1	439	3630	3196	0.0	 690
G1_hum_657_454D7new_gc274_#1	gi|31789559|gb|AY282941.1|	96.38	442	6	10	1	439	3630	3196	0.0	 690
G1_hum_657_454D7new_gc274_#1	gi|31789555|gb|AY282940.1|	96.38	442	6	10	1	439	3630	3196	0.0	 690
G1_hum_657_454D7new_gc274_#1	gi|31789551|gb|AY282939.1|	96.38	442	6	10	1	439	3630	3196	0.0	 690
G1_hum_657_454D7new_gc274_#1	gi|31789547|gb|AY282938.1|	96.38	442	6	10	1	439	3630	3196	0.0	 690
G1_hum_657_454D7new_gc274_#1	gi|31789543|gb|AY282937.1|	96.38	442	6	10	1	439	3630	3196	0.0	 690
G1_hum_657_454D7new_gc274_#1	gi|31789539|gb|AY282936.1|	96.38	442	6	10	1	439	3630	3196	0.0	 690
G1_hum_657_454D7new_gc274_#1	gi|31789535|gb|AY282935.1|	96.38	442	6	10	1	439	3630	3196	0.0	 690
G1_hum_657_454D7new_gc274_#1	gi|31789531|gb|AY282934.1|	96.38	442	6	10	1	439	3630	3196	0.0	 690
G1_hum_657_454D7new_gc274_#1	gi|31789527|gb|AY282933.1|	96.38	442	6	10	1	439	3630	3196	0.0	 690
G1_hum_657_454D7new_gc274_#1	gi|31789523|gb|AY282932.1|	96.38	442	6	10	1	439	3630	3196	0.0	 690
G1_hum_657_454D7new_gc274_#1	gi|31789519|gb|AY282931.1|	96.38	442	6	10	1	439	3630	3196	0.0	 690
G1_hum_657_454D7new_gc274_#1	gi|31789515|gb|AY282930.1|	96.38	442	6	10	1	439	3630	3196	0.0	 690
G1_hum_657_454D7new_gc274_#1	gi|31789511|gb|AY282929.1|	96.38	442	6	10	1	439	3630	3196	0.0	 690
G1_hum_657_454D7new_gc274_#1	gi|31789507|gb|AY282928.1|	96.38	442	6	10	1	439	3630	3196	0.0	 690
G1_hum_657_454D7new_gc274_#1	gi|31789503|gb|AY282927.1|	96.38	442	6	10	1	439	3630	3196	0.0	 690
G1_hum_657_454D7new_gc274_#1	gi|31789499|gb|AY282926.1|	96.38	442	6	10	1	439	3630	3196	0.0	 690
G1_hum_657_454D7new_gc274_#1	gi|31789495|gb|AY282925.1|	96.38	442	6	10	1	439	3630	3196	0.0	 690
G1_hum_657_454D7new_gc274_#1	gi|31789491|gb|AY282924.1|	96.38	442	6	10	1	439	3630	3196	0.0	 690
G1_hum_657_454D7new_gc274_#1	gi|1311631|gb|M76611.1|M76611	96.38	442	6	10	1	439	3630	3196	0.0	 690
G1_hum_657_454D7new_gc274_#1	gi|8346992|emb|AJ276847.1|	96.38	442	6	10	1	439	3630	3196	0.0	 690
G1_hum_657_454D7new_gc274_#1	gi|8346988|emb|AJ276846.1|	96.38	442	6	10	1	439	3630	3196	0.0	 690
G1_hum_657_454D7new_gc274_#1	gi|8346984|emb|AJ276845.1|	96.38	442	6	10	1	439	3630	3196	0.0	 690
G1_hum_657_454D7new_gc274_#1	gi|8346980|emb|AJ276844.1|	96.38	442	6	10	1	439	3630	3196	0.0	 690
G1_hum_657_454D7new_gc274_#1	gi|1197814|gb|M99416.1|PFAMTCYTO	96.38	442	6	10	1	439	4896	4462	0.0	 690
# BLASTN 2.2.23+
# Query:  G1_hum_1367_454D7new_gc274_#1
# Database: /home/rohinis/blastdb/blast_nt/nt
# Fields: query id, subject id, % identity, alignment length, mismatches, gap opens, q. start, q. end, s. start, s. end, evalue, bit score
# 100 hits found
G1_hum_1367_454D7new_gc274_#1	gi|289511334|gb|GQ355475.1|	99.18	364	0	3	1	364	4336	3976	5e-178	 632
G1_hum_1367_454D7new_gc274_#1	gi|289511330|gb|GQ355474.1|	99.18	364	0	3	1	364	4336	3976	5e-178	 632
G1_hum_1367_454D7new_gc274_#1	gi|31789871|gb|AY283019.1|	99.18	364	0	3	1	364	3630	3270	5e-178	 632
G1_hum_1367_454D7new_gc274_#1	gi|31789867|gb|AY283018.1|	99.18	364	0	3	1	364	3630	3270	5e-178	 632
G1_hum_1367_454D7new_gc274_#1	gi|31789863|gb|AY283017.1|	99.18	364	0	3	1	364	3630	3270	5e-178	 632
G1_hum_1367_454D7new_gc274_#1	gi|31789859|gb|AY283016.1|	99.18	364	0	3	1	364	3630	3270	5e-178	 632
G1_hum_1367_454D7new_gc274_#1	gi|31789855|gb|AY283015.1|	99.18	364	0	3	1	364	3630	3270	5e-178	 632
G1_hum_1367_454D7new_gc274_#1	gi|31789851|gb|AY283014.1|	99.18	364	0	3	1	364	3630	3270	5e-178	 632
G1_hum_1367_454D7new_gc274_#1	gi|31789847|gb|AY283013.1|	99.18	364	0	3	1	364	3630	3270	5e-178	 632
G1_hum_1367_454D7new_gc274_#1	gi|31789843|gb|AY283012.1|	99.18	364	0	3	1	364	3630	3270	5e-178	 632
G1_hum_1367_454D7new_gc274_#1	gi|31789839|gb|AY283011.1|	99.18	364	0	3	1	364	3630	3270	5e-178	 632
G1_hum_1367_454D7new_gc274_#1	gi|31789835|gb|AY283010.1|	99.18	364	0	3	1	364	3630	3270	5e-178	 632
G1_hum_1367_454D7new_gc274_#1	gi|31789831|gb|AY283009.1|	99.18	364	0	3	1	364	3630	3270	5e-178	 632
G1_hum_1367_454D7new_gc274_#1	gi|31789827|gb|AY283008.1|	99.18	364	0	3	1	364	3630	3270	5e-178	 632
G1_hum_1367_454D7new_gc274_#1	gi|31789823|gb|AY283007.1|	99.18	364	0	3	1	364	3630	3270	5e-178	 632
G1_hum_1367_454D7new_gc274_#1	gi|31789819|gb|AY283006.1|	99.18	364	0	3	1	364	3630	3270	5e-178	 632
G1_hum_1367_454D7new_gc274_#1	gi|31789815|gb|AY283005.1|	99.18	364	0	3	1	364	3630	3270	5e-178	 632
G1_hum_1367_454D7new_gc274_#1	gi|31789811|gb|AY283004.1|	99.18	364	0	3	1	364	3630	3270	5e-178	 632
G1_hum_1367_454D7new_gc274_#1	gi|31789807|gb|AY283003.1|	99.18	364	0	3	1	364	3630	3270	5e-178	 632
G1_hum_1367_454D7new_gc274_#1	gi|31789803|gb|AY283002.1|	99.18	364	0	3	1	364	3630	3270	5e-178	 632
G1_hum_1367_454D7new_gc274_#1	gi|31789799|gb|AY283001.1|	99.18	364	0	3	1	364	3630	3270	5e-178	 632
G1_hum_1367_454D7new_gc274_#1	gi|31789795|gb|AY283000.1|	99.18	364	0	3	1	364	3630	3270	5e-178	 632
G1_hum_1367_454D7new_gc274_#1	gi|31789791|gb|AY282999.1|	99.18	364	0	3	1	364	3630	3270	5e-178	 632
G1_hum_1367_454D7new_gc274_#1	gi|31789787|gb|AY282998.1|	99.18	364	0	3	1	364	3630	3270	5e-178	 632
G1_hum_1367_454D7new_gc274_#1	gi|31789783|gb|AY282997.1|	99.18	364	0	3	1	364	3630	3270	5e-178	 632
G1_hum_1367_454D7new_gc274_#1	gi|31789779|gb|AY282996.1|	99.18	364	0	3	1	364	3630	3270	5e-178	 632
G1_hum_1367_454D7new_gc274_#1	gi|31789775|gb|AY282995.1|	99.18	364	0	3	1	364	3630	3270	5e-178	 632
G1_hum_1367_454D7new_gc274_#1	gi|31789771|gb|AY282994.1|	99.18	364	0	3	1	364	3630	3270	5e-178	 632
G1_hum_1367_454D7new_gc274_#1	gi|31789767|gb|AY282993.1|	99.18	364	0	3	1	364	3630	3270	5e-178	 632
G1_hum_1367_454D7new_gc274_#1	gi|31789763|gb|AY282992.1|	99.18	364	0	3	1	364	3630	3270	5e-178	 632
G1_hum_1367_454D7new_gc274_#1	gi|31789759|gb|AY282991.1|	99.18	364	0	3	1	364	3630	3270	5e-178	 632
G1_hum_1367_454D7new_gc274_#1	gi|31789755|gb|AY282990.1|	99.18	364	0	3	1	364	3630	3270	5e-178	 632
G1_hum_1367_454D7new_gc274_#1	gi|31789751|gb|AY282989.1|	99.18	364	0	3	1	364	3630	3270	5e-178	 632
G1_hum_1367_454D7new_gc274_#1	gi|31789747|gb|AY282988.1|	99.18	364	0	3	1	364	3630	3270	5e-178	 632
G1_hum_1367_454D7new_gc274_#1	gi|31789743|gb|AY282987.1|	99.18	364	0	3	1	364	3630	3270	5e-178	 632
G1_hum_1367_454D7new_gc274_#1	gi|31789739|gb|AY282986.1|	99.18	364	0	3	1	364	3630	3270	5e-178	 632
G1_hum_1367_454D7new_gc274_#1	gi|31789735|gb|AY282985.1|	99.18	364	0	3	1	364	3630	3270	5e-178	 632
G1_hum_1367_454D7new_gc274_#1	gi|31789731|gb|AY282984.1|	99.18	364	0	3	1	364	3630	3270	5e-178	 632
G1_hum_1367_454D7new_gc274_#1	gi|31789727|gb|AY282983.1|	99.18	364	0	3	1	364	3630	3270	5e-178	 632
G1_hum_1367_454D7new_gc274_#1	gi|31789723|gb|AY282982.1|	99.18	364	0	3	1	364	3630	3270	5e-178	 632
G1_hum_1367_454D7new_gc274_#1	gi|31789719|gb|AY282981.1|	99.18	364	0	3	1	364	3630	3270	5e-178	 632
G1_hum_1367_454D7new_gc274_#1	gi|31789715|gb|AY282980.1|	99.18	364	0	3	1	364	3630	3270	5e-178	 632
G1_hum_1367_454D7new_gc274_#1	gi|31789711|gb|AY282979.1|	99.18	364	0	3	1	364	3630	3270	5e-178	 632
G1_hum_1367_454D7new_gc274_#1	gi|31789707|gb|AY282978.1|	99.18	364	0	3	1	364	3630	3270	5e-178	 632
G1_hum_1367_454D7new_gc274_#1	gi|31789703|gb|AY282977.1|	99.18	364	0	3	1	364	3630	3270	5e-178	 632
G1_hum_1367_454D7new_gc274_#1	gi|31789699|gb|AY282976.1|	99.18	364	0	3	1	364	3630	3270	5e-178	 632
G1_hum_1367_454D7new_gc274_#1	gi|31789695|gb|AY282975.1|	99.18	364	0	3	1	364	3630	3270	5e-178	 632
G1_hum_1367_454D7new_gc274_#1	gi|31789691|gb|AY282974.1|	99.18	364	0	3	1	364	3630	3270	5e-178	 632
G1_hum_1367_454D7new_gc274_#1	gi|31789687|gb|AY282973.1|	99.18	364	0	3	1	364	3634	3274	5e-178	 632
G1_hum_1367_454D7new_gc274_#1	gi|31789683|gb|AY282972.1|	99.18	364	0	3	1	364	3630	3270	5e-178	 632
G1_hum_1367_454D7new_gc274_#1	gi|31789679|gb|AY282971.1|	99.18	364	0	3	1	364	3630	3270	5e-178	 632
G1_hum_1367_454D7new_gc274_#1	gi|31789675|gb|AY282970.1|	99.18	364	0	3	1	364	3630	3270	5e-178	 632
G1_hum_1367_454D7new_gc274_#1	gi|31789671|gb|AY282969.1|	99.18	364	0	3	1	364	3630	3270	5e-178	 632
G1_hum_1367_454D7new_gc274_#1	gi|31789667|gb|AY282968.1|	99.18	364	0	3	1	364	3630	3270	5e-178	 632
G1_hum_1367_454D7new_gc274_#1	gi|31789663|gb|AY282967.1|	99.18	364	0	3	1	364	3630	3270	5e-178	 632
G1_hum_1367_454D7new_gc274_#1	gi|31789659|gb|AY282966.1|	99.18	364	0	3	1	364	3630	3270	5e-178	 632
G1_hum_1367_454D7new_gc274_#1	gi|31789655|gb|AY282965.1|	99.18	364	0	3	1	364	3630	3270	5e-178	 632
G1_hum_1367_454D7new_gc274_#1	gi|31789651|gb|AY282964.1|	99.18	364	0	3	1	364	3630	3270	5e-178	 632
G1_hum_1367_454D7new_gc274_#1	gi|31789647|gb|AY282963.1|	99.18	364	0	3	1	364	3630	3270	5e-178	 632
G1_hum_1367_454D7new_gc274_#1	gi|31789635|gb|AY282960.1|	99.18	364	0	3	1	364	3630	3270	5e-178	 632
G1_hum_1367_454D7new_gc274_#1	gi|31789631|gb|AY282959.1|	99.18	364	0	3	1	364	3630	3270	5e-178	 632
G1_hum_1367_454D7new_gc274_#1	gi|31789627|gb|AY282958.1|	99.18	364	0	3	1	364	3630	3270	5e-178	 632
G1_hum_1367_454D7new_gc274_#1	gi|31789619|gb|AY282956.1|	99.18	364	0	3	1	364	3630	3270	5e-178	 632
G1_hum_1367_454D7new_gc274_#1	gi|31789615|gb|AY282955.1|	99.18	364	0	3	1	364	3630	3270	5e-178	 632
G1_hum_1367_454D7new_gc274_#1	gi|31789611|gb|AY282954.1|	99.18	364	0	3	1	364	3630	3270	5e-178	 632
G1_hum_1367_454D7new_gc274_#1	gi|31789607|gb|AY282953.1|	99.18	364	0	3	1	364	3630	3270	5e-178	 632
G1_hum_1367_454D7new_gc274_#1	gi|31789603|gb|AY282952.1|	99.18	364	0	3	1	364	3630	3270	5e-178	 632
G1_hum_1367_454D7new_gc274_#1	gi|31789599|gb|AY282951.1|	99.18	364	0	3	1	364	3630	3270	5e-178	 632
G1_hum_1367_454D7new_gc274_#1	gi|31789595|gb|AY282950.1|	99.18	364	0	3	1	364	3630	3270	5e-178	 632
G1_hum_1367_454D7new_gc274_#1	gi|31789591|gb|AY282949.1|	99.18	364	0	3	1	364	3630	3270	5e-178	 632
G1_hum_1367_454D7new_gc274_#1	gi|31789587|gb|AY282948.1|	99.18	364	0	3	1	364	3630	3270	5e-178	 632
G1_hum_1367_454D7new_gc274_#1	gi|31789579|gb|AY282946.1|	99.18	364	0	3	1	364	3630	3270	5e-178	 632
G1_hum_1367_454D7new_gc274_#1	gi|31789575|gb|AY282945.1|	99.18	364	0	3	1	364	3630	3270	5e-178	 632
G1_hum_1367_454D7new_gc274_#1	gi|31789571|gb|AY282944.1|	99.18	364	0	3	1	364	3630	3270	5e-178	 632
G1_hum_1367_454D7new_gc274_#1	gi|31789567|gb|AY282943.1|	99.18	364	0	3	1	364	3630	3270	5e-178	 632
G1_hum_1367_454D7new_gc274_#1	gi|31789563|gb|AY282942.1|	99.18	364	0	3	1	364	3630	3270	5e-178	 632
G1_hum_1367_454D7new_gc274_#1	gi|31789559|gb|AY282941.1|	99.18	364	0	3	1	364	3630	3270	5e-178	 632
G1_hum_1367_454D7new_gc274_#1	gi|31789555|gb|AY282940.1|	99.18	364	0	3	1	364	3630	3270	5e-178	 632
G1_hum_1367_454D7new_gc274_#1	gi|31789551|gb|AY282939.1|	99.18	364	0	3	1	364	3630	3270	5e-178	 632
G1_hum_1367_454D7new_gc274_#1	gi|31789547|gb|AY282938.1|	99.18	364	0	3	1	364	3630	3270	5e-178	 632
G1_hum_1367_454D7new_gc274_#1	gi|31789543|gb|AY282937.1|	99.18	364	0	3	1	364	3630	3270	5e-178	 632
G1_hum_1367_454D7new_gc274_#1	gi|31789539|gb|AY282936.1|	99.18	364	0	3	1	364	3630	3270	5e-178	 632
G1_hum_1367_454D7new_gc274_#1	gi|31789535|gb|AY282935.1|	99.18	364	0	3	1	364	3630	3270	5e-178	 632
G1_hum_1367_454D7new_gc274_#1	gi|31789531|gb|AY282934.1|	99.18	364	0	3	1	364	3630	3270	5e-178	 632
G1_hum_1367_454D7new_gc274_#1	gi|31789527|gb|AY282933.1|	99.18	364	0	3	1	364	3630	3270	5e-178	 632
G1_hum_1367_454D7new_gc274_#1	gi|31789523|gb|AY282932.1|	99.18	364	0	3	1	364	3630	3270	5e-178	 632
G1_hum_1367_454D7new_gc274_#1	gi|31789519|gb|AY282931.1|	99.18	364	0	3	1	364	3630	3270	5e-178	 632
G1_hum_1367_454D7new_gc274_#1	gi|31789515|gb|AY282930.1|	99.18	364	0	3	1	364	3630	3270	5e-178	 632
G1_hum_1367_454D7new_gc274_#1	gi|31789511|gb|AY282929.1|	99.18	364	0	3	1	364	3630	3270	5e-178	 632
G1_hum_1367_454D7new_gc274_#1	gi|31789507|gb|AY282928.1|	99.18	364	0	3	1	364	3630	3270	5e-178	 632
G1_hum_1367_454D7new_gc274_#1	gi|31789503|gb|AY282927.1|	99.18	364	0	3	1	364	3630	3270	5e-178	 632
G1_hum_1367_454D7new_gc274_#1	gi|31789499|gb|AY282926.1|	99.18	364	0	3	1	364	3630	3270	5e-178	 632
G1_hum_1367_454D7new_gc274_#1	gi|31789495|gb|AY282925.1|	99.18	364	0	3	1	364	3630	3270	5e-178	 632
G1_hum_1367_454D7new_gc274_#1	gi|31789491|gb|AY282924.1|	99.18	364	0	3	1	364	3630	3270	5e-178	 632
G1_hum_1367_454D7new_gc274_#1	gi|1311631|gb|M76611.1|M76611	99.18	364	0	3	1	364	3630	3270	5e-178	 632
G1_hum_1367_454D7new_gc274_#1	gi|8346992|emb|AJ276847.1|	99.18	364	0	3	1	364	3630	3270	5e-178	 632
G1_hum_1367_454D7new_gc274_#1	gi|8346988|emb|AJ276846.1|	99.18	364	0	3	1	364	3630	3270	5e-178	 632
G1_hum_1367_454D7new_gc274_#1	gi|8346984|emb|AJ276845.1|	99.18	364	0	3	1	364	3630	3270	5e-178	 632
G1_hum_1367_454D7new_gc274_#1	gi|8346980|emb|AJ276844.1|	99.18	364	0	3	1	364	3630	3270	5e-178	 632
G1_hum_1367_454D7new_gc274_#1	gi|1197814|gb|M99416.1|PFAMTCYTO	99.18	364	0	3	1	364	4896	4536	5e-178	 632
# BLASTN 2.2.23+
# Query:  P_ovale_1016_454D7new_gc247_#1
# Database: /home/rohinis/blastdb/blast_nt/nt
# Fields: query id, subject id, % identity, alignment length, mismatches, gap opens, q. start, q. end, s. start, s. end, evalue, bit score
# 100 hits found
P_ovale_1016_454D7new_gc247_#1	gi|195976606|dbj|AB354571.1|	97.71	436	5	5	1	432	4838	4404	0.0	 724
P_ovale_1016_454D7new_gc247_#1	gi|63022450|gb|AY598127.1|	93.82	437	21	6	1	432	4922	4487	0.0	 645
P_ovale_1016_454D7new_gc247_#1	gi|63022230|gb|AY598072.1|	93.82	437	21	6	1	432	4920	4485	0.0	 645
P_ovale_1016_454D7new_gc247_#1	gi|63022210|gb|AY598067.1|	93.82	437	21	6	1	432	4922	4487	0.0	 645
P_ovale_1016_454D7new_gc247_#1	gi|63022206|gb|AY598066.1|	93.82	437	21	6	1	432	4916	4481	0.0	 645
P_ovale_1016_454D7new_gc247_#1	gi|63022202|gb|AY598065.1|	93.82	437	21	6	1	432	4921	4486	0.0	 645
P_ovale_1016_454D7new_gc247_#1	gi|63022190|gb|AY598062.1|	93.82	437	21	6	1	432	4921	4486	0.0	 645
P_ovale_1016_454D7new_gc247_#1	gi|63022174|gb|AY598058.1|	93.82	437	21	6	1	432	4921	4486	0.0	 645
P_ovale_1016_454D7new_gc247_#1	gi|63022170|gb|AY598057.1|	93.82	437	21	6	1	432	4920	4485	0.0	 645
P_ovale_1016_454D7new_gc247_#1	gi|63022166|gb|AY598056.1|	93.82	437	21	6	1	432	4921	4486	0.0	 645
P_ovale_1016_454D7new_gc247_#1	gi|63022154|gb|AY598053.1|	93.82	437	21	6	1	432	4922	4487	0.0	 645
P_ovale_1016_454D7new_gc247_#1	gi|63022150|gb|AY598052.1|	93.82	437	21	6	1	432	4921	4486	0.0	 645
P_ovale_1016_454D7new_gc247_#1	gi|63022130|gb|AY598047.1|	93.82	437	21	6	1	432	4920	4485	0.0	 645
P_ovale_1016_454D7new_gc247_#1	gi|63022126|gb|AY598046.1|	93.82	437	21	6	1	432	4920	4485	0.0	 645
P_ovale_1016_454D7new_gc247_#1	gi|63022122|gb|AY598045.1|	93.82	437	21	6	1	432	4922	4487	0.0	 645
P_ovale_1016_454D7new_gc247_#1	gi|63022118|gb|AY598044.1|	93.82	437	21	6	1	432	4922	4487	0.0	 645
P_ovale_1016_454D7new_gc247_#1	gi|63022114|gb|AY598043.1|	93.82	437	21	6	1	432	4921	4486	0.0	 645
P_ovale_1016_454D7new_gc247_#1	gi|63022110|gb|AY598042.1|	93.82	437	21	6	1	432	4920	4485	0.0	 645
P_ovale_1016_454D7new_gc247_#1	gi|63022090|gb|AY598037.1|	93.82	437	21	6	1	432	4922	4487	0.0	 645
P_ovale_1016_454D7new_gc247_#1	gi|63022082|gb|AY598035.1|	93.82	437	21	6	1	432	4922	4487	0.0	 645
P_ovale_1016_454D7new_gc247_#1	gi|55743844|gb|AY791687.1|	93.82	437	21	6	1	432	4334	3899	0.0	 645
P_ovale_1016_454D7new_gc247_#1	gi|55743724|gb|AY791657.1|	93.82	437	21	6	1	432	4334	3899	0.0	 645
P_ovale_1016_454D7new_gc247_#1	gi|55743692|gb|AY791649.1|	93.82	437	21	6	1	432	4334	3899	0.0	 645
P_ovale_1016_454D7new_gc247_#1	gi|55743620|gb|AY791631.1|	93.82	437	21	6	1	432	4334	3899	0.0	 645
P_ovale_1016_454D7new_gc247_#1	gi|55743468|gb|AY791593.1|	93.82	437	21	6	1	432	4334	3899	0.0	 645
P_ovale_1016_454D7new_gc247_#1	gi|55743452|gb|AY791589.1|	93.82	437	21	6	1	432	4334	3899	0.0	 645
P_ovale_1016_454D7new_gc247_#1	gi|55743444|gb|AY791587.1|	93.82	437	21	6	1	432	4334	3899	0.0	 645
P_ovale_1016_454D7new_gc247_#1	gi|55743440|gb|AY791586.1|	93.82	437	21	6	1	432	4334	3899	0.0	 645
P_ovale_1016_454D7new_gc247_#1	gi|55743436|gb|AY791585.1|	93.82	437	21	6	1	432	4334	3899	0.0	 645
P_ovale_1016_454D7new_gc247_#1	gi|307100699|gb|HM235311.1|	93.59	437	22	6	1	432	2602	2167	1e-180	 641
P_ovale_1016_454D7new_gc247_#1	gi|299889136|dbj|AB550280.1|	93.59	437	22	6	1	432	4330	3895	1e-180	 641
P_ovale_1016_454D7new_gc247_#1	gi|299889132|dbj|AB550279.1|	93.59	437	22	6	1	432	4330	3895	1e-180	 641
P_ovale_1016_454D7new_gc247_#1	gi|299889128|dbj|AB550278.1|	93.59	437	22	6	1	432	4330	3895	1e-180	 641
P_ovale_1016_454D7new_gc247_#1	gi|299889124|dbj|AB550277.1|	93.59	437	22	6	1	432	4330	3895	1e-180	 641
P_ovale_1016_454D7new_gc247_#1	gi|299889120|dbj|AB550276.1|	93.59	437	22	6	1	432	4330	3895	1e-180	 641
P_ovale_1016_454D7new_gc247_#1	gi|290965475|dbj|AB444109.1|	93.59	437	22	6	1	432	4907	4472	1e-180	 641
P_ovale_1016_454D7new_gc247_#1	gi|290965147|dbj|AB444120.1|	93.59	437	22	6	1	432	4907	4472	1e-180	 641
P_ovale_1016_454D7new_gc247_#1	gi|89203604|gb|DQ396549.1|	93.59	437	22	6	1	432	4947	4512	1e-180	 641
P_ovale_1016_454D7new_gc247_#1	gi|89203600|gb|DQ396548.1|	93.59	437	22	6	1	432	4948	4513	1e-180	 641
P_ovale_1016_454D7new_gc247_#1	gi|195976614|dbj|AB354573.1|	93.59	437	22	6	1	432	4838	4403	1e-180	 641
P_ovale_1016_454D7new_gc247_#1	gi|3088633|gb|AF055587.1|	93.59	437	22	6	1	432	4921	4486	1e-180	 641
P_ovale_1016_454D7new_gc247_#1	gi|63022502|gb|AY598140.1|	93.59	437	22	6	1	432	4921	4486	1e-180	 641
P_ovale_1016_454D7new_gc247_#1	gi|63022494|gb|AY598138.1|	93.59	437	22	6	1	432	4920	4485	1e-180	 641
P_ovale_1016_454D7new_gc247_#1	gi|63022490|gb|AY598137.1|	93.59	437	22	6	1	432	4921	4486	1e-180	 641
P_ovale_1016_454D7new_gc247_#1	gi|63022486|gb|AY598136.1|	93.59	437	22	6	1	432	4921	4486	1e-180	 641
P_ovale_1016_454D7new_gc247_#1	gi|63022482|gb|AY598135.1|	93.59	437	22	6	1	432	4920	4485	1e-180	 641
P_ovale_1016_454D7new_gc247_#1	gi|63022478|gb|AY598134.1|	93.59	437	22	6	1	432	4920	4485	1e-180	 641
P_ovale_1016_454D7new_gc247_#1	gi|63022462|gb|AY598130.1|	93.59	437	22	6	1	432	4921	4486	1e-180	 641
P_ovale_1016_454D7new_gc247_#1	gi|63022458|gb|AY598129.1|	93.59	437	22	6	1	432	4921	4486	1e-180	 641
P_ovale_1016_454D7new_gc247_#1	gi|63022454|gb|AY598128.1|	93.59	437	22	6	1	432	4921	4486	1e-180	 641
P_ovale_1016_454D7new_gc247_#1	gi|63022446|gb|AY598126.1|	93.59	437	22	6	1	432	4921	4486	1e-180	 641
P_ovale_1016_454D7new_gc247_#1	gi|63022442|gb|AY598125.1|	93.59	437	22	6	1	432	4922	4487	1e-180	 641
P_ovale_1016_454D7new_gc247_#1	gi|63022438|gb|AY598124.1|	93.59	437	22	6	1	432	4921	4486	1e-180	 641
P_ovale_1016_454D7new_gc247_#1	gi|63022434|gb|AY598123.1|	93.59	437	22	6	1	432	4921	4486	1e-180	 641
P_ovale_1016_454D7new_gc247_#1	gi|63022430|gb|AY598122.1|	93.59	437	22	6	1	432	4921	4486	1e-180	 641
P_ovale_1016_454D7new_gc247_#1	gi|63022426|gb|AY598121.1|	93.59	437	22	6	1	432	4920	4485	1e-180	 641
P_ovale_1016_454D7new_gc247_#1	gi|63022418|gb|AY598119.1|	93.59	437	22	6	1	432	4922	4487	1e-180	 641
P_ovale_1016_454D7new_gc247_#1	gi|63022414|gb|AY598118.1|	93.59	437	22	6	1	432	4923	4488	1e-180	 641
P_ovale_1016_454D7new_gc247_#1	gi|63022410|gb|AY598117.1|	93.59	437	22	6	1	432	4922	4487	1e-180	 641
P_ovale_1016_454D7new_gc247_#1	gi|63022406|gb|AY598116.1|	93.59	437	22	6	1	432	4923	4488	1e-180	 641
P_ovale_1016_454D7new_gc247_#1	gi|63022402|gb|AY598115.1|	93.59	437	22	6	1	432	4921	4486	1e-180	 641
P_ovale_1016_454D7new_gc247_#1	gi|63022398|gb|AY598114.1|	93.59	437	22	6	1	432	4922	4487	1e-180	 641
P_ovale_1016_454D7new_gc247_#1	gi|63022394|gb|AY598113.1|	93.59	437	22	6	1	432	4922	4487	1e-180	 641
P_ovale_1016_454D7new_gc247_#1	gi|63022390|gb|AY598112.1|	93.59	437	22	6	1	432	4921	4486	1e-180	 641
P_ovale_1016_454D7new_gc247_#1	gi|63022386|gb|AY598111.1|	93.59	437	22	6	1	432	4921	4486	1e-180	 641
P_ovale_1016_454D7new_gc247_#1	gi|63022382|gb|AY598110.1|	93.59	437	22	6	1	432	4922	4487	1e-180	 641
P_ovale_1016_454D7new_gc247_#1	gi|63022378|gb|AY598109.1|	93.59	437	22	6	1	432	4922	4487	1e-180	 641
P_ovale_1016_454D7new_gc247_#1	gi|63022374|gb|AY598108.1|	93.59	437	22	6	1	432	4920	4485	1e-180	 641
P_ovale_1016_454D7new_gc247_#1	gi|63022370|gb|AY598107.1|	93.59	437	22	6	1	432	4920	4485	1e-180	 641
P_ovale_1016_454D7new_gc247_#1	gi|63022366|gb|AY598106.1|	93.59	437	22	6	1	432	4920	4485	1e-180	 641
P_ovale_1016_454D7new_gc247_#1	gi|63022362|gb|AY598105.1|	93.59	437	22	6	1	432	4920	4485	1e-180	 641
P_ovale_1016_454D7new_gc247_#1	gi|63022358|gb|AY598104.1|	93.59	437	22	6	1	432	4920	4485	1e-180	 641
P_ovale_1016_454D7new_gc247_#1	gi|63022354|gb|AY598103.1|	93.59	437	22	6	1	432	4921	4486	1e-180	 641
P_ovale_1016_454D7new_gc247_#1	gi|63022350|gb|AY598102.1|	93.59	437	22	6	1	432	4920	4485	1e-180	 641
P_ovale_1016_454D7new_gc247_#1	gi|63022346|gb|AY598101.1|	93.59	437	22	6	1	432	4920	4485	1e-180	 641
P_ovale_1016_454D7new_gc247_#1	gi|63022342|gb|AY598100.1|	93.59	437	22	6	1	432	4921	4486	1e-180	 641
P_ovale_1016_454D7new_gc247_#1	gi|63022338|gb|AY598099.1|	93.59	437	22	6	1	432	4920	4485	1e-180	 641
P_ovale_1016_454D7new_gc247_#1	gi|63022334|gb|AY598098.1|	93.59	437	22	6	1	432	4920	4485	1e-180	 641
P_ovale_1016_454D7new_gc247_#1	gi|63022330|gb|AY598097.1|	93.59	437	22	6	1	432	4921	4486	1e-180	 641
P_ovale_1016_454D7new_gc247_#1	gi|63022326|gb|AY598096.1|	93.59	437	22	6	1	432	4922	4487	1e-180	 641
P_ovale_1016_454D7new_gc247_#1	gi|63022322|gb|AY598095.1|	93.59	437	22	6	1	432	4921	4486	1e-180	 641
P_ovale_1016_454D7new_gc247_#1	gi|63022318|gb|AY598094.1|	93.59	437	22	6	1	432	4922	4487	1e-180	 641
P_ovale_1016_454D7new_gc247_#1	gi|63022314|gb|AY598093.1|	93.59	437	22	6	1	432	4921	4486	1e-180	 641
P_ovale_1016_454D7new_gc247_#1	gi|63022310|gb|AY598092.1|	93.59	437	22	6	1	432	4921	4486	1e-180	 641
P_ovale_1016_454D7new_gc247_#1	gi|63022306|gb|AY598091.1|	93.59	437	22	6	1	432	4921	4486	1e-180	 641
P_ovale_1016_454D7new_gc247_#1	gi|63022302|gb|AY598090.1|	93.59	437	22	6	1	432	4922	4487	1e-180	 641
P_ovale_1016_454D7new_gc247_#1	gi|63022298|gb|AY598089.1|	93.59	437	22	6	1	432	4921	4486	1e-180	 641
P_ovale_1016_454D7new_gc247_#1	gi|63022294|gb|AY598088.1|	93.59	437	22	6	1	432	4921	4486	1e-180	 641
P_ovale_1016_454D7new_gc247_#1	gi|63022290|gb|AY598087.1|	93.59	437	22	6	1	432	4921	4486	1e-180	 641
P_ovale_1016_454D7new_gc247_#1	gi|63022286|gb|AY598086.1|	93.59	437	22	6	1	432	4921	4486	1e-180	 641
P_ovale_1016_454D7new_gc247_#1	gi|63022282|gb|AY598085.1|	93.59	437	22	6	1	432	4921	4486	1e-180	 641
P_ovale_1016_454D7new_gc247_#1	gi|63022278|gb|AY598084.1|	93.59	437	22	6	1	432	4921	4486	1e-180	 641
P_ovale_1016_454D7new_gc247_#1	gi|63022274|gb|AY598083.1|	93.59	437	22	6	1	432	4921	4486	1e-180	 641
P_ovale_1016_454D7new_gc247_#1	gi|63022270|gb|AY598082.1|	93.59	437	22	6	1	432	4921	4486	1e-180	 641
P_ovale_1016_454D7new_gc247_#1	gi|63022266|gb|AY598081.1|	93.59	437	22	6	1	432	4921	4486	1e-180	 641
P_ovale_1016_454D7new_gc247_#1	gi|63022262|gb|AY598080.1|	93.59	437	22	6	1	432	4921	4486	1e-180	 641
P_ovale_1016_454D7new_gc247_#1	gi|63022258|gb|AY598079.1|	93.59	437	22	6	1	432	4921	4486	1e-180	 641
P_ovale_1016_454D7new_gc247_#1	gi|63022254|gb|AY598078.1|	93.59	437	22	6	1	432	4921	4486	1e-180	 641
P_ovale_1016_454D7new_gc247_#1	gi|63022250|gb|AY598077.1|	93.59	437	22	6	1	432	4921	4486	1e-180	 641
P_ovale_1016_454D7new_gc247_#1	gi|63022246|gb|AY598076.1|	93.59	437	22	6	1	432	4921	4486	1e-180	 641
# BLASTN 2.2.23+
# Query:  P_ovale_1044_454D7new_gc247_#1
# Database: /home/rohinis/blastdb/blast_nt/nt
# Fields: query id, subject id, % identity, alignment length, mismatches, gap opens, q. start, q. end, s. start, s. end, evalue, bit score
# 100 hits found
P_ovale_1044_454D7new_gc247_#1	gi|195976606|dbj|AB354571.1|	97.47	435	5	6	1	429	4838	4404	0.0	 713
P_ovale_1044_454D7new_gc247_#1	gi|63022450|gb|AY598127.1|	94.04	436	19	7	1	429	4922	4487	0.0	 645
P_ovale_1044_454D7new_gc247_#1	gi|63022230|gb|AY598072.1|	94.04	436	19	7	1	429	4920	4485	0.0	 645
P_ovale_1044_454D7new_gc247_#1	gi|63022210|gb|AY598067.1|	94.04	436	19	7	1	429	4922	4487	0.0	 645
P_ovale_1044_454D7new_gc247_#1	gi|63022206|gb|AY598066.1|	94.04	436	19	7	1	429	4916	4481	0.0	 645
P_ovale_1044_454D7new_gc247_#1	gi|63022202|gb|AY598065.1|	94.04	436	19	7	1	429	4921	4486	0.0	 645
P_ovale_1044_454D7new_gc247_#1	gi|63022190|gb|AY598062.1|	94.04	436	19	7	1	429	4921	4486	0.0	 645
P_ovale_1044_454D7new_gc247_#1	gi|63022174|gb|AY598058.1|	94.04	436	19	7	1	429	4921	4486	0.0	 645
P_ovale_1044_454D7new_gc247_#1	gi|63022170|gb|AY598057.1|	94.04	436	19	7	1	429	4920	4485	0.0	 645
P_ovale_1044_454D7new_gc247_#1	gi|63022166|gb|AY598056.1|	94.04	436	19	7	1	429	4921	4486	0.0	 645
P_ovale_1044_454D7new_gc247_#1	gi|63022154|gb|AY598053.1|	94.04	436	19	7	1	429	4922	4487	0.0	 645
P_ovale_1044_454D7new_gc247_#1	gi|63022150|gb|AY598052.1|	94.04	436	19	7	1	429	4921	4486	0.0	 645
P_ovale_1044_454D7new_gc247_#1	gi|63022130|gb|AY598047.1|	94.04	436	19	7	1	429	4920	4485	0.0	 645
P_ovale_1044_454D7new_gc247_#1	gi|63022126|gb|AY598046.1|	94.04	436	19	7	1	429	4920	4485	0.0	 645
P_ovale_1044_454D7new_gc247_#1	gi|63022122|gb|AY598045.1|	94.04	436	19	7	1	429	4922	4487	0.0	 645
P_ovale_1044_454D7new_gc247_#1	gi|63022118|gb|AY598044.1|	94.04	436	19	7	1	429	4922	4487	0.0	 645
P_ovale_1044_454D7new_gc247_#1	gi|63022114|gb|AY598043.1|	94.04	436	19	7	1	429	4921	4486	0.0	 645
P_ovale_1044_454D7new_gc247_#1	gi|63022110|gb|AY598042.1|	94.04	436	19	7	1	429	4920	4485	0.0	 645
P_ovale_1044_454D7new_gc247_#1	gi|63022090|gb|AY598037.1|	94.04	436	19	7	1	429	4922	4487	0.0	 645
P_ovale_1044_454D7new_gc247_#1	gi|63022082|gb|AY598035.1|	94.04	436	19	7	1	429	4922	4487	0.0	 645
P_ovale_1044_454D7new_gc247_#1	gi|55743844|gb|AY791687.1|	94.04	436	19	7	1	429	4334	3899	0.0	 645
P_ovale_1044_454D7new_gc247_#1	gi|55743724|gb|AY791657.1|	94.04	436	19	7	1	429	4334	3899	0.0	 645
P_ovale_1044_454D7new_gc247_#1	gi|55743692|gb|AY791649.1|	94.04	436	19	7	1	429	4334	3899	0.0	 645
P_ovale_1044_454D7new_gc247_#1	gi|55743620|gb|AY791631.1|	94.04	436	19	7	1	429	4334	3899	0.0	 645
P_ovale_1044_454D7new_gc247_#1	gi|55743468|gb|AY791593.1|	94.04	436	19	7	1	429	4334	3899	0.0	 645
P_ovale_1044_454D7new_gc247_#1	gi|55743452|gb|AY791589.1|	94.04	436	19	7	1	429	4334	3899	0.0	 645
P_ovale_1044_454D7new_gc247_#1	gi|55743444|gb|AY791587.1|	94.04	436	19	7	1	429	4334	3899	0.0	 645
P_ovale_1044_454D7new_gc247_#1	gi|55743440|gb|AY791586.1|	94.04	436	19	7	1	429	4334	3899	0.0	 645
P_ovale_1044_454D7new_gc247_#1	gi|55743436|gb|AY791585.1|	94.04	436	19	7	1	429	4334	3899	0.0	 645
P_ovale_1044_454D7new_gc247_#1	gi|307100699|gb|HM235311.1|	93.81	436	20	7	1	429	2602	2167	4e-180	 639
P_ovale_1044_454D7new_gc247_#1	gi|299889136|dbj|AB550280.1|	93.81	436	20	7	1	429	4330	3895	4e-180	 639
P_ovale_1044_454D7new_gc247_#1	gi|299889132|dbj|AB550279.1|	93.81	436	20	7	1	429	4330	3895	4e-180	 639
P_ovale_1044_454D7new_gc247_#1	gi|299889128|dbj|AB550278.1|	93.81	436	20	7	1	429	4330	3895	4e-180	 639
P_ovale_1044_454D7new_gc247_#1	gi|299889124|dbj|AB550277.1|	93.81	436	20	7	1	429	4330	3895	4e-180	 639
P_ovale_1044_454D7new_gc247_#1	gi|299889120|dbj|AB550276.1|	93.81	436	20	7	1	429	4330	3895	4e-180	 639
P_ovale_1044_454D7new_gc247_#1	gi|290965475|dbj|AB444109.1|	93.81	436	20	7	1	429	4907	4472	4e-180	 639
P_ovale_1044_454D7new_gc247_#1	gi|290965147|dbj|AB444120.1|	93.81	436	20	7	1	429	4907	4472	4e-180	 639
P_ovale_1044_454D7new_gc247_#1	gi|89203604|gb|DQ396549.1|	93.81	436	20	7	1	429	4947	4512	4e-180	 639
P_ovale_1044_454D7new_gc247_#1	gi|89203600|gb|DQ396548.1|	93.81	436	20	7	1	429	4948	4513	4e-180	 639
P_ovale_1044_454D7new_gc247_#1	gi|195976614|dbj|AB354573.1|	93.81	436	20	7	1	429	4838	4403	4e-180	 639
P_ovale_1044_454D7new_gc247_#1	gi|3088633|gb|AF055587.1|	93.81	436	20	7	1	429	4921	4486	4e-180	 639
P_ovale_1044_454D7new_gc247_#1	gi|63022502|gb|AY598140.1|	93.81	436	20	7	1	429	4921	4486	4e-180	 639
P_ovale_1044_454D7new_gc247_#1	gi|63022494|gb|AY598138.1|	93.81	436	20	7	1	429	4920	4485	4e-180	 639
P_ovale_1044_454D7new_gc247_#1	gi|63022490|gb|AY598137.1|	93.81	436	20	7	1	429	4921	4486	4e-180	 639
P_ovale_1044_454D7new_gc247_#1	gi|63022486|gb|AY598136.1|	93.81	436	20	7	1	429	4921	4486	4e-180	 639
P_ovale_1044_454D7new_gc247_#1	gi|63022482|gb|AY598135.1|	93.81	436	20	7	1	429	4920	4485	4e-180	 639
P_ovale_1044_454D7new_gc247_#1	gi|63022478|gb|AY598134.1|	93.81	436	20	7	1	429	4920	4485	4e-180	 639
P_ovale_1044_454D7new_gc247_#1	gi|63022462|gb|AY598130.1|	93.81	436	20	7	1	429	4921	4486	4e-180	 639
P_ovale_1044_454D7new_gc247_#1	gi|63022458|gb|AY598129.1|	93.81	436	20	7	1	429	4921	4486	4e-180	 639
P_ovale_1044_454D7new_gc247_#1	gi|63022454|gb|AY598128.1|	93.81	436	20	7	1	429	4921	4486	4e-180	 639
P_ovale_1044_454D7new_gc247_#1	gi|63022446|gb|AY598126.1|	93.81	436	20	7	1	429	4921	4486	4e-180	 639
P_ovale_1044_454D7new_gc247_#1	gi|63022442|gb|AY598125.1|	93.81	436	20	7	1	429	4922	4487	4e-180	 639
P_ovale_1044_454D7new_gc247_#1	gi|63022438|gb|AY598124.1|	93.81	436	20	7	1	429	4921	4486	4e-180	 639
P_ovale_1044_454D7new_gc247_#1	gi|63022434|gb|AY598123.1|	93.81	436	20	7	1	429	4921	4486	4e-180	 639
P_ovale_1044_454D7new_gc247_#1	gi|63022430|gb|AY598122.1|	93.81	436	20	7	1	429	4921	4486	4e-180	 639
P_ovale_1044_454D7new_gc247_#1	gi|63022426|gb|AY598121.1|	93.81	436	20	7	1	429	4920	4485	4e-180	 639
P_ovale_1044_454D7new_gc247_#1	gi|63022418|gb|AY598119.1|	93.81	436	20	7	1	429	4922	4487	4e-180	 639
P_ovale_1044_454D7new_gc247_#1	gi|63022414|gb|AY598118.1|	93.81	436	20	7	1	429	4923	4488	4e-180	 639
P_ovale_1044_454D7new_gc247_#1	gi|63022410|gb|AY598117.1|	93.81	436	20	7	1	429	4922	4487	4e-180	 639
P_ovale_1044_454D7new_gc247_#1	gi|63022406|gb|AY598116.1|	93.81	436	20	7	1	429	4923	4488	4e-180	 639
P_ovale_1044_454D7new_gc247_#1	gi|63022402|gb|AY598115.1|	93.81	436	20	7	1	429	4921	4486	4e-180	 639
P_ovale_1044_454D7new_gc247_#1	gi|63022398|gb|AY598114.1|	93.81	436	20	7	1	429	4922	4487	4e-180	 639
P_ovale_1044_454D7new_gc247_#1	gi|63022394|gb|AY598113.1|	93.81	436	20	7	1	429	4922	4487	4e-180	 639
P_ovale_1044_454D7new_gc247_#1	gi|63022390|gb|AY598112.1|	93.81	436	20	7	1	429	4921	4486	4e-180	 639
P_ovale_1044_454D7new_gc247_#1	gi|63022386|gb|AY598111.1|	93.81	436	20	7	1	429	4921	4486	4e-180	 639
P_ovale_1044_454D7new_gc247_#1	gi|63022382|gb|AY598110.1|	93.81	436	20	7	1	429	4922	4487	4e-180	 639
P_ovale_1044_454D7new_gc247_#1	gi|63022378|gb|AY598109.1|	93.81	436	20	7	1	429	4922	4487	4e-180	 639
P_ovale_1044_454D7new_gc247_#1	gi|63022374|gb|AY598108.1|	93.81	436	20	7	1	429	4920	4485	4e-180	 639
P_ovale_1044_454D7new_gc247_#1	gi|63022370|gb|AY598107.1|	93.81	436	20	7	1	429	4920	4485	4e-180	 639
P_ovale_1044_454D7new_gc247_#1	gi|63022366|gb|AY598106.1|	93.81	436	20	7	1	429	4920	4485	4e-180	 639
P_ovale_1044_454D7new_gc247_#1	gi|63022362|gb|AY598105.1|	93.81	436	20	7	1	429	4920	4485	4e-180	 639
P_ovale_1044_454D7new_gc247_#1	gi|63022358|gb|AY598104.1|	93.81	436	20	7	1	429	4920	4485	4e-180	 639
P_ovale_1044_454D7new_gc247_#1	gi|63022354|gb|AY598103.1|	93.81	436	20	7	1	429	4921	4486	4e-180	 639
P_ovale_1044_454D7new_gc247_#1	gi|63022350|gb|AY598102.1|	93.81	436	20	7	1	429	4920	4485	4e-180	 639
P_ovale_1044_454D7new_gc247_#1	gi|63022346|gb|AY598101.1|	93.81	436	20	7	1	429	4920	4485	4e-180	 639
P_ovale_1044_454D7new_gc247_#1	gi|63022342|gb|AY598100.1|	93.81	436	20	7	1	429	4921	4486	4e-180	 639
P_ovale_1044_454D7new_gc247_#1	gi|63022338|gb|AY598099.1|	93.81	436	20	7	1	429	4920	4485	4e-180	 639
P_ovale_1044_454D7new_gc247_#1	gi|63022334|gb|AY598098.1|	93.81	436	20	7	1	429	4920	4485	4e-180	 639
P_ovale_1044_454D7new_gc247_#1	gi|63022330|gb|AY598097.1|	93.81	436	20	7	1	429	4921	4486	4e-180	 639
P_ovale_1044_454D7new_gc247_#1	gi|63022326|gb|AY598096.1|	93.81	436	20	7	1	429	4922	4487	4e-180	 639
P_ovale_1044_454D7new_gc247_#1	gi|63022322|gb|AY598095.1|	93.81	436	20	7	1	429	4921	4486	4e-180	 639
P_ovale_1044_454D7new_gc247_#1	gi|63022318|gb|AY598094.1|	93.81	436	20	7	1	429	4922	4487	4e-180	 639
P_ovale_1044_454D7new_gc247_#1	gi|63022314|gb|AY598093.1|	93.81	436	20	7	1	429	4921	4486	4e-180	 639
P_ovale_1044_454D7new_gc247_#1	gi|63022310|gb|AY598092.1|	93.81	436	20	7	1	429	4921	4486	4e-180	 639
P_ovale_1044_454D7new_gc247_#1	gi|63022306|gb|AY598091.1|	93.81	436	20	7	1	429	4921	4486	4e-180	 639
P_ovale_1044_454D7new_gc247_#1	gi|63022302|gb|AY598090.1|	93.81	436	20	7	1	429	4922	4487	4e-180	 639
P_ovale_1044_454D7new_gc247_#1	gi|63022298|gb|AY598089.1|	93.81	436	20	7	1	429	4921	4486	4e-180	 639
P_ovale_1044_454D7new_gc247_#1	gi|63022294|gb|AY598088.1|	93.81	436	20	7	1	429	4921	4486	4e-180	 639
P_ovale_1044_454D7new_gc247_#1	gi|63022290|gb|AY598087.1|	93.81	436	20	7	1	429	4921	4486	4e-180	 639
P_ovale_1044_454D7new_gc247_#1	gi|63022286|gb|AY598086.1|	93.81	436	20	7	1	429	4921	4486	4e-180	 639
P_ovale_1044_454D7new_gc247_#1	gi|63022282|gb|AY598085.1|	93.81	436	20	7	1	429	4921	4486	4e-180	 639
P_ovale_1044_454D7new_gc247_#1	gi|63022278|gb|AY598084.1|	93.81	436	20	7	1	429	4921	4486	4e-180	 639
P_ovale_1044_454D7new_gc247_#1	gi|63022274|gb|AY598083.1|	93.81	436	20	7	1	429	4921	4486	4e-180	 639
P_ovale_1044_454D7new_gc247_#1	gi|63022270|gb|AY598082.1|	93.81	436	20	7	1	429	4921	4486	4e-180	 639
P_ovale_1044_454D7new_gc247_#1	gi|63022266|gb|AY598081.1|	93.81	436	20	7	1	429	4921	4486	4e-180	 639
P_ovale_1044_454D7new_gc247_#1	gi|63022262|gb|AY598080.1|	93.81	436	20	7	1	429	4921	4486	4e-180	 639
P_ovale_1044_454D7new_gc247_#1	gi|63022258|gb|AY598079.1|	93.81	436	20	7	1	429	4921	4486	4e-180	 639
P_ovale_1044_454D7new_gc247_#1	gi|63022254|gb|AY598078.1|	93.81	436	20	7	1	429	4921	4486	4e-180	 639
P_ovale_1044_454D7new_gc247_#1	gi|63022250|gb|AY598077.1|	93.81	436	20	7	1	429	4921	4486	4e-180	 639
P_ovale_1044_454D7new_gc247_#1	gi|63022246|gb|AY598076.1|	93.81	436	20	7	1	429	4921	4486	4e-180	 639
# BLASTN 2.2.23+
# Query:  p_malariae_2007_454D7new_gc240_#1
# Database: /home/rohinis/blastdb/blast_nt/nt
# Fields: query id, subject id, % identity, alignment length, mismatches, gap opens, q. start, q. end, s. start, s. end, evalue, bit score
# 100 hits found
p_malariae_2007_454D7new_gc240_#1	gi|289511378|gb|GQ355486.1|	98.14	429	1	7	1	422	4333	3905	0.0	 713
p_malariae_2007_454D7new_gc240_#1	gi|289511374|gb|GQ355485.1|	98.14	429	1	7	1	422	4333	3905	0.0	 713
p_malariae_2007_454D7new_gc240_#1	gi|289511370|gb|GQ355484.1|	98.14	429	1	7	1	422	4290	3862	0.0	 713
p_malariae_2007_454D7new_gc240_#1	gi|262072830|dbj|AB489194.1|	98.14	429	1	7	1	422	4852	4424	0.0	 713
p_malariae_2007_454D7new_gc240_#1	gi|262072826|dbj|AB489193.1|	98.14	429	1	7	1	422	4949	4521	0.0	 713
p_malariae_2007_454D7new_gc240_#1	gi|262072822|dbj|AB489192.1|	98.14	429	1	7	1	422	4854	4426	0.0	 713
p_malariae_2007_454D7new_gc240_#1	gi|195976602|dbj|AB354570.1|	98.14	429	1	7	1	422	4841	4413	0.0	 713
p_malariae_2007_454D7new_gc240_#1	gi|307100833|gb|HM235345.1|	97.67	429	3	7	1	422	2580	2152	0.0	 704
p_malariae_2007_454D7new_gc240_#1	gi|6110459|gb|AF182848.1|AF182848	98.29	350	1	5	78	422	1566	1217	2e-164	 587
p_malariae_2007_454D7new_gc240_#1	gi|195976606|dbj|AB354571.1|	90.80	435	27	8	1	422	4838	4404	3e-162	 580
p_malariae_2007_454D7new_gc240_#1	gi|49175788|gb|AY598141.1|	90.53	433	30	8	1	422	4888	4456	2e-159	 571
p_malariae_2007_454D7new_gc240_#1	gi|289511362|gb|GQ355482.1|	89.91	436	30	7	1	422	4430	3995	6e-159	 569
p_malariae_2007_454D7new_gc240_#1	gi|63022450|gb|AY598127.1|	89.91	436	30	7	1	422	4922	4487	6e-159	 569
p_malariae_2007_454D7new_gc240_#1	gi|63022230|gb|AY598072.1|	89.91	436	30	7	1	422	4920	4485	6e-159	 569
p_malariae_2007_454D7new_gc240_#1	gi|63022210|gb|AY598067.1|	90.14	436	29	8	1	422	4922	4487	6e-159	 569
p_malariae_2007_454D7new_gc240_#1	gi|63022206|gb|AY598066.1|	89.91	436	30	7	1	422	4916	4481	6e-159	 569
p_malariae_2007_454D7new_gc240_#1	gi|63022202|gb|AY598065.1|	89.91	436	30	7	1	422	4921	4486	6e-159	 569
p_malariae_2007_454D7new_gc240_#1	gi|63022190|gb|AY598062.1|	89.91	436	30	7	1	422	4921	4486	6e-159	 569
p_malariae_2007_454D7new_gc240_#1	gi|63022174|gb|AY598058.1|	89.91	436	30	7	1	422	4921	4486	6e-159	 569
p_malariae_2007_454D7new_gc240_#1	gi|63022170|gb|AY598057.1|	89.91	436	30	7	1	422	4920	4485	6e-159	 569
p_malariae_2007_454D7new_gc240_#1	gi|63022166|gb|AY598056.1|	89.91	436	30	7	1	422	4921	4486	6e-159	 569
p_malariae_2007_454D7new_gc240_#1	gi|63022154|gb|AY598053.1|	89.91	436	30	7	1	422	4922	4487	6e-159	 569
p_malariae_2007_454D7new_gc240_#1	gi|63022150|gb|AY598052.1|	89.91	436	30	7	1	422	4921	4486	6e-159	 569
p_malariae_2007_454D7new_gc240_#1	gi|63022130|gb|AY598047.1|	89.91	436	30	7	1	422	4920	4485	6e-159	 569
p_malariae_2007_454D7new_gc240_#1	gi|63022126|gb|AY598046.1|	89.91	436	30	7	1	422	4920	4485	6e-159	 569
p_malariae_2007_454D7new_gc240_#1	gi|63022122|gb|AY598045.1|	89.91	436	30	7	1	422	4922	4487	6e-159	 569
p_malariae_2007_454D7new_gc240_#1	gi|63022118|gb|AY598044.1|	89.91	436	30	7	1	422	4922	4487	6e-159	 569
p_malariae_2007_454D7new_gc240_#1	gi|63022114|gb|AY598043.1|	89.91	436	30	7	1	422	4921	4486	6e-159	 569
p_malariae_2007_454D7new_gc240_#1	gi|63022110|gb|AY598042.1|	89.91	436	30	7	1	422	4920	4485	6e-159	 569
p_malariae_2007_454D7new_gc240_#1	gi|63022090|gb|AY598037.1|	89.91	436	30	7	1	422	4922	4487	6e-159	 569
p_malariae_2007_454D7new_gc240_#1	gi|63022082|gb|AY598035.1|	89.91	436	30	7	1	422	4922	4487	6e-159	 569
p_malariae_2007_454D7new_gc240_#1	gi|55743844|gb|AY791687.1|	90.14	436	29	8	1	422	4334	3899	6e-159	 569
p_malariae_2007_454D7new_gc240_#1	gi|55743724|gb|AY791657.1|	89.91	436	30	7	1	422	4334	3899	6e-159	 569
p_malariae_2007_454D7new_gc240_#1	gi|55743692|gb|AY791649.1|	90.14	436	29	8	1	422	4334	3899	6e-159	 569
p_malariae_2007_454D7new_gc240_#1	gi|307100699|gb|HM235311.1|	89.68	436	31	7	1	422	2602	2167	8e-158	 565
p_malariae_2007_454D7new_gc240_#1	gi|290965471|dbj|AB444108.1|	90.30	433	31	8	1	422	4889	4457	8e-158	 565
p_malariae_2007_454D7new_gc240_#1	gi|290965467|dbj|AB444107.1|	90.30	433	31	8	1	422	4889	4457	8e-158	 565
p_malariae_2007_454D7new_gc240_#1	gi|290965463|dbj|AB444106.1|	90.30	433	31	8	1	422	4888	4456	8e-158	 565
p_malariae_2007_454D7new_gc240_#1	gi|290965207|dbj|AB444135.1|	89.68	436	31	7	1	422	4909	4474	8e-158	 565
p_malariae_2007_454D7new_gc240_#1	gi|215398367|gb|EU880498.1|	90.30	433	31	8	1	422	4159	3727	8e-158	 565
p_malariae_2007_454D7new_gc240_#1	gi|215398363|gb|EU880497.1|	90.30	433	31	8	1	422	4160	3728	8e-158	 565
p_malariae_2007_454D7new_gc240_#1	gi|215398359|gb|EU880496.1|	90.30	433	31	8	1	422	4158	3726	8e-158	 565
p_malariae_2007_454D7new_gc240_#1	gi|215398355|gb|EU880495.1|	90.30	433	31	8	1	422	4159	3727	8e-158	 565
p_malariae_2007_454D7new_gc240_#1	gi|215398347|gb|EU880493.1|	90.30	433	31	8	1	422	4159	3727	8e-158	 565
p_malariae_2007_454D7new_gc240_#1	gi|215398339|gb|EU880491.1|	90.30	433	31	8	1	422	4159	3727	8e-158	 565
p_malariae_2007_454D7new_gc240_#1	gi|215398335|gb|EU880490.1|	90.30	433	31	8	1	422	4159	3727	8e-158	 565
p_malariae_2007_454D7new_gc240_#1	gi|215398331|gb|EU880489.1|	90.30	433	31	8	1	422	4159	3727	8e-158	 565
p_malariae_2007_454D7new_gc240_#1	gi|215398327|gb|EU880488.1|	90.30	433	31	8	1	422	4159	3727	8e-158	 565
p_malariae_2007_454D7new_gc240_#1	gi|215398311|gb|EU880484.1|	90.30	433	31	8	1	422	4159	3727	8e-158	 565
p_malariae_2007_454D7new_gc240_#1	gi|215398307|gb|EU880483.1|	90.30	433	31	8	1	422	4160	3728	8e-158	 565
p_malariae_2007_454D7new_gc240_#1	gi|215398295|gb|EU880480.1|	90.30	433	31	8	1	422	4160	3728	8e-158	 565
p_malariae_2007_454D7new_gc240_#1	gi|215398279|gb|EU880476.1|	90.30	433	31	8	1	422	4158	3726	8e-158	 565
p_malariae_2007_454D7new_gc240_#1	gi|215398275|gb|EU880475.1|	90.30	433	31	8	1	422	4157	3725	8e-158	 565
p_malariae_2007_454D7new_gc240_#1	gi|215398263|gb|EU880472.1|	90.30	433	31	8	1	422	4159	3727	8e-158	 565
p_malariae_2007_454D7new_gc240_#1	gi|215398255|gb|EU880470.1|	90.30	433	31	8	1	422	4159	3727	8e-158	 565
p_malariae_2007_454D7new_gc240_#1	gi|215398243|gb|EU880467.1|	90.30	433	31	8	1	422	4159	3727	8e-158	 565
p_malariae_2007_454D7new_gc240_#1	gi|215398239|gb|EU880466.1|	90.30	433	31	8	1	422	4159	3727	8e-158	 565
p_malariae_2007_454D7new_gc240_#1	gi|215398235|gb|EU880465.1|	90.30	433	31	8	1	422	4160	3728	8e-158	 565
p_malariae_2007_454D7new_gc240_#1	gi|215398227|gb|EU880463.1|	90.30	433	31	8	1	422	4158	3726	8e-158	 565
p_malariae_2007_454D7new_gc240_#1	gi|215398223|gb|EU880462.1|	90.30	433	31	8	1	422	4160	3728	8e-158	 565
p_malariae_2007_454D7new_gc240_#1	gi|215398219|gb|EU880461.1|	90.30	433	31	8	1	422	4160	3728	8e-158	 565
p_malariae_2007_454D7new_gc240_#1	gi|215398215|gb|EU880460.1|	90.30	433	31	8	1	422	4160	3728	8e-158	 565
p_malariae_2007_454D7new_gc240_#1	gi|215398211|gb|EU880459.1|	90.30	433	31	8	1	422	4159	3727	8e-158	 565
p_malariae_2007_454D7new_gc240_#1	gi|215398203|gb|EU880457.1|	90.30	433	31	8	1	422	4159	3727	8e-158	 565
p_malariae_2007_454D7new_gc240_#1	gi|215398195|gb|EU880455.1|	90.30	433	31	8	1	422	4160	3728	8e-158	 565
p_malariae_2007_454D7new_gc240_#1	gi|215398191|gb|EU880454.1|	90.30	433	31	8	1	422	4160	3728	8e-158	 565
p_malariae_2007_454D7new_gc240_#1	gi|215398183|gb|EU880452.1|	90.30	433	31	8	1	422	4159	3727	8e-158	 565
p_malariae_2007_454D7new_gc240_#1	gi|215398179|gb|EU880451.1|	90.30	433	31	8	1	422	4159	3727	8e-158	 565
p_malariae_2007_454D7new_gc240_#1	gi|215398171|gb|EU880449.1|	90.30	433	31	8	1	422	4159	3727	8e-158	 565
p_malariae_2007_454D7new_gc240_#1	gi|215398167|gb|EU880448.1|	90.30	433	31	8	1	422	4160	3728	8e-158	 565
p_malariae_2007_454D7new_gc240_#1	gi|215398159|gb|EU880446.1|	90.30	433	31	8	1	422	4159	3727	8e-158	 565
p_malariae_2007_454D7new_gc240_#1	gi|3088633|gb|AF055587.1|	89.68	436	31	7	1	422	4921	4486	8e-158	 565
p_malariae_2007_454D7new_gc240_#1	gi|63022502|gb|AY598140.1|	89.68	436	31	7	1	422	4921	4486	8e-158	 565
p_malariae_2007_454D7new_gc240_#1	gi|63022446|gb|AY598126.1|	89.68	436	31	7	1	422	4921	4486	8e-158	 565
p_malariae_2007_454D7new_gc240_#1	gi|63022442|gb|AY598125.1|	89.68	436	31	7	1	422	4922	4487	8e-158	 565
p_malariae_2007_454D7new_gc240_#1	gi|63022438|gb|AY598124.1|	89.68	436	31	7	1	422	4921	4486	8e-158	 565
p_malariae_2007_454D7new_gc240_#1	gi|63022434|gb|AY598123.1|	89.68	436	31	7	1	422	4921	4486	8e-158	 565
p_malariae_2007_454D7new_gc240_#1	gi|63022430|gb|AY598122.1|	89.68	436	31	7	1	422	4921	4486	8e-158	 565
p_malariae_2007_454D7new_gc240_#1	gi|63022418|gb|AY598119.1|	89.91	436	30	8	1	422	4922	4487	8e-158	 565
p_malariae_2007_454D7new_gc240_#1	gi|63022414|gb|AY598118.1|	89.68	436	31	7	1	422	4923	4488	8e-158	 565
p_malariae_2007_454D7new_gc240_#1	gi|63022410|gb|AY598117.1|	89.68	436	31	7	1	422	4922	4487	8e-158	 565
p_malariae_2007_454D7new_gc240_#1	gi|63022406|gb|AY598116.1|	89.68	436	31	7	1	422	4923	4488	8e-158	 565
p_malariae_2007_454D7new_gc240_#1	gi|63022402|gb|AY598115.1|	89.68	436	31	7	1	422	4921	4486	8e-158	 565
p_malariae_2007_454D7new_gc240_#1	gi|63022398|gb|AY598114.1|	89.68	436	31	7	1	422	4922	4487	8e-158	 565
p_malariae_2007_454D7new_gc240_#1	gi|63022394|gb|AY598113.1|	89.68	436	31	7	1	422	4922	4487	8e-158	 565
p_malariae_2007_454D7new_gc240_#1	gi|63022390|gb|AY598112.1|	89.68	436	31	7	1	422	4921	4486	8e-158	 565
p_malariae_2007_454D7new_gc240_#1	gi|63022386|gb|AY598111.1|	89.68	436	31	7	1	422	4921	4486	8e-158	 565
p_malariae_2007_454D7new_gc240_#1	gi|63022382|gb|AY598110.1|	89.68	436	31	7	1	422	4922	4487	8e-158	 565
p_malariae_2007_454D7new_gc240_#1	gi|63022378|gb|AY598109.1|	89.68	436	31	7	1	422	4922	4487	8e-158	 565
p_malariae_2007_454D7new_gc240_#1	gi|63022330|gb|AY598097.1|	89.68	436	31	7	1	422	4921	4486	8e-158	 565
p_malariae_2007_454D7new_gc240_#1	gi|63022326|gb|AY598096.1|	89.68	436	31	7	1	422	4922	4487	8e-158	 565
p_malariae_2007_454D7new_gc240_#1	gi|63022322|gb|AY598095.1|	89.68	436	31	7	1	422	4921	4486	8e-158	 565
p_malariae_2007_454D7new_gc240_#1	gi|63022318|gb|AY598094.1|	89.68	436	31	7	1	422	4922	4487	8e-158	 565
p_malariae_2007_454D7new_gc240_#1	gi|63022314|gb|AY598093.1|	89.68	436	31	7	1	422	4921	4486	8e-158	 565
p_malariae_2007_454D7new_gc240_#1	gi|63022310|gb|AY598092.1|	89.68	436	31	7	1	422	4921	4486	8e-158	 565
p_malariae_2007_454D7new_gc240_#1	gi|63022306|gb|AY598091.1|	89.68	436	31	7	1	422	4921	4486	8e-158	 565
p_malariae_2007_454D7new_gc240_#1	gi|63022302|gb|AY598090.1|	89.68	436	31	7	1	422	4922	4487	8e-158	 565
p_malariae_2007_454D7new_gc240_#1	gi|63022298|gb|AY598089.1|	89.68	436	31	7	1	422	4921	4486	8e-158	 565
p_malariae_2007_454D7new_gc240_#1	gi|63022294|gb|AY598088.1|	89.68	436	31	7	1	422	4921	4486	8e-158	 565
p_malariae_2007_454D7new_gc240_#1	gi|63022290|gb|AY598087.1|	89.68	436	31	7	1	422	4921	4486	8e-158	 565
# BLASTN 2.2.23+
# Query:  p_malariae_1302_454D7new_gc240_#1
# Database: /home/rohinis/blastdb/blast_nt/nt
# Fields: query id, subject id, % identity, alignment length, mismatches, gap opens, q. start, q. end, s. start, s. end, evalue, bit score
# 100 hits found
p_malariae_1302_454D7new_gc240_#1	gi|289511378|gb|GQ355486.1|	98.14	430	3	5	1	426	4333	3905	0.0	 722
p_malariae_1302_454D7new_gc240_#1	gi|289511374|gb|GQ355485.1|	98.14	430	3	5	1	426	4333	3905	0.0	 722
p_malariae_1302_454D7new_gc240_#1	gi|289511370|gb|GQ355484.1|	98.14	430	3	5	1	426	4290	3862	0.0	 722
p_malariae_1302_454D7new_gc240_#1	gi|262072830|dbj|AB489194.1|	98.14	430	3	5	1	426	4852	4424	0.0	 722
p_malariae_1302_454D7new_gc240_#1	gi|262072826|dbj|AB489193.1|	98.14	430	3	5	1	426	4949	4521	0.0	 722
p_malariae_1302_454D7new_gc240_#1	gi|262072822|dbj|AB489192.1|	98.14	430	3	5	1	426	4854	4426	0.0	 722
p_malariae_1302_454D7new_gc240_#1	gi|195976602|dbj|AB354570.1|	98.14	430	3	5	1	426	4841	4413	0.0	 722
p_malariae_1302_454D7new_gc240_#1	gi|307100833|gb|HM235345.1|	97.67	430	5	5	1	426	2580	2152	0.0	 713
p_malariae_1302_454D7new_gc240_#1	gi|195976606|dbj|AB354571.1|	90.83	436	29	6	1	426	4838	4404	7e-165	 589
p_malariae_1302_454D7new_gc240_#1	gi|6110459|gb|AF182848.1|AF182848	97.72	351	3	5	80	426	1566	1217	3e-162	 580
p_malariae_1302_454D7new_gc240_#1	gi|290965207|dbj|AB444135.1|	89.93	437	32	5	1	426	4909	4474	1e-161	 578
p_malariae_1302_454D7new_gc240_#1	gi|290965211|dbj|AB444136.1|	89.70	437	33	5	1	426	4908	4473	1e-160	 574
p_malariae_1302_454D7new_gc240_#1	gi|290965203|dbj|AB444134.1|	89.70	437	33	5	1	426	4908	4473	1e-160	 574
p_malariae_1302_454D7new_gc240_#1	gi|63022418|gb|AY598119.1|	89.93	437	32	6	1	426	4922	4487	1e-160	 574
p_malariae_1302_454D7new_gc240_#1	gi|57547688|gb|AY722799.1|	89.70	437	33	5	1	426	4908	4473	1e-160	 574
p_malariae_1302_454D7new_gc240_#1	gi|55743796|gb|AY791675.1|	89.93	437	32	6	1	426	4334	3899	1e-160	 574
p_malariae_1302_454D7new_gc240_#1	gi|307100699|gb|HM235311.1|	88.56	437	38	4	1	426	2602	2167	4e-155	 556
p_malariae_1302_454D7new_gc240_#1	gi|3088633|gb|AF055587.1|	88.56	437	38	4	1	426	4921	4486	4e-155	 556
p_malariae_1302_454D7new_gc240_#1	gi|63022502|gb|AY598140.1|	88.56	437	38	4	1	426	4921	4486	4e-155	 556
p_malariae_1302_454D7new_gc240_#1	gi|63022446|gb|AY598126.1|	88.56	437	38	4	1	426	4921	4486	4e-155	 556
p_malariae_1302_454D7new_gc240_#1	gi|63022442|gb|AY598125.1|	88.56	437	38	4	1	426	4922	4487	4e-155	 556
p_malariae_1302_454D7new_gc240_#1	gi|63022438|gb|AY598124.1|	88.56	437	38	4	1	426	4921	4486	4e-155	 556
p_malariae_1302_454D7new_gc240_#1	gi|63022434|gb|AY598123.1|	88.56	437	38	4	1	426	4921	4486	4e-155	 556
p_malariae_1302_454D7new_gc240_#1	gi|63022430|gb|AY598122.1|	88.56	437	38	4	1	426	4921	4486	4e-155	 556
p_malariae_1302_454D7new_gc240_#1	gi|63022414|gb|AY598118.1|	88.56	437	38	4	1	426	4923	4488	4e-155	 556
p_malariae_1302_454D7new_gc240_#1	gi|63022410|gb|AY598117.1|	88.56	437	38	4	1	426	4922	4487	4e-155	 556
p_malariae_1302_454D7new_gc240_#1	gi|63022406|gb|AY598116.1|	88.56	437	38	4	1	426	4923	4488	4e-155	 556
p_malariae_1302_454D7new_gc240_#1	gi|63022402|gb|AY598115.1|	88.56	437	38	4	1	426	4921	4486	4e-155	 556
p_malariae_1302_454D7new_gc240_#1	gi|63022398|gb|AY598114.1|	88.56	437	38	4	1	426	4922	4487	4e-155	 556
p_malariae_1302_454D7new_gc240_#1	gi|63022394|gb|AY598113.1|	88.56	437	38	4	1	426	4922	4487	4e-155	 556
p_malariae_1302_454D7new_gc240_#1	gi|63022390|gb|AY598112.1|	88.56	437	38	4	1	426	4921	4486	4e-155	 556
p_malariae_1302_454D7new_gc240_#1	gi|63022386|gb|AY598111.1|	88.56	437	38	4	1	426	4921	4486	4e-155	 556
p_malariae_1302_454D7new_gc240_#1	gi|63022382|gb|AY598110.1|	88.56	437	38	4	1	426	4922	4487	4e-155	 556
p_malariae_1302_454D7new_gc240_#1	gi|63022378|gb|AY598109.1|	88.56	437	38	4	1	426	4922	4487	4e-155	 556
p_malariae_1302_454D7new_gc240_#1	gi|63022330|gb|AY598097.1|	88.56	437	38	4	1	426	4921	4486	4e-155	 556
p_malariae_1302_454D7new_gc240_#1	gi|63022326|gb|AY598096.1|	88.56	437	38	4	1	426	4922	4487	4e-155	 556
p_malariae_1302_454D7new_gc240_#1	gi|63022322|gb|AY598095.1|	88.56	437	38	4	1	426	4921	4486	4e-155	 556
p_malariae_1302_454D7new_gc240_#1	gi|63022318|gb|AY598094.1|	88.56	437	38	4	1	426	4922	4487	4e-155	 556
p_malariae_1302_454D7new_gc240_#1	gi|63022314|gb|AY598093.1|	88.56	437	38	4	1	426	4921	4486	4e-155	 556
p_malariae_1302_454D7new_gc240_#1	gi|63022310|gb|AY598092.1|	88.56	437	38	4	1	426	4921	4486	4e-155	 556
p_malariae_1302_454D7new_gc240_#1	gi|63022306|gb|AY598091.1|	88.56	437	38	4	1	426	4921	4486	4e-155	 556
p_malariae_1302_454D7new_gc240_#1	gi|63022302|gb|AY598090.1|	88.56	437	38	4	1	426	4922	4487	4e-155	 556
p_malariae_1302_454D7new_gc240_#1	gi|63022298|gb|AY598089.1|	88.56	437	38	4	1	426	4921	4486	4e-155	 556
p_malariae_1302_454D7new_gc240_#1	gi|63022294|gb|AY598088.1|	88.56	437	38	4	1	426	4921	4486	4e-155	 556
p_malariae_1302_454D7new_gc240_#1	gi|63022290|gb|AY598087.1|	88.56	437	38	4	1	426	4921	4486	4e-155	 556
p_malariae_1302_454D7new_gc240_#1	gi|63022286|gb|AY598086.1|	88.56	437	38	4	1	426	4921	4486	4e-155	 556
p_malariae_1302_454D7new_gc240_#1	gi|63022282|gb|AY598085.1|	88.56	437	38	4	1	426	4921	4486	4e-155	 556
p_malariae_1302_454D7new_gc240_#1	gi|63022278|gb|AY598084.1|	88.56	437	38	4	1	426	4921	4486	4e-155	 556
p_malariae_1302_454D7new_gc240_#1	gi|63022274|gb|AY598083.1|	88.56	437	38	4	1	426	4921	4486	4e-155	 556
p_malariae_1302_454D7new_gc240_#1	gi|63022270|gb|AY598082.1|	88.56	437	38	4	1	426	4921	4486	4e-155	 556
p_malariae_1302_454D7new_gc240_#1	gi|63022266|gb|AY598081.1|	88.56	437	38	4	1	426	4921	4486	4e-155	 556
p_malariae_1302_454D7new_gc240_#1	gi|63022262|gb|AY598080.1|	88.56	437	38	4	1	426	4921	4486	4e-155	 556
p_malariae_1302_454D7new_gc240_#1	gi|63022258|gb|AY598079.1|	88.56	437	38	4	1	426	4921	4486	4e-155	 556
p_malariae_1302_454D7new_gc240_#1	gi|63022254|gb|AY598078.1|	88.56	437	38	4	1	426	4921	4486	4e-155	 556
p_malariae_1302_454D7new_gc240_#1	gi|63022250|gb|AY598077.1|	88.56	437	38	4	1	426	4921	4486	4e-155	 556
p_malariae_1302_454D7new_gc240_#1	gi|63022246|gb|AY598076.1|	88.56	437	38	4	1	426	4921	4486	4e-155	 556
p_malariae_1302_454D7new_gc240_#1	gi|63022242|gb|AY598075.1|	88.56	437	38	4	1	426	4921	4486	4e-155	 556
p_malariae_1302_454D7new_gc240_#1	gi|63022238|gb|AY598074.1|	88.56	437	38	4	1	426	4921	4486	4e-155	 556
p_malariae_1302_454D7new_gc240_#1	gi|63022226|gb|AY598071.1|	88.56	437	38	4	1	426	4922	4487	4e-155	 556
p_malariae_1302_454D7new_gc240_#1	gi|63022222|gb|AY598070.1|	88.56	437	38	4	1	426	4923	4488	4e-155	 556
p_malariae_1302_454D7new_gc240_#1	gi|63022218|gb|AY598069.1|	88.56	437	38	4	1	426	4920	4485	4e-155	 556
p_malariae_1302_454D7new_gc240_#1	gi|63022214|gb|AY598068.1|	88.56	437	38	4	1	426	4922	4487	4e-155	 556
p_malariae_1302_454D7new_gc240_#1	gi|63022198|gb|AY598064.1|	88.56	437	38	4	1	426	4923	4488	4e-155	 556
p_malariae_1302_454D7new_gc240_#1	gi|63022186|gb|AY598061.1|	88.56	437	38	4	1	426	4923	4488	4e-155	 556
p_malariae_1302_454D7new_gc240_#1	gi|63022182|gb|AY598060.1|	88.56	437	38	4	1	426	4922	4487	4e-155	 556
p_malariae_1302_454D7new_gc240_#1	gi|63022178|gb|AY598059.1|	88.56	437	38	4	1	426	4921	4486	4e-155	 556
p_malariae_1302_454D7new_gc240_#1	gi|63022162|gb|AY598055.1|	88.56	437	38	4	1	426	4922	4487	4e-155	 556
p_malariae_1302_454D7new_gc240_#1	gi|63022158|gb|AY598054.1|	88.56	437	38	4	1	426	4922	4487	4e-155	 556
p_malariae_1302_454D7new_gc240_#1	gi|63022146|gb|AY598051.1|	88.56	437	38	4	1	426	4923	4488	4e-155	 556
p_malariae_1302_454D7new_gc240_#1	gi|63022138|gb|AY598049.1|	88.56	437	38	4	1	426	4922	4487	4e-155	 556
p_malariae_1302_454D7new_gc240_#1	gi|63022134|gb|AY598048.1|	88.56	437	38	4	1	426	4923	4488	4e-155	 556
p_malariae_1302_454D7new_gc240_#1	gi|63022106|gb|AY598041.1|	88.56	437	38	4	1	426	4925	4490	4e-155	 556
p_malariae_1302_454D7new_gc240_#1	gi|63022102|gb|AY598040.1|	88.56	437	38	4	1	426	4922	4487	4e-155	 556
p_malariae_1302_454D7new_gc240_#1	gi|63022094|gb|AY598038.1|	88.56	437	38	4	1	426	4922	4487	4e-155	 556
p_malariae_1302_454D7new_gc240_#1	gi|63022086|gb|AY598036.1|	88.56	437	38	4	1	426	4921	4486	4e-155	 556
p_malariae_1302_454D7new_gc240_#1	gi|57547684|gb|AY722798.1|	88.56	437	38	4	1	426	4921	4486	4e-155	 556
p_malariae_1302_454D7new_gc240_#1	gi|56608579|gb|AY800110.1|	88.56	437	38	4	1	426	4352	3917	4e-155	 556
p_malariae_1302_454D7new_gc240_#1	gi|55743864|gb|AY791692.1|	88.56	437	38	4	1	426	4334	3899	4e-155	 556
p_malariae_1302_454D7new_gc240_#1	gi|55743860|gb|AY791691.1|	88.56	437	38	4	1	426	4334	3899	4e-155	 556
p_malariae_1302_454D7new_gc240_#1	gi|55743852|gb|AY791689.1|	88.56	437	38	4	1	426	4334	3899	4e-155	 556
p_malariae_1302_454D7new_gc240_#1	gi|55743848|gb|AY791688.1|	88.56	437	38	4	1	426	4334	3899	4e-155	 556
p_malariae_1302_454D7new_gc240_#1	gi|55743840|gb|AY791686.1|	88.56	437	38	4	1	426	4334	3899	4e-155	 556
p_malariae_1302_454D7new_gc240_#1	gi|55743832|gb|AY791684.1|	88.56	437	38	4	1	426	4334	3899	4e-155	 556
p_malariae_1302_454D7new_gc240_#1	gi|55743828|gb|AY791683.1|	88.56	437	38	4	1	426	4334	3899	4e-155	 556
p_malariae_1302_454D7new_gc240_#1	gi|55743824|gb|AY791682.1|	88.56	437	38	4	1	426	4334	3899	4e-155	 556
p_malariae_1302_454D7new_gc240_#1	gi|55743820|gb|AY791681.1|	88.56	437	38	4	1	426	4334	3899	4e-155	 556
p_malariae_1302_454D7new_gc240_#1	gi|55743816|gb|AY791680.1|	88.56	437	38	4	1	426	4334	3899	4e-155	 556
p_malariae_1302_454D7new_gc240_#1	gi|55743812|gb|AY791679.1|	88.56	437	38	4	1	426	4334	3899	4e-155	 556
p_malariae_1302_454D7new_gc240_#1	gi|55743808|gb|AY791678.1|	88.56	437	38	4	1	426	4334	3899	4e-155	 556
p_malariae_1302_454D7new_gc240_#1	gi|55743804|gb|AY791677.1|	88.56	437	38	4	1	426	4334	3899	4e-155	 556
p_malariae_1302_454D7new_gc240_#1	gi|55743800|gb|AY791676.1|	88.56	437	38	4	1	426	4334	3899	4e-155	 556
p_malariae_1302_454D7new_gc240_#1	gi|55743792|gb|AY791674.1|	88.56	437	38	4	1	426	4334	3899	4e-155	 556
p_malariae_1302_454D7new_gc240_#1	gi|55743788|gb|AY791673.1|	88.56	437	38	4	1	426	4334	3899	4e-155	 556
p_malariae_1302_454D7new_gc240_#1	gi|55743784|gb|AY791672.1|	88.56	437	38	4	1	426	4334	3899	4e-155	 556
p_malariae_1302_454D7new_gc240_#1	gi|55743780|gb|AY791671.1|	88.56	437	38	4	1	426	4334	3899	4e-155	 556
p_malariae_1302_454D7new_gc240_#1	gi|55743776|gb|AY791670.1|	88.56	437	38	4	1	426	4334	3899	4e-155	 556
p_malariae_1302_454D7new_gc240_#1	gi|55743772|gb|AY791669.1|	88.56	437	38	4	1	426	4334	3899	4e-155	 556
p_malariae_1302_454D7new_gc240_#1	gi|55743768|gb|AY791668.1|	88.56	437	38	4	1	426	4334	3899	4e-155	 556
p_malariae_1302_454D7new_gc240_#1	gi|55743764|gb|AY791667.1|	88.56	437	38	4	1	426	4334	3899	4e-155	 556
p_malariae_1302_454D7new_gc240_#1	gi|55743756|gb|AY791665.1|	88.56	437	38	4	1	426	4334	3899	4e-155	 556
